%
% index = 1830, name = bbob_f002_i02_d05__bbob_f008_i04_d05
% instance = 1, reference value = 9.998030296914900e-01
% function evaluation | indicator value | target hit
1	1.276957832277490e+00	1.288249551693134e+00
27	1.255410273054990e+00	1.258925411794167e+00
29	1.192467744627490e+00	1.202264434617413e+00
40	1.096170117012990e+00	1.096478196143185e+00
51	9.716787741171602e-01	9.772372209558107e-01
62	8.618774475623547e-01	8.709635899560807e-01
73	7.591652255966136e-01	7.762471166286917e-01
84	7.060352112330457e-01	7.079457843841379e-01
95	6.493263362592613e-01	6.606934480075960e-01
106	5.684710676830599e-01	5.754399373371569e-01
117	4.944980210250659e-01	5.011872336272722e-01
128	4.273300980191239e-01	4.365158322401660e-01
139	3.903221149252237e-01	3.981071705534972e-01
150	3.666731662883413e-01	3.715352290971726e-01
161	3.153182152427340e-01	3.162277660168379e-01
172	2.664341518279127e-01	2.691534803926916e-01
183	2.296626130074940e-01	2.344228815319922e-01
194	1.934476349850022e-01	1.949844599758045e-01
205	1.722803653767613e-01	1.737800828749375e-01
216	1.537400628530821e-01	1.548816618912481e-01
227	1.351013792025221e-01	1.380384264602885e-01
238	1.143084372888771e-01	1.148153621496883e-01
249	1.008999787454813e-01	1.023292992280754e-01
260	9.403138341198236e-02	9.549925860214359e-02
271	8.689248108812553e-02	8.709635899560805e-02
282	7.440250757259992e-02	7.585775750291836e-02
293	6.485614243950977e-02	6.606934480075961e-02
304	6.168654635662607e-02	6.309573444801933e-02
315	5.912375036347961e-02	6.025595860743578e-02
326	5.351450907881261e-02	5.370317963702527e-02
337	4.686994527738919e-02	4.786300923226382e-02
348	4.074130216463212e-02	4.168693834703355e-02
359	3.620668136638827e-02	3.630780547701014e-02
370	3.382864266127106e-02	3.388441561392026e-02
381	3.149269219152284e-02	3.162277660168379e-02
392	3.010889871319644e-02	3.019951720402016e-02
403	2.919943522450719e-02	2.951209226666385e-02
414	2.602645049443941e-02	2.630267991895381e-02
425	1.913957948510192e-02	1.949844599758046e-02
436	1.519973650768347e-02	1.548816618912481e-02
447	1.322596494898476e-02	1.348962882591653e-02
458	1.232290817600357e-02	1.258925411794167e-02
469	9.815417085110245e-03	1.000000000000000e-02
480	6.473838752865557e-03	6.606934480075957e-03
491	5.512383547988664e-03	5.623413251903491e-03
502	5.333692160313097e-03	5.370317963702527e-03
513	4.934251101398113e-03	5.011872336272725e-03
524	4.432106995300722e-03	4.466835921509630e-03
535	4.207421125451694e-03	4.265795188015926e-03
546	4.060698209798153e-03	4.073802778041126e-03
568	3.960361302226767e-03	3.981071705534973e-03
579	3.871515343248144e-03	3.890451449942805e-03
590	3.736529495491081e-03	3.801893963205613e-03
601	2.934582826670917e-03	2.951209226666387e-03
612	2.441762887604337e-03	2.454708915685031e-03
623	2.322792311822974e-03	2.344228815319923e-03
634	2.130477174661638e-03	2.137962089502233e-03
656	2.012318038910665e-03	2.041737944669530e-03
667	1.945339355347575e-03	1.949844599758046e-03
700	1.901707612028458e-03	1.905460717963246e-03
722	1.658179529356874e-03	1.659586907437561e-03
733	1.600351910549858e-03	1.621810097358930e-03
766	1.571833521780031e-03	1.584893192461114e-03
799	1.541734346266699e-03	1.548816618912481e-03
2982	1.503462000002509e-03	1.513561248436209e-03
3404	1.464070043376009e-03	1.479108388168207e-03
4491	1.417176652994567e-03	1.445439770745928e-03
5923	1.399013469033039e-03	1.412537544622754e-03
14474	1.328824081242908e-03	1.348962882591653e-03
18753	1.039367169193839e-03	1.047128548050900e-03
28627	8.928624322493972e-04	9.120108393559096e-04
33711	8.268130086133141e-04	8.317637711026709e-04
41401	7.872007512712553e-04	7.943282347242813e-04
42342	7.502578088046663e-04	7.585775750291835e-04
49848	7.188141258580583e-04	7.244359600749898e-04
54344	6.863916941778347e-04	6.918309709189362e-04
57976	6.520420551057171e-04	6.606934480075957e-04
58502	6.212870680458726e-04	6.309573444801930e-04
67283	6.018000060145079e-04	6.025595860743575e-04
103397	5.883991226681706e-04	5.888436553555889e-04
185061	5.688764151555725e-04	5.754399373371566e-04
185144	5.518507981026044e-04	5.623413251903491e-04
185282	5.192464429919497e-04	5.248074602497728e-04
185431	4.597101159831141e-04	4.677351412871981e-04
185594	3.613142551384119e-04	3.630780547701014e-04
185629	3.544424228244525e-04	3.548133892335753e-04
185877	2.320162889087873e-04	2.344228815319923e-04
186089	2.204690232501250e-04	2.238721138568340e-04
186112	2.172951870976769e-04	2.187761623949552e-04
186114	2.091348577708541e-04	2.137962089502232e-04
186115	2.014436852042500e-04	2.041737944669530e-04
186116	1.976989269945051e-04	1.995262314968879e-04
186395	1.923159051099299e-04	1.949844599758046e-04
192059	1.901371963306531e-04	1.905460717963246e-04
192721	1.809304557883751e-04	1.819700858609983e-04
193260	1.773050244973096e-04	1.778279410038923e-04
271352	1.734428336598315e-04	1.737800828749376e-04
405637	1.698141980425172e-04	1.698243652461744e-04
416500	1.659279773926770e-04	1.659586907437562e-04
474954	1.615507085261925e-04	1.621810097358930e-04
500000	1.613099020453257e-04	1.621810097358930e-04
%
% index = 1831, name = bbob_f002_i03_d05__bbob_f008_i05_d05
% instance = 2, reference value = 9.985484678805709e-01
% function evaluation | indicator value | target hit
1	8.822747560036819e-01	8.912509381337456e-01
28	8.628683471185830e-01	8.709635899560807e-01
29	8.436474099893891e-01	8.511380382023764e-01
40	7.987166047856460e-01	8.128305161640993e-01
51	7.385400864394595e-01	7.413102413009175e-01
62	6.816810791540520e-01	6.918309709189365e-01
73	6.273408471755467e-01	6.309573444801932e-01
84	5.740996257878161e-01	5.754399373371569e-01
95	5.245028194067702e-01	5.248074602497725e-01
106	4.783135110702085e-01	4.786300923226383e-01
117	4.350522691526786e-01	4.365158322401660e-01
128	3.956747688014685e-01	3.981071705534972e-01
139	3.600066619804653e-01	3.630780547701014e-01
150	3.324831617437021e-01	3.388441561392025e-01
161	3.077399974897035e-01	3.090295432513591e-01
172	2.859498054613551e-01	2.884031503126606e-01
183	2.566046906343659e-01	2.570395782768864e-01
194	2.307714503302275e-01	2.344228815319922e-01
205	2.083628050845751e-01	2.089296130854039e-01
216	1.883313088998519e-01	1.905460717963247e-01
227	1.695224443478449e-01	1.698243652461744e-01
238	1.532162155879835e-01	1.548816618912481e-01
249	1.375665619618086e-01	1.380384264602885e-01
260	1.282684729166418e-01	1.288249551693134e-01
271	1.161361799735903e-01	1.174897554939529e-01
282	1.030968669137821e-01	1.047128548050900e-01
293	9.598267943561767e-02	9.772372209558107e-02
304	9.041142502206290e-02	9.120108393559097e-02
315	8.489559884463915e-02	8.511380382023763e-02
326	7.900725156609623e-02	7.943282347242814e-02
337	7.570952998986813e-02	7.585775750291836e-02
348	6.728095865436301e-02	6.760829753919818e-02
359	5.914534798580084e-02	6.025595860743578e-02
370	5.755370329077847e-02	5.888436553555890e-02
381	5.610473502909641e-02	5.623413251903491e-02
392	4.865104092542849e-02	4.897788193684462e-02
403	4.332431150295224e-02	4.365158322401658e-02
414	4.161232655884906e-02	4.168693834703355e-02
425	3.867423327243713e-02	3.890451449942807e-02
436	3.527367694104933e-02	3.548133892335755e-02
447	3.403551663617987e-02	3.467368504525317e-02
458	3.138952418721586e-02	3.162277660168379e-02
469	2.746360998988118e-02	2.754228703338166e-02
480	2.487974600923548e-02	2.511886431509579e-02
491	2.304919328562616e-02	2.344228815319923e-02
502	2.256103858714098e-02	2.290867652767773e-02
513	2.071088265879928e-02	2.089296130854040e-02
524	1.831097949022342e-02	1.862087136662868e-02
535	1.734506246853063e-02	1.737800828749375e-02
557	1.632979389114120e-02	1.659586907437561e-02
568	1.595042661151513e-02	1.621810097358930e-02
579	1.537897218314366e-02	1.548816618912481e-02
590	1.376745642442845e-02	1.380384264602885e-02
601	1.321440381198058e-02	1.348962882591653e-02
612	1.308738434843115e-02	1.318256738556407e-02
634	1.282668880266202e-02	1.288249551693134e-02
656	1.136942901183835e-02	1.148153621496883e-02
667	1.121033370338054e-02	1.122018454301964e-02
9104	1.096344945353334e-02	1.096478196143185e-02
21720	1.068280642238417e-02	1.071519305237606e-02
23496	1.034947707281331e-02	1.047128548050900e-02
30281	1.019997491291202e-02	1.023292992280754e-02
47932	9.870424864744320e-03	1.000000000000000e-02
185372	9.538493587573083e-03	9.549925860214359e-03
185678	9.079074579286139e-03	9.120108393559097e-03
186079	8.554927335109430e-03	8.709635899560805e-03
186766	7.602138805883341e-03	7.762471166286920e-03
187186	6.713014959644714e-03	6.760829753919818e-03
187563	5.888523055422645e-03	6.025595860743574e-03
187586	5.888384416390058e-03	5.888436553555890e-03
187929	5.114507118048173e-03	5.128613839913648e-03
188162	4.396839385910956e-03	4.466835921509630e-03
188507	3.744143848896986e-03	3.801893963205613e-03
188741	3.161816222398972e-03	3.162277660168379e-03
189027	2.644863717372714e-03	2.691534803926917e-03
189290	2.183464028591264e-03	2.187761623949552e-03
189564	1.772128953668073e-03	1.778279410038923e-03
189750	1.410290175542062e-03	1.412537544622754e-03
189947	1.099292829459753e-03	1.122018454301963e-03
190177	8.397009426146518e-04	8.511380382023768e-04
190575	6.299763154858917e-04	6.309573444801930e-04
190906	4.664168624929355e-04	4.677351412871981e-04
191216	3.439230007925564e-04	3.467368504525317e-04
191476	2.570164444917200e-04	2.570395782768865e-04
191780	2.005193434087005e-04	2.041737944669530e-04
192416	1.696074903271283e-04	1.698243652461744e-04
192881	1.591208136602074e-04	1.621810097358930e-04
193518	1.583036317143183e-04	1.584893192461114e-04
284304	1.539550279205937e-04	1.548816618912481e-04
292455	1.511735975099349e-04	1.513561248436209e-04
302877	1.469712518579191e-04	1.479108388168207e-04
320255	1.442976950896124e-04	1.445439770745928e-04
335348	1.402920312786327e-04	1.412537544622754e-04
335444	1.375667251901636e-04	1.380384264602885e-04
336261	1.337504280820578e-04	1.348962882591653e-04
337354	1.317229738662107e-04	1.318256738556407e-04
384881	1.286933132553791e-04	1.288249551693134e-04
500000	1.275934132496381e-04	1.288249551693134e-04
%
% index = 1832, name = bbob_f002_i07_d05__bbob_f008_i08_d05
% instance = 3, reference value = 9.998190629801810e-01
% function evaluation | indicator value | target hit
1	1.807682205826181e+00	1.819700858609983e+00
27	1.770605056040681e+00	1.778279410038923e+00
28	1.734123962394681e+00	1.737800828749375e+00
29	1.662925078261681e+00	1.698243652461744e+00
40	1.500529566471181e+00	1.513561248436208e+00
51	1.292125190198181e+00	1.318256738556407e+00
62	1.106917823571181e+00	1.122018454301963e+00
73	9.746579116963707e-01	9.772372209558107e-01
84	8.988646649290559e-01	9.120108393559098e-01
95	8.147558630135022e-01	8.317637711026710e-01
106	7.220189865152982e-01	7.244359600749900e-01
117	6.221576032453274e-01	6.309573444801932e-01
128	5.215503555194012e-01	5.248074602497725e-01
139	4.301849493452577e-01	4.365158322401660e-01
150	3.555903969972918e-01	3.630780547701014e-01
161	2.982169542446075e-01	3.019951720402016e-01
172	2.516852893062027e-01	2.570395782768864e-01
183	2.106652680054731e-01	2.137962089502232e-01
194	1.817720103448028e-01	1.819700858609984e-01
205	1.624987194742284e-01	1.659586907437560e-01
216	1.486991470309827e-01	1.513561248436208e-01
227	1.391019291595010e-01	1.412537544622754e-01
238	1.328092345240411e-01	1.348962882591654e-01
249	1.291010003297549e-01	1.318256738556407e-01
260	1.248040908378747e-01	1.258925411794167e-01
271	1.230147496959059e-01	1.230268770812381e-01
304	1.163065491739211e-01	1.174897554939529e-01
315	1.144239885026727e-01	1.148153621496883e-01
326	1.107661540719318e-01	1.122018454301964e-01
337	1.057736790401951e-01	1.071519305237607e-01
348	1.046371059945913e-01	1.047128548050900e-01
447	1.019176741064369e-01	1.023292992280754e-01
524	9.987424028212977e-02	1.000000000000000e-01
535	9.668019561941166e-02	9.772372209558107e-02
546	9.480401468475896e-02	9.549925860214359e-02
689	9.281314806882113e-02	9.332543007969910e-02
700	8.682611625496439e-02	8.709635899560805e-02
4317	8.498067173067503e-02	8.511380382023763e-02
4944	7.845166431364525e-02	7.943282347242814e-02
5558	7.251615125798305e-02	7.413102413009177e-02
6321	6.744658748387633e-02	6.760829753919818e-02
6670	6.578988047925161e-02	6.606934480075961e-02
6709	6.450984452641628e-02	6.456542290346556e-02
25582	5.911299882764631e-02	6.025595860743578e-02
25593	5.337690929153627e-02	5.370317963702527e-02
25604	4.762279088542742e-02	4.786300923226382e-02
25615	4.297059212727272e-02	4.365158322401658e-02
25626	3.892314271176089e-02	3.981071705534973e-02
25637	3.413395244560158e-02	3.467368504525317e-02
25648	3.085864321880838e-02	3.090295432513590e-02
25714	3.012640786848786e-02	3.019951720402016e-02
25736	2.918379501795065e-02	2.951209226666385e-02
25747	2.863782173859863e-02	2.884031503126606e-02
25758	2.802768372951991e-02	2.818382931264454e-02
25769	2.716709276904472e-02	2.754228703338166e-02
25780	2.589095948190390e-02	2.630267991895381e-02
25791	2.397006922385214e-02	2.398832919019490e-02
25802	2.258594425947447e-02	2.290867652767773e-02
25813	2.146596497831277e-02	2.187761623949553e-02
25824	1.918551467168905e-02	1.949844599758046e-02
25835	1.663574542224633e-02	1.698243652461744e-02
25846	1.624926320705922e-02	1.659586907437561e-02
25857	1.582886907196668e-02	1.584893192461113e-02
26594	1.547957316079773e-02	1.548816618912481e-02
34619	1.476862684918034e-02	1.479108388168207e-02
34841	1.435237686418478e-02	1.445439770745927e-02
35064	1.411124552264564e-02	1.412537544622754e-02
51715	1.335416003088830e-02	1.348962882591653e-02
51726	1.268042420293580e-02	1.288249551693134e-02
51737	1.194437749160260e-02	1.202264434617413e-02
51748	1.117618886392724e-02	1.122018454301964e-02
51759	1.035976153943652e-02	1.047128548050900e-02
51770	9.730435942698068e-03	9.772372209558112e-03
51781	9.069921945767057e-03	9.120108393559097e-03
51792	8.404049879430331e-03	8.511380382023767e-03
51803	7.670128334335335e-03	7.762471166286920e-03
51814	6.916078394997305e-03	6.918309709189363e-03
51825	6.024569797989376e-03	6.025595860743574e-03
51836	5.213576276081433e-03	5.248074602497728e-03
51847	4.376144413069993e-03	4.466835921509630e-03
51858	3.787427513581854e-03	3.801893963205613e-03
51869	3.229938388549791e-03	3.235936569296281e-03
51880	3.049114833230226e-03	3.090295432513592e-03
51891	2.853258118677759e-03	2.884031503126605e-03
51902	2.771411505485655e-03	2.818382931264455e-03
51913	2.675151324916691e-03	2.691534803926917e-03
51924	2.625723234010668e-03	2.630267991895381e-03
51946	2.521012938178191e-03	2.570395782768865e-03
51957	2.462453474274207e-03	2.511886431509579e-03
51968	2.397646786467145e-03	2.398832919019490e-03
51979	2.336512777452615e-03	2.344228815319923e-03
51990	2.289727531234242e-03	2.290867652767772e-03
52012	2.232109215879241e-03	2.238721138568340e-03
52056	2.181947927652361e-03	2.187761623949552e-03
52685	2.137530638042229e-03	2.137962089502233e-03
140819	2.086578929118343e-03	2.089296130854039e-03
152659	1.919038312029997e-03	1.949844599758046e-03
152914	1.643895679958929e-03	1.659586907437561e-03
153142	1.100224920938087e-03	1.122018454301963e-03
153564	1.096470647705239e-03	1.096478196143185e-03
153911	5.380351326212951e-04	5.495408738576248e-04
154077	5.353098331568606e-04	5.370317963702527e-04
155129	2.839001915881934e-04	2.884031503126605e-04
167601	2.419671223076181e-04	2.454708915685031e-04
167624	2.394372644395348e-04	2.398832919019490e-04
167627	2.336342195412566e-04	2.344228815319923e-04
179033	2.271500668160620e-04	2.290867652767772e-04
186594	2.218606317211380e-04	2.238721138568340e-04
197797	2.131546154159336e-04	2.137962089502232e-04
276607	2.050077451222210e-04	2.089296130854039e-04
289209	1.881870969669963e-04	1.905460717963246e-04
301456	1.381437051600765e-04	1.412537544622754e-04
311688	1.375914767021147e-04	1.380384264602885e-04
386642	1.240613282095238e-04	1.258925411794167e-04
388608	7.832628673909436e-05	7.943282347242822e-05
395758	6.556687905323599e-05	6.606934480075965e-05
407712	6.202784068021217e-05	6.309573444801929e-05
419708	5.934093978543498e-05	6.025595860743581e-05
423769	5.757722535826293e-05	5.888436553555884e-05
424301	5.753071471392701e-05	5.754399373371566e-05
435175	5.382512726104238e-05	5.495408738576248e-05
435914	5.370099747781243e-05	5.370317963702532e-05
500000	5.340013150223477e-05	5.370317963702532e-05
%
% index = 1833, name = bbob_f002_i09_d05__bbob_f008_i10_d05
% instance = 4, reference value = 9.998109458561480e-01
% function evaluation | indicator value | target hit
1	3.661100268776221e+00	3.715352290971725e+00
25	3.618222053275787e+00	3.630780547701014e+00
27	3.499343170504341e+00	3.548133892335755e+00
28	3.362723574033924e+00	3.388441561392026e+00
29	3.157133555758243e+00	3.162277660168380e+00
40	2.904214671061716e+00	2.951209226666386e+00
51	2.540478730654030e+00	2.570395782768863e+00
62	1.735245919644750e+00	1.737800828749375e+00
73	1.411334153360324e+00	1.412537544622754e+00
84	1.221187441102648e+00	1.230268770812382e+00
95	1.056605652620648e+00	1.071519305237606e+00
106	9.539710034416640e-01	9.549925860214360e-01
117	8.607091275125647e-01	8.709635899560807e-01
128	7.593412580376677e-01	7.762471166286917e-01
139	6.694716029682777e-01	6.760829753919817e-01
150	5.989800403778395e-01	6.025595860743578e-01
161	5.475951805264974e-01	5.495408738576245e-01
172	4.965307433681433e-01	5.011872336272722e-01
183	4.672258502401473e-01	4.677351412871982e-01
194	4.386678204827259e-01	4.466835921509631e-01
205	4.029389345616547e-01	4.073802778041127e-01
216	3.398188071110002e-01	3.467368504525316e-01
227	2.657048333085013e-01	2.691534803926916e-01
238	2.142266161509614e-01	2.187761623949552e-01
249	1.682482299999185e-01	1.698243652461744e-01
260	1.491406041905382e-01	1.513561248436208e-01
271	1.291554253194633e-01	1.318256738556407e-01
282	1.235347121216535e-01	1.258925411794167e-01
293	1.173899471903229e-01	1.174897554939529e-01
304	1.116518702790514e-01	1.122018454301964e-01
315	1.044779218705596e-01	1.047128548050900e-01
326	9.809099511330188e-02	1.000000000000000e-01
337	9.128990799725289e-02	9.332543007969910e-02
348	7.978822602373226e-02	8.128305161640990e-02
359	7.482297571577312e-02	7.585775750291836e-02
370	7.098028836099346e-02	7.244359600749903e-02
381	6.477043640326474e-02	6.606934480075961e-02
392	4.797041099108967e-02	4.897788193684462e-02
403	4.610480811437379e-02	4.677351412871981e-02
414	4.421345884477446e-02	4.466835921509630e-02
436	4.355644919173063e-02	4.365158322401658e-02
3417	3.884982878868515e-02	3.890451449942807e-02
3442	3.748466320470922e-02	3.801893963205612e-02
3764	2.327151186000609e-02	2.344228815319923e-02
3789	2.283246173850029e-02	2.290867652767773e-02
55442	2.216063767787757e-02	2.238721138568340e-02
55468	2.174206751286023e-02	2.187761623949553e-02
55479	2.020945108619154e-02	2.041737944669529e-02
86006	1.985510033375082e-02	1.995262314968880e-02
86017	1.931549214589234e-02	1.949844599758046e-02
86028	1.853688948302634e-02	1.862087136662868e-02
86039	1.773722944352163e-02	1.778279410038923e-02
86050	1.726305801874151e-02	1.737800828749375e-02
86072	1.692557609393863e-02	1.698243652461744e-02
88005	1.659460842945870e-02	1.659586907437561e-02
88457	1.248802422413675e-02	1.258925411794167e-02
88484	1.220285164339918e-02	1.230268770812382e-02
89049	5.106610637826026e-03	5.128613839913648e-03
90084	2.395058863804311e-03	2.398832919019490e-03
91279	2.087703777484462e-03	2.089296130854039e-03
91304	2.020150986802749e-03	2.041737944669530e-03
92580	1.933267050583498e-03	1.949844599758046e-03
94784	1.458794609045633e-03	1.479108388168207e-03
94818	1.443516224944874e-03	1.445439770745928e-03
170241	1.402245375275668e-03	1.412537544622754e-03
184978	1.319445273623598e-03	1.348962882591653e-03
185705	1.317914623233718e-03	1.318256738556408e-03
186447	1.247767913437947e-03	1.258925411794167e-03
186921	1.224904763772572e-03	1.230268770812381e-03
279231	1.177597977904288e-03	1.202264434617413e-03
279376	1.036155080201162e-03	1.047128548050900e-03
280046	9.069172404406745e-04	9.120108393559096e-04
280419	8.429122159046010e-04	8.511380382023768e-04
281223	7.979234605186569e-04	8.128305161640995e-04
282272	7.933305408432956e-04	7.943282347242813e-04
397642	7.707134860380771e-04	7.762471166286919e-04
397937	7.571866283995199e-04	7.585775750291835e-04
398174	7.384868087622065e-04	7.413102413009177e-04
498211	7.082519965241341e-04	7.244359600749898e-04
498611	6.775741439880578e-04	6.918309709189362e-04
499481	6.638624683061867e-04	6.760829753919819e-04
499651	6.405254990562437e-04	6.456542290346556e-04
500000	6.405252548684626e-04	6.456542290346556e-04
%
% index = 1834, name = bbob_f002_i11_d05__bbob_f008_i12_d05
% instance = 5, reference value = 9.993701971556560e-01
% function evaluation | indicator value | target hit
1	1.218273526660656e+00	1.230268770812382e+00
28	1.190786710128156e+00	1.202264434617413e+00
29	1.163821786021656e+00	1.174897554939530e+00
40	1.100875735287656e+00	1.122018454301963e+00
51	1.016707678736656e+00	1.023292992280754e+00
62	9.462765975139745e-01	9.549925860214360e-01
73	8.809666960628728e-01	8.912509381337456e-01
84	8.196479087250169e-01	8.317637711026710e-01
95	7.590567698772572e-01	7.762471166286917e-01
106	6.951993211177123e-01	7.079457843841379e-01
117	6.344118939565822e-01	6.456542290346555e-01
128	5.824044356312761e-01	5.888436553555889e-01
139	5.519095928593082e-01	5.623413251903491e-01
150	5.010805893960129e-01	5.011872336272722e-01
161	4.567619538886609e-01	4.570881896148750e-01
172	4.156364752426600e-01	4.168693834703354e-01
183	3.788067885884971e-01	3.801893963205612e-01
194	3.504979571396043e-01	3.548133892335755e-01
205	3.181964334868059e-01	3.235936569296283e-01
216	2.881870871314774e-01	2.884031503126606e-01
227	2.603354030620392e-01	2.630267991895382e-01
238	2.345115426592114e-01	2.398832919019490e-01
249	2.108451719197335e-01	2.137962089502232e-01
260	1.893451450945871e-01	1.905460717963247e-01
271	1.698927859461082e-01	1.737800828749375e-01
282	1.519451080206468e-01	1.548816618912481e-01
293	1.354645881062473e-01	1.380384264602885e-01
304	1.204261136446871e-01	1.230268770812381e-01
315	1.115377326752737e-01	1.122018454301964e-01
326	1.051366821703023e-01	1.071519305237607e-01
337	9.980993312252517e-02	1.000000000000000e-01
348	9.061653822454030e-02	9.120108393559097e-02
359	8.044746441474548e-02	8.128305161640990e-02
370	7.370064844446356e-02	7.413102413009177e-02
381	6.920509559420163e-02	7.079457843841380e-02
392	6.077898766250889e-02	6.165950018614822e-02
403	5.334439278086445e-02	5.370317963702527e-02
414	4.711739156106753e-02	4.786300923226382e-02
425	4.214998795737768e-02	4.265795188015926e-02
436	3.649447229443370e-02	3.715352290971726e-02
447	3.218319886958032e-02	3.235936569296283e-02
458	2.862695753817468e-02	2.884031503126606e-02
469	2.537697530956184e-02	2.570395782768863e-02
480	2.321817082423483e-02	2.344228815319923e-02
491	2.195347854398788e-02	2.238721138568340e-02
502	2.016347925838435e-02	2.041737944669529e-02
513	1.730279279650104e-02	1.737800828749375e-02
524	1.554333229218152e-02	1.584893192461113e-02
535	1.468818081738865e-02	1.479108388168207e-02
546	1.381671683149510e-02	1.412537544622754e-02
557	1.296239368041585e-02	1.318256738556407e-02
568	1.227713212125148e-02	1.230268770812382e-02
579	1.201070631142509e-02	1.202264434617413e-02
601	1.129519676740987e-02	1.148153621496883e-02
612	1.040063249858869e-02	1.047128548050900e-02
623	9.745629413774548e-03	9.772372209558112e-03
645	9.431113004726766e-03	9.549925860214359e-03
656	8.564129972693957e-03	8.709635899560805e-03
667	8.173977175006897e-03	8.317637711026709e-03
689	8.076557283192787e-03	8.128305161640995e-03
744	7.774018784294290e-03	7.943282347242814e-03
755	7.424503566296536e-03	7.585775750291836e-03
766	7.185493601621018e-03	7.244359600749898e-03
777	6.291699183023636e-03	6.309573444801930e-03
986	6.141812384250156e-03	6.165950018614822e-03
15918	5.981552503677379e-03	6.025595860743574e-03
16631	5.877578124121263e-03	5.888436553555890e-03
17485	5.712664963234970e-03	5.754399373371567e-03
17949	5.554813749639620e-03	5.623413251903491e-03
18295	5.434667762613032e-03	5.495408738576248e-03
18751	5.364132066550953e-03	5.370317963702527e-03
19474	5.248052694715843e-03	5.248074602497728e-03
20259	5.001894159396447e-03	5.011872336272725e-03
20571	4.716210697469192e-03	4.786300923226385e-03
21082	4.449333734353300e-03	4.466835921509630e-03
22801	4.320376414234883e-03	4.365158322401661e-03
25575	4.227901342828022e-03	4.265795188015926e-03
26126	4.092287228618874e-03	4.168693834703355e-03
26604	3.912518288336386e-03	3.981071705534973e-03
26961	3.664753957090094e-03	3.715352290971724e-03
27395	3.274894695980191e-03	3.311311214825911e-03
28005	2.840753943527563e-03	2.884031503126605e-03
28495	2.503452506956383e-03	2.511886431509579e-03
28921	2.317732552302609e-03	2.344228815319923e-03
29299	2.029585022509273e-03	2.041737944669530e-03
29678	1.802286876952608e-03	1.819700858609983e-03
30034	1.631604687852950e-03	1.659586907437561e-03
30434	1.506209416569537e-03	1.513561248436209e-03
30612	1.419037901495224e-03	1.445439770745928e-03
30962	1.366491578167373e-03	1.380384264602885e-03
31303	1.344337256840578e-03	1.348962882591653e-03
71161	1.214027432134168e-03	1.230268770812381e-03
72034	1.133581835069064e-03	1.148153621496883e-03
72492	1.031757135751876e-03	1.047128548050900e-03
72976	9.438398488940125e-04	9.549925860214359e-04
74267	8.996112156770542e-04	9.120108393559096e-04
77451	6.904280997295231e-04	6.918309709189362e-04
100092	5.535065314198340e-04	5.623413251903491e-04
103684	4.988365491340740e-04	5.011872336272725e-04
113072	4.331010096493282e-04	4.365158322401661e-04
113888	3.623030039283659e-04	3.630780547701014e-04
114294	2.952235658257862e-04	3.019951720402016e-04
114315	2.950571859733353e-04	2.951209226666387e-04
117195	1.624796342357682e-04	1.659586907437562e-04
117294	1.617702733678339e-04	1.621810097358930e-04
120642	1.068367038856710e-04	1.071519305237606e-04
126796	9.454115736307056e-05	9.549925860214369e-05
341408	9.031196908260153e-05	9.120108393559096e-05
343054	8.270300927748497e-05	8.317637711026709e-05
355855	7.985120147901981e-05	8.128305161640995e-05
357277	7.918378393745318e-05	7.943282347242822e-05
430245	7.717727267664287e-05	7.762471166286911e-05
442168	7.401653894434368e-05	7.413102413009176e-05
500000	7.327233426590585e-05	7.413102413009176e-05
%
% index = 1835, name = bbob_f002_i13_d05__bbob_f008_i14_d05
% instance = 6, reference value = 9.961374589862280e-01
% function evaluation | indicator value | target hit
1	7.898334685849491e-01	7.943282347242815e-01
28	7.742780292855450e-01	7.762471166286917e-01
40	7.215379414096148e-01	7.244359600749900e-01
51	6.706085972094682e-01	6.760829753919817e-01
62	6.225960844668552e-01	6.309573444801932e-01
73	5.782682795708396e-01	5.888436553555889e-01
84	5.379368489813492e-01	5.495408738576245e-01
95	5.016026902682853e-01	5.128613839913648e-01
106	4.689152012148967e-01	4.786300923226383e-01
117	4.392794525238742e-01	4.466835921509631e-01
128	4.117389545547041e-01	4.168693834703354e-01
139	3.859006740241291e-01	3.890451449942806e-01
150	3.609293294027368e-01	3.630780547701014e-01
161	3.361723278432270e-01	3.388441561392025e-01
172	3.113817501369597e-01	3.162277660168379e-01
183	2.866436548418261e-01	2.884031503126606e-01
194	2.623566770392071e-01	2.630267991895382e-01
205	2.392256336022802e-01	2.398832919019490e-01
216	2.181236748419867e-01	2.187761623949552e-01
227	2.000245499677133e-01	2.041737944669530e-01
238	1.857840548907570e-01	1.862087136662867e-01
249	1.765471450903183e-01	1.778279410038923e-01
3607	1.708311356547393e-01	1.737800828749375e-01
4019	1.521353789536407e-01	1.548816618912481e-01
5189	1.381965201455678e-01	1.412537544622754e-01
5805	1.245626636454927e-01	1.258925411794167e-01
6481	1.055515427079744e-01	1.071519305237607e-01
7208	8.108829858753075e-02	8.128305161640990e-02
8121	5.610701282839248e-02	5.623413251903491e-02
9035	4.028834321929653e-02	4.073802778041128e-02
12615	3.500218308326797e-02	3.548133892335755e-02
24051	3.392382026061358e-02	3.467368504525317e-02
31632	3.324643705972574e-02	3.388441561392026e-02
55704	3.273102475931167e-02	3.311311214825911e-02
56660	2.965214088938128e-02	3.019951720402016e-02
58441	2.123236728869282e-02	2.137962089502233e-02
60956	1.383347143829372e-02	1.412537544622754e-02
63527	1.379610699510281e-02	1.380384264602885e-02
69226	1.209221857164788e-02	1.230268770812382e-02
70911	1.047373171217558e-02	1.071519305237606e-02
71729	9.504454592242917e-03	9.549925860214359e-03
72830	8.960535193185404e-03	9.120108393559097e-03
78211	8.766670899536644e-03	8.912509381337459e-03
86153	7.531011163807722e-03	7.585775750291836e-03
115187	7.240724849796432e-03	7.244359600749898e-03
117599	4.934718541826810e-03	5.011872336272725e-03
123750	4.542389874857777e-03	4.570881896148752e-03
139934	3.657691019184894e-03	3.715352290971724e-03
141951	3.254746693176602e-03	3.311311214825911e-03
145451	2.911360768616422e-03	2.951209226666387e-03
148715	2.397328428841772e-03	2.398832919019490e-03
202261	1.811995387604126e-03	1.819700858609983e-03
242188	1.698076348046973e-03	1.698243652461744e-03
245527	1.405662518131012e-03	1.412537544622754e-03
255850	1.270223878618748e-03	1.288249551693134e-03
257218	1.167408158744387e-03	1.174897554939529e-03
280581	1.130375983757537e-03	1.148153621496883e-03
282053	1.116169724115212e-03	1.122018454301963e-03
327780	1.061380059886985e-03	1.071519305237606e-03
336536	1.038084455628363e-03	1.047128548050900e-03
336816	1.019882626513535e-03	1.023292992280754e-03
337430	9.953875150621183e-04	1.000000000000000e-03
338523	9.770467563372520e-04	9.772372209558111e-04
373036	9.260437686814393e-04	9.332543007969915e-04
375126	8.715933639533713e-04	8.912509381337459e-04
378560	8.691186545892737e-04	8.709635899560805e-04
500000	8.682527678803842e-04	8.709635899560805e-04
%
% index = 1836, name = bbob_f002_i15_d05__bbob_f008_i16_d05
% instance = 7, reference value = 9.578300896467040e-01
% function evaluation | indicator value | target hit
1	1.195472328412009e+02	1.202264434617413e+02
28	1.172020105052122e+02	1.174897554939529e+02
40	1.095710717725580e+02	1.096478196143185e+02
51	1.025521704980484e+02	1.047128548050900e+02
62	9.615809831259126e+01	9.772372209558107e+01
73	9.036052653688633e+01	9.120108393559097e+01
84	8.509313323732387e+01	8.511380382023764e+01
95	8.025701796989361e+01	8.128305161640991e+01
106	7.572896359290797e+01	7.585775750291836e+01
117	7.137351329330245e+01	7.244359600749902e+01
128	6.705965747774221e+01	6.760829753919819e+01
139	6.268170463327557e+01	6.309573444801933e+01
150	5.818151529733510e+01	5.888436553555890e+01
161	5.356638084308720e+01	5.370317963702527e+01
172	4.891520452555721e+01	4.897788193684461e+01
183	4.436781339048871e+01	4.466835921509630e+01
194	4.009659601527770e+01	4.073802778041128e+01
205	3.626760038534520e+01	3.630780547701014e+01
216	3.300122024481571e+01	3.311311214825911e+01
227	3.033981176507071e+01	3.090295432513591e+01
238	2.822279092694470e+01	2.884031503126606e+01
249	2.646710957187771e+01	2.691534803926915e+01
260	2.476330701018470e+01	2.511886431509580e+01
271	2.272710835747770e+01	2.290867652767773e+01
282	2.005936743190721e+01	2.041737944669530e+01
293	1.678219411481171e+01	1.698243652461744e+01
304	1.334284090665970e+01	1.348962882591653e+01
315	1.038482189086770e+01	1.047128548050900e+01
326	8.356841025278703e+00	8.511380382023766e+00
337	7.328633596651704e+00	7.413102413009175e+00
348	6.976370685214704e+00	7.079457843841379e+00
359	6.428991096946704e+00	6.456542290346556e+00
370	4.842811001710704e+00	4.897788193684462e+00
381	3.005886927601204e+00	3.019951720402016e+00
392	2.141405344344704e+00	2.187761623949553e+00
403	1.994793818068204e+00	1.995262314968880e+00
414	1.329790600388204e+00	1.348962882591654e+00
425	8.646614019234373e-01	8.709635899560807e-01
436	6.870684004674579e-01	6.918309709189365e-01
447	5.288656468105590e-01	5.370317963702527e-01
458	4.902609858201400e-01	5.011872336272722e-01
469	4.889240768243094e-01	4.897788193684462e-01
3301	4.696712733378144e-01	4.786300923226383e-01
3878	4.025536696849440e-01	4.073802778041127e-01
4026	3.952820915574523e-01	3.981071705534972e-01
4676	3.501399916053094e-01	3.548133892335755e-01
4702	3.445460185214771e-01	3.467368504525316e-01
5584	2.868743514037199e-01	2.884031503126606e-01
6049	2.175893187917494e-01	2.187761623949552e-01
6553	1.444029912218378e-01	1.445439770745928e-01
7562	8.284485247854256e-02	8.317637711026708e-02
8972	4.923915783235888e-02	5.011872336272722e-02
11069	3.609941887380286e-02	3.630780547701014e-02
14172	2.842883371104121e-02	2.884031503126606e-02
17602	1.923643195823277e-02	1.949844599758046e-02
19724	1.361522398462911e-02	1.380384264602885e-02
21954	1.339450681330079e-02	1.348962882591653e-02
185271	1.309953870921055e-02	1.318256738556407e-02
186365	1.284488549562002e-02	1.288249551693134e-02
187212	1.234055774483755e-02	1.258925411794167e-02
187668	1.189154536788295e-02	1.202264434617413e-02
188373	1.140309894897884e-02	1.148153621496883e-02
189542	1.113304663888859e-02	1.122018454301964e-02
190672	1.095917368594002e-02	1.096478196143185e-02
206358	1.068683024270722e-02	1.071519305237606e-02
500000	1.052066421948294e-02	1.071519305237606e-02
%
% index = 1837, name = bbob_f002_i17_d05__bbob_f008_i18_d05
% instance = 8, reference value = 9.985531133948400e-01
% function evaluation | indicator value | target hit
1	3.858932020921644e+00	3.890451449942806e+00
25	3.778023315168805e+00	3.801893963205611e+00
26	3.696301345382137e+00	3.715352290971725e+00
27	3.530536264266791e+00	3.548133892335755e+00
28	3.191333663822026e+00	3.235936569296283e+00
29	2.506532426845208e+00	2.511886431509580e+00
40	1.261274764926741e+00	1.288249551693134e+00
51	1.062527248197340e+00	1.071519305237606e+00
62	9.735437676531731e-01	9.772372209558107e-01
73	9.058261592306868e-01	9.120108393559098e-01
84	8.369135628889631e-01	8.511380382023764e-01
95	7.773108130721742e-01	7.943282347242815e-01
106	7.224597599516195e-01	7.244359600749900e-01
117	6.784413552993184e-01	6.918309709189365e-01
128	6.035334662478533e-01	6.165950018614822e-01
139	5.696899538224969e-01	5.754399373371569e-01
150	5.170194356366268e-01	5.248074602497725e-01
161	4.967341338058273e-01	5.011872336272722e-01
172	4.667048110630144e-01	4.677351412871982e-01
183	4.193583515509167e-01	4.265795188015927e-01
194	3.848486609100377e-01	3.890451449942806e-01
205	3.655605776510198e-01	3.715352290971726e-01
216	3.401306323333744e-01	3.467368504525316e-01
227	3.224960813746915e-01	3.235936569296283e-01
238	2.992924058129990e-01	3.019951720402016e-01
249	2.837269901481447e-01	2.884031503126606e-01
260	2.606187537442514e-01	2.630267991895382e-01
271	2.469838732300073e-01	2.511886431509580e-01
282	2.274752151422627e-01	2.290867652767773e-01
293	2.159333047528209e-01	2.187761623949552e-01
304	1.995133087177785e-01	1.995262314968880e-01
315	1.910170926214710e-01	1.949844599758045e-01
326	1.803952625835871e-01	1.819700858609984e-01
337	1.705303214795525e-01	1.737800828749375e-01
348	1.615984792357177e-01	1.621810097358930e-01
359	1.553400697070371e-01	1.584893192461113e-01
370	1.475856763222064e-01	1.479108388168208e-01
381	1.379979343824379e-01	1.380384264602885e-01
392	1.181574891671981e-01	1.202264434617413e-01
403	1.152889613129756e-01	1.174897554939529e-01
414	1.100753003750619e-01	1.122018454301964e-01
425	1.030842576560997e-01	1.047128548050900e-01
436	9.395794278067215e-02	9.549925860214359e-02
447	9.160664209106417e-02	9.332543007969910e-02
458	8.736287120325159e-02	8.912509381337455e-02
469	8.151465854641970e-02	8.317637711026708e-02
480	7.272267877566196e-02	7.413102413009177e-02
491	7.118375464986215e-02	7.244359600749903e-02
502	6.849727448031917e-02	6.918309709189366e-02
513	6.604724755103453e-02	6.606934480075961e-02
524	6.393584293709254e-02	6.456542290346556e-02
535	5.820566910541569e-02	5.888436553555890e-02
546	5.699179575995872e-02	5.754399373371569e-02
557	5.348890416030450e-02	5.370317963702527e-02
568	4.929030220015229e-02	5.011872336272722e-02
579	4.587477276135732e-02	4.677351412871981e-02
590	4.203972312209892e-02	4.265795188015926e-02
601	4.019953118751096e-02	4.073802778041128e-02
612	3.278326926937913e-02	3.311311214825911e-02
623	3.213717524553183e-02	3.235936569296283e-02
634	3.118649107680715e-02	3.162277660168379e-02
645	2.812053582037821e-02	2.818382931264454e-02
667	2.708063009705086e-02	2.754228703338166e-02
678	2.589243188745571e-02	2.630267991895381e-02
689	2.453332807765618e-02	2.454708915685030e-02
700	2.320240221714953e-02	2.344228815319923e-02
711	2.259746431275478e-02	2.290867652767773e-02
722	1.933497226583203e-02	1.949844599758046e-02
744	1.904615461195625e-02	1.905460717963247e-02
766	1.838642492611409e-02	1.862087136662868e-02
777	1.803451958574098e-02	1.819700858609984e-02
788	1.765494564074899e-02	1.778279410038923e-02
865	1.734825491362735e-02	1.737800828749375e-02
19863	1.598545769379611e-02	1.621810097358930e-02
20356	1.575010959811174e-02	1.584893192461113e-02
20377	1.545153662506471e-02	1.548816618912481e-02
20378	1.510420406008472e-02	1.513561248436208e-02
20379	1.453805404291020e-02	1.479108388168207e-02
20380	1.405299733180831e-02	1.412537544622754e-02
21509	1.311792300716808e-02	1.318256738556407e-02
22695	1.225720173904943e-02	1.230268770812382e-02
26239	1.148757646182086e-02	1.174897554939530e-02
26918	1.148107647803964e-02	1.148153621496883e-02
36811	1.062993120710776e-02	1.071519305237606e-02
42721	9.764542239841134e-03	9.772372209558112e-03
47674	8.958219945014556e-03	9.120108393559097e-03
59235	8.000220542823233e-03	8.128305161640995e-03
63668	7.052626441114818e-03	7.079457843841380e-03
68758	6.116165195479417e-03	6.165950018614822e-03
69095	5.235050791726259e-03	5.248074602497728e-03
70165	4.432123335783023e-03	4.466835921509630e-03
70759	3.726468204692579e-03	3.801893963205613e-03
71166	3.129443056105408e-03	3.162277660168379e-03
71690	2.642206931329438e-03	2.691534803926917e-03
72243	2.254758848137417e-03	2.290867652767772e-03
74540	1.928735356346412e-03	1.949844599758046e-03
76444	1.674737257696401e-03	1.698243652461744e-03
78306	1.424373534146928e-03	1.445439770745928e-03
81563	1.164780636459528e-03	1.174897554939529e-03
92043	8.974990593891841e-04	9.120108393559096e-04
93920	6.961512374689116e-04	7.079457843841380e-04
94583	5.973960368873543e-04	6.025595860743575e-04
94896	5.637056559735232e-04	5.754399373371566e-04
96437	5.460847064513441e-04	5.495408738576248e-04
104652	5.325043358898052e-04	5.370317963702527e-04
105338	5.247826430314628e-04	5.248074602497728e-04
107022	5.120283371360390e-04	5.128613839913648e-04
129646	3.663783275174026e-04	3.715352290971724e-04
129657	3.194386237067581e-04	3.235936569296281e-04
129668	3.056309057879458e-04	3.090295432513592e-04
129679	2.978894788190356e-04	3.019951720402016e-04
129690	2.797168970254393e-04	2.818382931264455e-04
129701	2.750778196760617e-04	2.754228703338166e-04
129712	2.584008879847888e-04	2.630267991895381e-04
129723	2.289056677253765e-04	2.290867652767772e-04
129734	2.207426099432030e-04	2.238721138568340e-04
129756	2.183037573377788e-04	2.187761623949552e-04
129855	2.080607164012260e-04	2.089296130854039e-04
130479	2.039150775858811e-04	2.041737944669530e-04
130741	1.988656799923882e-04	1.995262314968879e-04
130995	1.865663684393892e-04	1.905460717963246e-04
131417	1.859401698639518e-04	1.862087136662868e-04
131510	1.817424316516991e-04	1.819700858609983e-04
148326	1.778055091540276e-04	1.778279410038923e-04
165073	1.736796615777747e-04	1.737800828749376e-04
168923	1.643554883659082e-04	1.659586907437562e-04
168935	1.560591773516196e-04	1.584893192461114e-04
169224	1.526817511083856e-04	1.548816618912481e-04
169448	1.469548659687181e-04	1.479108388168207e-04
174250	1.399730600911697e-04	1.412537544622754e-04
174300	1.356722485372774e-04	1.380384264602885e-04
174453	1.312614979945836e-04	1.318256738556407e-04
174842	1.274210553625643e-04	1.288249551693134e-04
177116	1.234658267302846e-04	1.258925411794167e-04
177128	1.197239606257616e-04	1.202264434617413e-04
177351	1.161553677930804e-04	1.174897554939529e-04
177363	1.127950384279819e-04	1.148153621496883e-04
179399	1.088128705987179e-04	1.096478196143185e-04
179411	1.056952245231946e-04	1.071519305237606e-04
179667	1.020922534772373e-04	1.023292992280754e-04
179811	9.908890296916883e-05	1.000000000000000e-04
179823	9.664079908311418e-05	9.772372209558111e-05
179851	9.440937418592199e-05	9.549925860214369e-05
179863	9.227121833077501e-05	9.332543007969905e-05
180659	9.032135715381084e-05	9.120108393559096e-05
180869	8.821098269196082e-05	8.912509381337459e-05
181341	8.626386965160382e-05	8.709635899560814e-05
185520	8.435617753532743e-05	8.511380382023759e-05
185547	8.257167712644176e-05	8.317637711026709e-05
185591	8.106759757120496e-05	8.128305161640995e-05
190947	7.911857486886387e-05	7.943282347242822e-05
191248	7.679272000393755e-05	7.762471166286911e-05
195267	7.547614012937132e-05	7.585775750291836e-05
195279	7.411478303109842e-05	7.413102413009176e-05
195388	7.198104235950353e-05	7.244359600749906e-05
195836	7.058937366810625e-05	7.079457843841373e-05
198446	6.879165685458322e-05	6.918309709189363e-05
198663	6.693786809286451e-05	6.760829753919819e-05
198689	6.605790312741444e-05	6.606934480075965e-05
198713	6.421526402711208e-05	6.456542290346549e-05
199530	6.244427009394204e-05	6.309573444801929e-05
200693	6.158712691184398e-05	6.165950018614822e-05
200880	6.011480823187032e-05	6.025595860743581e-05
200920	5.846790825192461e-05	5.888436553555884e-05
201589	5.701479937914034e-05	5.754399373371566e-05
201709	5.604008658399717e-05	5.623413251903491e-05
203253	5.443455808129549e-05	5.495408738576248e-05
203308	5.309375759976476e-05	5.370317963702532e-05
203795	5.218169194065592e-05	5.248074602497723e-05
207468	5.109100107414388e-05	5.128613839913648e-05
207481	5.006147550101758e-05	5.011872336272725e-05
208354	4.849050440292046e-05	4.897788193684466e-05
209095	4.749705900275458e-05	4.786300923226380e-05
212317	4.653912348573375e-05	4.677351412871981e-05
212782	4.553263778028782e-05	4.570881896148752e-05
213045	4.457104099264697e-05	4.466835921509635e-05
216881	4.335918248388193e-05	4.365158322401657e-05
217165	4.238811801160480e-05	4.265795188015926e-05
219722	4.138507356432619e-05	4.168693834703355e-05
224992	4.034548780396108e-05	4.073802778041130e-05
231634	3.970847981071834e-05	3.981071705534969e-05
231923	3.887103406496895e-05	3.890451449942805e-05
232200	3.799518176439420e-05	3.801893963205612e-05
235827	3.711663044436708e-05	3.715352290971728e-05
235901	3.625371142146339e-05	3.630780547701010e-05
235943	3.536347248334071e-05	3.548133892335753e-05
235993	3.453027683941734e-05	3.467368504525317e-05
236771	3.368669430636739e-05	3.388441561392028e-05
236796	3.308431265347522e-05	3.311311214825908e-05
237205	3.231266034819935e-05	3.235936569296281e-05
237688	3.150553297270875e-05	3.162277660168380e-05
238504	3.081280245931239e-05	3.090295432513592e-05
238646	3.014146256918870e-05	3.019951720402019e-05
239949	2.948093146459829e-05	2.951209226666384e-05
240526	2.878636015235525e-05	2.884031503126606e-05
241787	2.811029245675112e-05	2.818382931264455e-05
241803	2.746883064563832e-05	2.754228703338169e-05
243286	2.690549039141565e-05	2.691534803926914e-05
243631	2.629126244968472e-05	2.630267991895381e-05
247142	2.562995966770565e-05	2.570395782768864e-05
247811	2.506256095979875e-05	2.511886431509582e-05
255808	2.446617600915246e-05	2.454708915685029e-05
256114	2.390323779333237e-05	2.398832919019490e-05
264414	2.336074592046433e-05	2.344228815319923e-05
267038	2.289146555278787e-05	2.290867652767775e-05
268586	2.234328773886851e-05	2.238721138568338e-05
269155	2.185986075853297e-05	2.187761623949552e-05
274628	2.134877365489452e-05	2.137962089502232e-05
274804	2.086795330646929e-05	2.089296130854041e-05
275063	2.036555670170692e-05	2.041737944669527e-05
275165	1.994847917285991e-05	1.995262314968879e-05
275629	1.947317180395203e-05	1.949844599758046e-05
275888	1.904396822771659e-05	1.905460717963248e-05
276194	1.859467748932531e-05	1.862087136662866e-05
277990	1.815268329563580e-05	1.819700858609983e-05
278459	1.777117578660725e-05	1.778279410038923e-05
279322	1.734598327052250e-05	1.737800828749376e-05
280314	1.696981210252968e-05	1.698243652461746e-05
280825	1.658657600012159e-05	1.659586907437560e-05
282069	1.621722226330391e-05	1.621810097358930e-05
287122	1.583654308301430e-05	1.584893192461114e-05
290236	1.548054449185265e-05	1.548816618912483e-05
294866	1.511432854595096e-05	1.513561248436207e-05
296195	1.477291472984366e-05	1.479108388168207e-05
298027	1.445308489977926e-05	1.445439770745928e-05
334416	1.412110977749848e-05	1.412537544622755e-05
464143	1.379865309225625e-05	1.380384264602884e-05
481720	1.347848662835993e-05	1.348962882591653e-05
485183	1.318255407434243e-05	1.318256738556407e-05
492907	1.288176497971083e-05	1.288249551693135e-05
499283	1.258788553304413e-05	1.258925411794166e-05
500000	1.255996242721658e-05	1.258925411794166e-05
%
% index = 1838, name = bbob_f002_i19_d05__bbob_f008_i21_d05
% instance = 9, reference value = 9.930831267233090e-01
% function evaluation | indicator value | target hit
1	2.794110233484131e+01	2.818382931264453e+01
29	2.748213964825881e+01	2.754228703338166e+01
40	2.688750318362231e+01	2.691534803926915e+01
51	2.596683410957081e+01	2.630267991895381e+01
62	2.495457513340481e+01	2.511886431509580e+01
73	2.385854047991781e+01	2.398832919019490e+01
84	2.269290584950131e+01	2.290867652767773e+01
95	2.147730592519431e+01	2.187761623949553e+01
106	2.023542708413131e+01	2.041737944669530e+01
117	1.899298612416431e+01	1.905460717963247e+01
128	1.777551878242681e+01	1.778279410038923e+01
139	1.660618707429131e+01	1.698243652461744e+01
150	1.550384934722881e+01	1.584893192461113e+01
161	1.448156918299981e+01	1.479108388168207e+01
172	1.354564055433681e+01	1.380384264602885e+01
183	1.269515100926181e+01	1.288249551693134e+01
194	1.192207924469381e+01	1.202264434617413e+01
205	1.121187834010181e+01	1.122018454301964e+01
216	1.054438604795281e+01	1.071519305237607e+01
227	9.894885823061809e+00	1.000000000000000e+01
238	9.235687609307309e+00	9.332543007969910e+00
249	8.540190495856310e+00	8.709635899560805e+00
260	7.792566933776809e+00	7.943282347242816e+00
271	7.000667266535809e+00	7.079457843841379e+00
282	6.201931888940308e+00	6.309573444801933e+00
293	5.455153684209809e+00	5.495408738576246e+00
304	4.817630974716309e+00	4.897788193684462e+00
315	4.321284694553809e+00	4.365158322401660e+00
326	3.952217483768809e+00	3.981071705534972e+00
337	3.639899584652809e+00	3.715352290971725e+00
348	3.264301833735309e+00	3.311311214825911e+00
359	2.733157992923309e+00	2.754228703338166e+00
370	2.107492178162309e+00	2.137962089502232e+00
381	1.583219402501309e+00	1.584893192461114e+00
392	1.291326372465309e+00	1.318256738556407e+00
403	1.194956687507309e+00	1.202264434617413e+00
414	1.091082926138809e+00	1.096478196143185e+00
425	7.562693753356452e-01	7.585775750291838e-01
436	5.247100505419307e-01	5.248074602497725e-01
447	4.713757187163161e-01	4.786300923226383e-01
458	3.491779624278607e-01	3.548133892335755e-01
469	2.782772982936432e-01	2.818382931264454e-01
480	2.611267874091876e-01	2.630267991895382e-01
524	2.472508728485180e-01	2.511886431509580e-01
535	2.266281139724584e-01	2.290867652767773e-01
579	2.232784819395429e-01	2.238721138568339e-01
601	2.145976526293306e-01	2.187761623949552e-01
612	2.107962061132217e-01	2.137962089502232e-01
777	2.086096718131565e-01	2.089296130854039e-01
821	2.016219281857791e-01	2.041737944669530e-01
832	1.842870543954525e-01	1.862087136662867e-01
854	1.819018229247392e-01	1.819700858609984e-01
1785	1.748768210043909e-01	1.778279410038923e-01
1949	1.660544286573544e-01	1.698243652461744e-01
2192	1.488754881513175e-01	1.513561248436208e-01
2482	1.307600259754380e-01	1.318256738556407e-01
2763	1.135512463880427e-01	1.148153621496883e-01
2789	1.119397301277397e-01	1.122018454301964e-01
3200	9.533016162868002e-02	9.549925860214359e-02
3668	8.180430389881199e-02	8.317637711026708e-02
4058	6.955091554698711e-02	7.079457843841380e-02
4389	5.952220130763786e-02	6.025595860743578e-02
4779	5.108158674942243e-02	5.128613839913648e-02
5482	4.348693240543955e-02	4.365158322401658e-02
5952	3.580240722829209e-02	3.630780547701014e-02
6584	2.713562214082577e-02	2.754228703338166e-02
7029	1.788950107266063e-02	1.819700858609984e-02
7417	1.019049140776074e-02	1.023292992280754e-02
8310	5.718869335836874e-03	5.754399373371567e-03
9501	3.802182546453814e-03	3.890451449942805e-03
9640	3.801506010646882e-03	3.801893963205613e-03
12146	2.630837094573346e-03	2.691534803926917e-03
12180	2.629916722563297e-03	2.630267991895381e-03
14904	1.740527636007294e-03	1.778279410038923e-03
17821	1.450864717016165e-03	1.479108388168207e-03
23702	1.272874832147552e-03	1.288249551693134e-03
43496	1.222426294051004e-03	1.230268770812381e-03
58059	1.194360579256259e-03	1.202264434617413e-03
59488	1.174833956945509e-03	1.174897554939529e-03
67223	1.139930819719082e-03	1.148153621496883e-03
68213	1.120088420527687e-03	1.122018454301963e-03
75104	1.096222798372182e-03	1.096478196143185e-03
115429	1.067693451843099e-03	1.071519305237606e-03
260532	1.035621289510291e-03	1.047128548050900e-03
398614	1.021705650346982e-03	1.023292992280754e-03
399703	9.993335266245129e-04	1.000000000000000e-03
400508	9.731882913970313e-04	9.772372209558111e-04
401256	9.355804094423048e-04	9.549925860214359e-04
401734	9.118360215955024e-04	9.120108393559096e-04
402223	8.804085457221333e-04	8.912509381337459e-04
402891	8.331064905182650e-04	8.511380382023768e-04
403517	7.663448207512191e-04	7.762471166286919e-04
404005	6.939316959915232e-04	7.079457843841380e-04
404607	6.394306643823233e-04	6.456542290346556e-04
405954	6.141126635067495e-04	6.165950018614823e-04
407976	5.989749555006529e-04	6.025595860743575e-04
500000	5.945373365190409e-04	6.025595860743575e-04
%
% index = 1839, name = bbob_f002_i21_d05__bbob_f008_i22_d05
% instance = 10, reference value = 9.938273832631340e-01
% function evaluation | indicator value | target hit
1	7.716368015936133e+00	7.762471166286917e+00
28	7.484654934836134e+00	7.585775750291837e+00
29	7.258324015614633e+00	7.413102413009175e+00
40	6.737634434863134e+00	6.760829753919817e+00
51	6.047010926902134e+00	6.165950018614822e+00
62	5.403551960052134e+00	5.495408738576246e+00
73	4.808672817589634e+00	4.897788193684462e+00
84	4.265997517001634e+00	4.365158322401660e+00
95	3.769444219636634e+00	3.801893963205611e+00
106	3.318391402006634e+00	3.388441561392026e+00
117	2.908966363164134e+00	2.951209226666386e+00
128	2.539193293814634e+00	2.570395782768863e+00
139	2.205875822929634e+00	2.238721138568339e+00
150	1.907961889809134e+00	1.949844599758045e+00
161	1.641079103122134e+00	1.659586907437561e+00
172	1.407524651727634e+00	1.412537544622754e+00
183	1.198790064957634e+00	1.202264434617413e+00
194	1.022682945780134e+00	1.023292992280754e+00
205	8.821191202454397e-01	8.912509381337456e-01
216	7.465638777022793e-01	7.585775750291838e-01
227	6.331616884001501e-01	6.456542290346555e-01
238	5.371618596163863e-01	5.495408738576245e-01
249	4.623446118034309e-01	4.677351412871982e-01
260	3.955194315355416e-01	3.981071705534972e-01
271	3.500973202526301e-01	3.548133892335755e-01
282	3.170448375914547e-01	3.235936569296283e-01
293	2.793373074018942e-01	2.818382931264454e-01
304	2.455205768975597e-01	2.511886431509580e-01
315	2.397986909097214e-01	2.398832919019490e-01
326	2.248954523209931e-01	2.290867652767773e-01
337	1.903111723535312e-01	1.905460717963247e-01
348	1.812875195386683e-01	1.819700858609984e-01
359	1.694957909306681e-01	1.698243652461744e-01
370	1.428915542317531e-01	1.445439770745928e-01
381	1.381398959200534e-01	1.412537544622754e-01
392	1.280452888779514e-01	1.288249551693134e-01
403	1.076220880115286e-01	1.096478196143185e-01
414	1.044394936188388e-01	1.047128548050900e-01
425	9.891610228394543e-02	1.000000000000000e-01
436	8.460185769254003e-02	8.511380382023763e-02
447	8.232554845757512e-02	8.317637711026708e-02
458	7.772290560833039e-02	7.943282347242814e-02
469	6.950227274079002e-02	7.079457843841380e-02
480	6.893090057054119e-02	6.918309709189366e-02
491	6.750038674983749e-02	6.760829753919818e-02
546	6.571684772444431e-02	6.606934480075961e-02
568	6.430858798109873e-02	6.456542290346556e-02
656	6.301947553509180e-02	6.309573444801933e-02
700	6.040293743941461e-02	6.165950018614822e-02
711	5.645854667998529e-02	5.754399373371569e-02
733	5.571188226668622e-02	5.623413251903491e-02
832	4.809043561947102e-02	4.897788193684462e-02
843	4.764731303750513e-02	4.786300923226382e-02
1019	4.646288488061945e-02	4.677351412871981e-02
1184	4.440540481796074e-02	4.466835921509630e-02
54716	4.354471428700313e-02	4.365158322401658e-02
55786	4.218755528467111e-02	4.265795188015926e-02
58239	4.096836866772857e-02	4.168693834703355e-02
60080	4.056718233644085e-02	4.073802778041128e-02
60380	3.973354290065534e-02	3.981071705534973e-02
60778	3.802214893660150e-02	3.890451449942807e-02
60801	3.801654852540848e-02	3.801893963205612e-02
63253	3.664089063936049e-02	3.715352290971726e-02
63487	3.495525734211846e-02	3.548133892335755e-02
66330	3.419628063168167e-02	3.467368504525317e-02
66674	3.233761251906431e-02	3.235936569296283e-02
67053	2.979168469668503e-02	3.019951720402016e-02
67476	2.776762433711977e-02	2.818382931264454e-02
68804	2.732785102820268e-02	2.754228703338166e-02
69672	2.663969719706827e-02	2.691534803926915e-02
69700	2.628171453727768e-02	2.630267991895381e-02
73640	2.517714485298539e-02	2.570395782768863e-02
74017	2.400388638427420e-02	2.454708915685030e-02
74452	2.160997695930522e-02	2.187761623949553e-02
74843	1.871631901305171e-02	1.905460717963247e-02
75256	1.596344906572122e-02	1.621810097358930e-02
75713	1.203081428693731e-02	1.230268770812382e-02
75737	1.202134813959443e-02	1.202264434617413e-02
76029	9.717295329838227e-03	9.772372209558112e-03
77384	8.525652718696874e-03	8.709635899560805e-03
77764	6.659681801630346e-03	6.760829753919818e-03
78079	4.570786123479609e-03	4.570881896148752e-03
78393	3.159286835265229e-03	3.162277660168379e-03
78776	2.286373940421083e-03	2.290867652767772e-03
79239	1.815510811523091e-03	1.819700858609983e-03
79682	1.658520200745861e-03	1.659586907437561e-03
83386	1.621805308786750e-03	1.621810097358930e-03
111191	1.584810438881146e-03	1.584893192461114e-03
112094	1.382499290215500e-03	1.412537544622754e-03
112575	1.118147725245544e-03	1.122018454301963e-03
113277	8.870453249000265e-04	8.912509381337459e-04
114792	7.229395922848658e-04	7.244359600749898e-04
117448	6.859262513054798e-04	6.918309709189362e-04
328006	6.715798671161899e-04	6.760829753919819e-04
330352	6.588522881093573e-04	6.606934480075957e-04
500000	6.464748861464420e-04	6.606934480075957e-04
