%
% index = 3345, name = bbob_f001_i02_d20__bbob_f008_i04_d20
% instance = 1, reference value = 9.358755031687910e-01
% function evaluation | indicator value | target hit
1	9.283615987213140e-01	9.332543007969910e-01
101	9.012501339368421e-01	9.120108393559098e-01
142	8.742104577956125e-01	8.912509381337456e-01
183	8.432342950054136e-01	8.511380382023764e-01
224	8.093747246485106e-01	8.128305161640993e-01
265	7.735323176035136e-01	7.762471166286917e-01
306	7.364721857908606e-01	7.413102413009175e-01
347	6.988395864423997e-01	7.079457843841379e-01
388	6.611741858897249e-01	6.760829753919817e-01
429	6.239231018983802e-01	6.309573444801932e-01
470	5.874528428852033e-01	5.888436553555889e-01
511	5.520602666725491e-01	5.623413251903491e-01
552	5.179826846551161e-01	5.248074602497725e-01
593	4.854072335014040e-01	4.897788193684462e-01
634	4.544796248271128e-01	4.570881896148750e-01
675	4.253123503514150e-01	4.265795188015927e-01
716	3.979923496339566e-01	3.981071705534972e-01
757	3.725880245494252e-01	3.801893963205612e-01
798	3.491552857972142e-01	3.548133892335755e-01
839	3.277419919003121e-01	3.311311214825911e-01
880	3.083897061102782e-01	3.090295432513591e-01
921	2.911311384243472e-01	2.951209226666385e-01
962	2.759811913268057e-01	2.818382931264454e-01
1003	2.629199362389768e-01	2.630267991895382e-01
1044	2.518692649406629e-01	2.570395782768864e-01
1085	2.426748628577812e-01	2.454708915685030e-01
1126	2.351192820174981e-01	2.398832919019490e-01
1167	2.289840890102052e-01	2.290867652767773e-01
1249	2.204855612554574e-01	2.238721138568339e-01
1290	2.180923111843415e-01	2.187761623949552e-01
4239	2.111416864025738e-01	2.137962089502232e-01
4699	2.055278412758225e-01	2.089296130854039e-01
5202	1.946308453866878e-01	1.949844599758045e-01
5871	1.741813292364925e-01	1.778279410038923e-01
6706	1.537513494921143e-01	1.548816618912481e-01
7295	1.352724772550308e-01	1.380384264602885e-01
7843	1.187667073765822e-01	1.202264434617413e-01
8391	1.042418680762973e-01	1.047128548050900e-01
8939	9.168493443418424e-02	9.332543007969910e-02
9446	8.106089624784529e-02	8.128305161640990e-02
9953	7.231053973035717e-02	7.244359600749903e-02
10501	6.534748101717969e-02	6.606934480075961e-02
10967	6.005466299366702e-02	6.025595860743578e-02
11433	5.628033896832330e-02	5.754399373371569e-02
11817	5.383357963126645e-02	5.495408738576246e-02
12570	5.247930814434987e-02	5.248074602497726e-02
16150	5.117067036772582e-02	5.128613839913648e-02
16941	4.916081281182250e-02	5.011872336272722e-02
17401	4.659495996713792e-02	4.677351412871981e-02
18109	4.183737696791334e-02	4.265795188015926e-02
18819	3.369895315853688e-02	3.388441561392026e-02
19572	2.656914660964427e-02	2.691534803926915e-02
20284	2.098561714836911e-02	2.137962089502233e-02
21079	1.668151828545528e-02	1.698243652461744e-02
21997	1.341489875609880e-02	1.348962882591653e-02
23160	1.096788619323796e-02	1.122018454301964e-02
24241	9.159949030379200e-03	9.332543007969915e-03
25323	7.860032347093426e-03	7.943282347242814e-03
26323	6.963965616922807e-03	7.079457843841380e-03
27528	6.378871809801123e-03	6.456542290346556e-03
28651	6.020223098509692e-03	6.025595860743574e-03
30061	5.814815881496238e-03	5.888436553555890e-03
36514	5.741284130117319e-03	5.754399373371567e-03
819651	5.621880273938618e-03	5.623413251903491e-03
2000000	5.564438050827958e-03	5.623413251903491e-03
%
% index = 3346, name = bbob_f001_i03_d20__bbob_f008_i05_d20
% instance = 2, reference value = 9.417647877418780e-01
% function evaluation | indicator value | target hit
1	1.460025544760378e+00	1.479108388168207e+00
59	1.441425120088878e+00	1.445439770745927e+00
101	1.379072408910878e+00	1.380384264602885e+00
142	1.318412093307878e+00	1.348962882591654e+00
183	1.259461523509878e+00	1.288249551693134e+00
224	1.202237681607878e+00	1.202264434617413e+00
265	1.146757105279878e+00	1.148153621496883e+00
306	1.093035968302878e+00	1.096478196143185e+00
347	1.041090356613878e+00	1.047128548050900e+00
388	9.909367821708779e-01	1.000000000000000e+00
429	9.425929693403781e-01	9.549925860214360e-01
470	9.025264946510763e-01	9.120108393559098e-01
511	8.621515402723375e-01	8.709635899560807e-01
552	8.219076302848792e-01	8.317637711026710e-01
593	7.822836107247924e-01	7.943282347242815e-01
634	7.436943499725847e-01	7.585775750291838e-01
675	7.064941036817415e-01	7.079457843841379e-01
716	6.709878525744087e-01	6.760829753919817e-01
757	6.374397334339653e-01	6.456542290346555e-01
798	6.060769776533412e-01	6.165950018614822e-01
839	5.770871512341104e-01	5.888436553555889e-01
880	5.506071368236536e-01	5.623413251903491e-01
921	5.267058058339120e-01	5.370317963702527e-01
962	5.053685837441881e-01	5.128613839913648e-01
1003	4.864935324135115e-01	4.897788193684462e-01
1044	4.698953864776926e-01	4.786300923226383e-01
1085	4.553032762802190e-01	4.570881896148750e-01
1126	4.423841001461870e-01	4.466835921509631e-01
1167	4.309028911262641e-01	4.365158322401660e-01
1208	4.210065099010015e-01	4.265795188015927e-01
1249	4.133080957781390e-01	4.168693834703354e-01
1331	4.052288294143926e-01	4.073802778041127e-01
1454	3.966915751305522e-01	3.981071705534972e-01
5012	3.881631268163069e-01	3.890451449942806e-01
5553	3.799336856682525e-01	3.801893963205612e-01
6096	3.637215502108740e-01	3.715352290971726e-01
6723	3.323054152488948e-01	3.388441561392025e-01
7516	2.994224022914149e-01	3.019951720402016e-01
8269	2.679839693425058e-01	2.691534803926916e-01
8940	2.380956126866713e-01	2.398832919019490e-01
9611	2.098628185861244e-01	2.137962089502232e-01
10364	1.833733625101179e-01	1.862087136662867e-01
10953	1.586991413213624e-01	1.621810097358930e-01
11542	1.358973021937701e-01	1.380384264602885e-01
12131	1.150122378226998e-01	1.174897554939529e-01
12720	9.607709182727708e-02	9.772372209558107e-02
13268	7.911362363824348e-02	7.943282347242814e-02
13694	6.413034182591704e-02	6.456542290346556e-02
14242	5.112002654044412e-02	5.128613839913648e-02
14749	4.005630780766190e-02	4.073802778041128e-02
15215	3.089030057440267e-02	3.090295432513590e-02
15681	2.354656137562916e-02	2.398832919019490e-02
16065	1.791853573814806e-02	1.819700858609984e-02
16449	1.386351143994269e-02	1.412537544622754e-02
16833	1.119712973580667e-02	1.122018454301964e-02
17217	9.687541589134874e-03	9.772372209558112e-03
17560	9.049221418732545e-03	9.120108393559097e-03
21651	8.849936195564956e-03	8.912509381337459e-03
22192	8.529774314838146e-03	8.709635899560805e-03
22776	7.968183653133010e-03	8.128305161640995e-03
23567	7.115578744243622e-03	7.244359600749898e-03
24606	6.491076552155528e-03	6.606934480075957e-03
25933	6.097235935018208e-03	6.165950018614822e-03
27137	5.862652373931798e-03	5.888436553555890e-03
28465	5.733303575956361e-03	5.754399373371567e-03
324998	5.618818582011742e-03	5.623413251903491e-03
2000000	5.519399572950667e-03	5.623413251903491e-03
%
% index = 3347, name = bbob_f001_i07_d20__bbob_f008_i08_d20
% instance = 3, reference value = 9.314901167148320e-01
% function evaluation | indicator value | target hit
1	1.392676358031832e+00	1.412537544622754e+00
58	1.371836834604332e+00	1.380384264602885e+00
60	1.310906070847332e+00	1.318256738556407e+00
101	1.217881099398332e+00	1.230268770812382e+00
142	1.096261552657332e+00	1.096478196143185e+00
183	9.855373929678319e-01	1.000000000000000e+00
224	9.144426642691461e-01	9.332543007969910e-01
265	8.761526014531800e-01	8.912509381337456e-01
306	8.354801635724227e-01	8.511380382023764e-01
347	7.933457342589187e-01	7.943282347242815e-01
388	7.505266707229741e-01	7.585775750291838e-01
429	7.076729899249352e-01	7.079457843841379e-01
470	6.653219796883558e-01	6.760829753919817e-01
511	6.239117468243612e-01	6.309573444801932e-01
552	5.837937231960599e-01	5.888436553555889e-01
593	5.452440891217301e-01	5.495408738576245e-01
634	5.084741463029057e-01	5.128613839913648e-01
675	4.736396054152011e-01	4.786300923226383e-01
716	4.408488660301164e-01	4.466835921509631e-01
757	4.101704155432538e-01	4.168693834703354e-01
798	3.816395914243188e-01	3.890451449942806e-01
839	3.552651680793155e-01	3.630780547701014e-01
880	3.310363261476716e-01	3.311311214825911e-01
921	3.089307044195216e-01	3.090295432513591e-01
962	2.889239870618358e-01	2.951209226666385e-01
1003	2.710008554713459e-01	2.754228703338166e-01
1044	2.551659253823713e-01	2.570395782768864e-01
1085	2.414515717394823e-01	2.454708915685030e-01
1126	2.299174644545123e-01	2.344228815319922e-01
1167	2.206338175168189e-01	2.238721138568339e-01
1208	2.136357105435800e-01	2.137962089502232e-01
1249	2.088327015136966e-01	2.089296130854039e-01
2873	2.040403979233866e-01	2.041737944669530e-01
4420	1.951530258224785e-01	1.995262314968880e-01
4840	1.864144935987997e-01	1.905460717963247e-01
5426	1.702746617237647e-01	1.737800828749375e-01
6055	1.545127034786592e-01	1.548816618912481e-01
6644	1.406357624116722e-01	1.412537544622754e-01
7438	1.286113209303904e-01	1.288249551693134e-01
8232	1.183926001803365e-01	1.202264434617413e-01
8739	1.099147555227008e-01	1.122018454301964e-01
9451	1.030926060050303e-01	1.047128548050900e-01
10532	9.781795618542843e-02	1.000000000000000e-01
10957	9.395651189316612e-02	9.549925860214359e-02
11546	9.134442134598209e-02	9.332543007969910e-02
12053	8.978438496028018e-02	9.120108393559097e-02
14733	8.904132132461062e-02	8.912509381337455e-02
19114	8.674154613943130e-02	8.709635899560805e-02
19448	8.469220196427518e-02	8.511380382023763e-02
19825	8.071846243024794e-02	8.128305161640990e-02
20491	7.325532100050081e-02	7.413102413009177e-02
21077	6.014499217231539e-02	6.025595860743578e-02
21706	4.820560780732441e-02	4.897788193684462e-02
22335	3.842464061607653e-02	3.890451449942807e-02
23046	3.050935635134788e-02	3.090295432513590e-02
23881	2.418945399890560e-02	2.454708915685030e-02
24716	1.921858985036240e-02	1.949844599758046e-02
25592	1.537447428251570e-02	1.548816618912481e-02
26345	1.245819923334479e-02	1.258925411794167e-02
27221	1.029162166191644e-02	1.047128548050900e-02
28056	8.715472382248457e-03	8.912509381337459e-03
29014	7.595815279397344e-03	7.762471166286920e-03
30177	6.828379117989170e-03	6.918309709189363e-03
31217	6.327985997148788e-03	6.456542290346556e-03
32340	6.020580385810326e-03	6.025595860743574e-03
36336	5.844620275402779e-03	5.888436553555890e-03
643112	5.743970496267070e-03	5.754399373371567e-03
647132	5.595581289899121e-03	5.623413251903491e-03
1501922	5.491532124682341e-03	5.495408738576248e-03
2000000	5.457875968393866e-03	5.495408738576248e-03
%
% index = 3348, name = bbob_f001_i09_d20__bbob_f008_i10_d20
% instance = 4, reference value = 9.425343118031260e-01
% function evaluation | indicator value | target hit
1	1.667819181751811e+00	1.698243652461744e+00
57	1.658674772014579e+00	1.659586907437561e+00
60	1.597899631565467e+00	1.621810097358930e+00
101	1.523890421109450e+00	1.548816618912481e+00
142	1.440432734045171e+00	1.445439770745927e+00
183	1.375447925840126e+00	1.380384264602885e+00
224	1.312826642857626e+00	1.318256738556407e+00
265	1.252193408804626e+00	1.258925411794167e+00
306	1.193552683928626e+00	1.202264434617413e+00
347	1.136907563904626e+00	1.148153621496883e+00
388	1.082259473288626e+00	1.096478196143185e+00
429	1.029607837094126e+00	1.047128548050900e+00
470	9.789497329941259e-01	1.000000000000000e+00
511	9.344642475855540e-01	9.549925860214360e-01
552	9.012415360119774e-01	9.120108393559098e-01
593	8.660385323591656e-01	8.709635899560807e-01
634	8.296213881227458e-01	8.317637711026710e-01
675	7.926309194506891e-01	7.943282347242815e-01
716	7.555976166527989e-01	7.585775750291838e-01
757	7.189558031671136e-01	7.244359600749900e-01
798	6.830572310006259e-01	6.918309709189365e-01
839	6.481843762248297e-01	6.606934480075960e-01
880	6.145636840404809e-01	6.165950018614822e-01
921	5.823789582311693e-01	5.888436553555889e-01
962	5.517847903800022e-01	5.623413251903491e-01
1003	5.229194008066177e-01	5.248074602497725e-01
1044	4.959152187674541e-01	5.011872336272722e-01
1085	4.709039596287875e-01	4.786300923226383e-01
1126	4.480112243298143e-01	4.570881896148750e-01
1167	4.273359337093446e-01	4.365158322401660e-01
1208	4.089177986640770e-01	4.168693834703354e-01
1249	3.927149505682366e-01	3.981071705534972e-01
1290	3.786206334600274e-01	3.801893963205612e-01
1331	3.664949925720282e-01	3.715352290971726e-01
1372	3.561330062926265e-01	3.630780547701014e-01
1413	3.472150040027716e-01	3.548133892335755e-01
1454	3.394667340006819e-01	3.467368504525316e-01
1495	3.329622667604700e-01	3.388441561392025e-01
1536	3.282119157743060e-01	3.311311214825911e-01
3977	3.233123779699282e-01	3.235936569296283e-01
5143	3.087693479864542e-01	3.090295432513591e-01
5727	2.925897264368335e-01	2.951209226666385e-01
6313	2.616580152729644e-01	2.630267991895382e-01
6942	2.299307252286090e-01	2.344228815319922e-01
7572	2.002555153926318e-01	2.041737944669530e-01
8243	1.726663148408873e-01	1.737800828749375e-01
8873	1.472363024294561e-01	1.479108388168208e-01
9462	1.240355507510553e-01	1.258925411794167e-01
10052	1.031189083937986e-01	1.047128548050900e-01
10642	8.452349534775805e-02	8.511380382023763e-02
11068	6.826598635592862e-02	6.918309709189366e-02
11494	5.434029126870865e-02	5.495408738576246e-02
11920	4.271331344602913e-02	4.365158322401658e-02
12346	3.331926270147467e-02	3.388441561392026e-02
12731	2.605280862210790e-02	2.630267991895381e-02
13115	2.076125895705005e-02	2.089296130854040e-02
13458	1.723636915622895e-02	1.737800828749375e-02
13801	1.520492010741570e-02	1.548816618912481e-02
14103	1.431894218166330e-02	1.445439770745927e-02
15921	1.412202596166634e-02	1.412537544622754e-02
16546	1.375877842146678e-02	1.380384264602885e-02
16880	1.338575444550205e-02	1.348962882591653e-02
17421	1.268283611823429e-02	1.288249551693134e-02
18005	1.143871332872171e-02	1.148153621496883e-02
18632	9.516207536829357e-03	9.549925860214359e-03
19466	8.074140592574830e-03	8.128305161640995e-03
20342	7.143604353754940e-03	7.244359600749898e-03
21177	6.579732664716342e-03	6.606934480075957e-03
22423	6.264505696349065e-03	6.309573444801930e-03
23998	6.105250806226814e-03	6.165950018614822e-03
28232	5.999924706502791e-03	6.025595860743574e-03
2000000	5.933027845525740e-03	6.025595860743574e-03
%
% index = 3349, name = bbob_f001_i11_d20__bbob_f008_i12_d20
% instance = 5, reference value = 9.488337190641380e-01
% function evaluation | indicator value | target hit
1	3.006365518047904e+00	3.019951720402016e+00
59	2.934322299847573e+00	2.951209226666386e+00
60	2.864778473484962e+00	2.884031503126606e+00
101	2.707154850565687e+00	2.754228703338166e+00
142	2.507947484269288e+00	2.511886431509580e+00
183	2.335626050800019e+00	2.344228815319922e+00
224	2.189195360507030e+00	2.238721138568339e+00
265	2.067636177475339e+00	2.089296130854040e+00
306	1.969758301099705e+00	1.995262314968880e+00
347	1.885794279227638e+00	1.905460717963247e+00
388	1.804183626240138e+00	1.819700858609983e+00
429	1.724879061517638e+00	1.737800828749375e+00
470	1.647886228206638e+00	1.659586907437561e+00
511	1.573210636960138e+00	1.584893192461114e+00
552	1.500857632056638e+00	1.513561248436208e+00
593	1.430832339511638e+00	1.445439770745927e+00
634	1.363139602862138e+00	1.380384264602885e+00
675	1.297783889144638e+00	1.318256738556407e+00
716	1.234769158031638e+00	1.258925411794167e+00
757	1.174098706444138e+00	1.174897554939530e+00
798	1.115774993656638e+00	1.122018454301963e+00
839	1.059799434134138e+00	1.071519305237606e+00
880	1.006172173779638e+00	1.023292992280754e+00
921	9.548919465011381e-01	9.549925860214360e-01
962	9.082610473209438e-01	9.120108393559098e-01
1003	8.631468502888672e-01	8.709635899560807e-01
1044	8.195270181643164e-01	8.317637711026710e-01
1085	7.776977103317922e-01	7.943282347242815e-01
1126	7.378861464065668e-01	7.413102413009175e-01
1167	7.002781356669729e-01	7.079457843841379e-01
1208	6.650549921495932e-01	6.760829753919817e-01
1249	6.324493472783161e-01	6.456542290346555e-01
1290	6.028377105876274e-01	6.165950018614822e-01
1331	5.769027844895394e-01	5.888436553555889e-01
1372	5.559054642473216e-01	5.623413251903491e-01
1413	5.419045253701542e-01	5.495408738576245e-01
1495	5.335508686515925e-01	5.370317963702527e-01
1577	5.163998725805226e-01	5.248074602497725e-01
1700	5.123850650024373e-01	5.128613839913648e-01
1782	4.983411093904240e-01	5.011872336272722e-01
7284	4.891813763712949e-01	4.897788193684462e-01
9320	4.631488111521374e-01	4.677351412871982e-01
10442	4.281145489285881e-01	4.365158322401660e-01
11607	3.889915682650488e-01	3.890451449942806e-01
12608	3.494793092525642e-01	3.548133892335755e-01
13651	3.116411052179501e-01	3.162277660168379e-01
15635	3.090286772518871e-01	3.090295432513591e-01
300292	2.960763958625947e-01	3.019951720402016e-01
300333	2.914694904334745e-01	2.951209226666385e-01
300415	2.878390131485149e-01	2.884031503126606e-01
300538	2.811039268344455e-01	2.818382931264454e-01
634990	2.635881880309363e-01	2.691534803926916e-01
635784	2.297406478097036e-01	2.344228815319922e-01
636496	1.980206704587046e-01	1.995262314968880e-01
637045	1.685723313703158e-01	1.698243652461744e-01
637594	1.415251057365452e-01	1.445439770745928e-01
638102	1.169879421122249e-01	1.174897554939529e-01
638733	9.503388160246562e-02	9.549925860214359e-02
639159	7.568354750336104e-02	7.585775750291836e-02
639626	5.890787074651205e-02	6.025595860743578e-02
640216	4.465271532166804e-02	4.466835921509630e-02
640683	3.285904609093271e-02	3.311311214825911e-02
641191	2.345599210549421e-02	2.398832919019490e-02
641576	1.633675882827879e-02	1.659586907437561e-02
642002	1.133581311993992e-02	1.148153621496883e-02
642469	8.211373666482835e-03	8.317637711026709e-03
642813	6.628267286373113e-03	6.760829753919818e-03
643198	6.136692824275203e-03	6.165950018614822e-03
666511	6.019132221518175e-03	6.025595860743574e-03
2000000	5.933971010223971e-03	6.025595860743574e-03
%
% index = 3350, name = bbob_f001_i13_d20__bbob_f008_i14_d20
% instance = 6, reference value = 9.508128085334480e-01
% function evaluation | indicator value | target hit
1	6.557330840209051e+00	6.606934480075959e+00
59	6.364935765115549e+00	6.456542290346556e+00
60	6.177023171642904e+00	6.309573444801933e+00
101	5.742178683758770e+00	5.754399373371569e+00
142	5.169987046772724e+00	5.248074602497725e+00
183	4.645444194494526e+00	4.677351412871983e+00
224	4.165702678853448e+00	4.168693834703354e+00
265	3.727173613616948e+00	3.801893963205611e+00
306	3.326967560770948e+00	3.388441561392026e+00
347	2.962489758904947e+00	3.019951720402016e+00
388	2.631269814094948e+00	2.691534803926916e+00
429	2.330958935311448e+00	2.344228815319922e+00
470	2.059327129668448e+00	2.089296130854040e+00
511	1.814260324302948e+00	1.819700858609983e+00
552	1.593757418220448e+00	1.621810097358930e+00
593	1.395927273065948e+00	1.412537544622754e+00
634	1.218985640703948e+00	1.230268770812382e+00
675	1.061252056400948e+00	1.071519305237606e+00
716	9.324750150334050e-01	9.332543007969910e-01
757	8.506774474823517e-01	8.511380382023764e-01
798	7.712548852483254e-01	7.762471166286917e-01
839	6.954232572737631e-01	7.079457843841379e-01
880	6.241128904603683e-01	6.309573444801932e-01
921	5.580067275386726e-01	5.623413251903491e-01
962	4.975739510746928e-01	5.011872336272722e-01
1003	4.430987173338345e-01	4.466835921509631e-01
1044	3.947035981508936e-01	3.981071705534972e-01
1085	3.523674738112479e-01	3.548133892335755e-01
1126	3.159382384535933e-01	3.162277660168379e-01
1167	2.851424230098191e-01	2.884031503126606e-01
1208	2.595970793111666e-01	2.630267991895382e-01
1249	2.388333413799535e-01	2.398832919019490e-01
1290	2.223410876943032e-01	2.238721138568339e-01
1331	2.096313317765968e-01	2.137962089502232e-01
1372	2.002907235953556e-01	2.041737944669530e-01
1413	1.940092423917091e-01	1.949844599758045e-01
1495	1.901292552125985e-01	1.905460717963247e-01
3582	1.858535789200497e-01	1.862087136662867e-01
3961	1.817301533766829e-01	1.819700858609984e-01
4383	1.739972715872370e-01	1.778279410038923e-01
4807	1.605979038658861e-01	1.621810097358930e-01
5314	1.487534565710285e-01	1.513561248436208e-01
5781	1.396534797640585e-01	1.412537544622754e-01
6207	1.331406372084343e-01	1.348962882591654e-01
6633	1.289519855992137e-01	1.318256738556407e-01
7017	1.267049971819121e-01	1.288249551693134e-01
7319	1.258852359902030e-01	1.258925411794167e-01
9352	1.218748500254971e-01	1.230268770812381e-01
9729	1.180191713145692e-01	1.202264434617413e-01
10108	1.106144917733503e-01	1.122018454301964e-01
10571	9.697939152100343e-02	9.772372209558107e-02
11159	7.400097781953563e-02	7.413102413009177e-02
11666	5.441268798947818e-02	5.495408738576246e-02
12256	3.956921168332994e-02	3.981071705534973e-02
12928	2.855710970020842e-02	2.884031503126606e-02
13477	2.061509396692807e-02	2.089296130854040e-02
14313	1.508922979411365e-02	1.513561248436208e-02
15395	1.139715010572040e-02	1.148153621496883e-02
16764	9.036958640309734e-03	9.120108393559097e-03
18050	7.600485202726492e-03	7.762471166286920e-03
19746	6.772864121071143e-03	6.918309709189363e-03
21898	6.322093209292112e-03	6.456542290346556e-03
24897	6.087717984580410e-03	6.165950018614822e-03
29040	5.971914100300069e-03	6.025595860743574e-03
40719	5.863366975488948e-03	5.888436553555890e-03
1416670	5.754222374731777e-03	5.754399373371567e-03
2000000	5.728385974026140e-03	5.754399373371567e-03
%
% index = 3351, name = bbob_f001_i15_d20__bbob_f008_i16_d20
% instance = 7, reference value = 9.455778881500420e-01
% function evaluation | indicator value | target hit
1	1.563994030265835e+00	1.584893192461114e+00
59	1.536320388684565e+00	1.548816618912481e+00
60	1.511903713375542e+00	1.513561248436208e+00
101	1.455541329747542e+00	1.479108388168207e+00
142	1.377776981970042e+00	1.380384264602885e+00
183	1.302351470992042e+00	1.318256738556407e+00
224	1.229301746315542e+00	1.230268770812382e+00
265	1.158672022392542e+00	1.174897554939530e+00
306	1.090514818584542e+00	1.096478196143185e+00
347	1.024892151579542e+00	1.047128548050900e+00
388	9.618769196900420e-01	9.772372209558107e-01
429	9.123088154844454e-01	9.332543007969910e-01
470	8.649464087216541e-01	8.709635899560807e-01
511	8.165267499151331e-01	8.317637711026710e-01
552	7.682533327227555e-01	7.762471166286917e-01
593	7.211152336460382e-01	7.244359600749900e-01
634	6.759133660621978e-01	6.760829753919817e-01
675	6.332772537584449e-01	6.456542290346555e-01
716	5.936730920610029e-01	6.025595860743578e-01
757	5.574065787844662e-01	5.623413251903491e-01
798	5.246262994310360e-01	5.248074602497725e-01
839	4.953325747846760e-01	5.011872336272722e-01
880	4.693927929643740e-01	4.786300923226383e-01
921	4.465615266700027e-01	4.466835921509631e-01
962	4.265068679640553e-01	4.265795188015927e-01
1003	4.088485854206636e-01	4.168693834703354e-01
1044	3.932091414291295e-01	3.981071705534972e-01
1085	3.792659398683833e-01	3.801893963205612e-01
1126	3.667904308966266e-01	3.715352290971726e-01
1167	3.556721069328184e-01	3.630780547701014e-01
1208	3.459342880290327e-01	3.467368504525316e-01
1249	3.377454272018703e-01	3.388441561392025e-01
1331	3.273892845627796e-01	3.311311214825911e-01
4632	3.232330422770325e-01	3.235936569296283e-01
6375	3.080169114041257e-01	3.090295432513591e-01
7124	2.910822631533170e-01	2.951209226666385e-01
7916	2.587034196825836e-01	2.630267991895382e-01
8628	2.254343790471945e-01	2.290867652767773e-01
9382	1.943036950494040e-01	1.949844599758045e-01
10095	1.654530701927232e-01	1.659586907437560e-01
10644	1.390032397949272e-01	1.412537544622754e-01
11152	1.150496200246914e-01	1.174897554939529e-01
11660	9.367208256492243e-02	9.549925860214359e-02
12168	7.493309375383694e-02	7.585775750291836e-02
12676	5.887068077063917e-02	5.888436553555890e-02
13143	4.548915086305427e-02	4.570881896148749e-02
13569	3.474835277415267e-02	3.548133892335755e-02
13995	2.655171870378747e-02	2.691534803926915e-02
14339	2.073265397927715e-02	2.089296130854040e-02
14683	1.703848283571519e-02	1.737800828749375e-02
15068	1.511111073444327e-02	1.513561248436208e-02
15371	1.446338831960159e-02	1.479108388168207e-02
15633	1.445123902206980e-02	1.445439770745927e-02
18552	1.407100949922391e-02	1.412537544622754e-02
19092	1.370708817116151e-02	1.380384264602885e-02
19675	1.302231568488388e-02	1.318256738556407e-02
20383	1.181309081951154e-02	1.202264434617413e-02
21462	9.947986121057517e-03	1.000000000000000e-02
22461	8.543309115434772e-03	8.709635899560805e-03
23502	7.621975612166265e-03	7.762471166286920e-03
24708	7.044238261986746e-03	7.079457843841380e-03
25751	6.698730918169971e-03	6.760829753919818e-03
27123	6.501319908459702e-03	6.606934480075957e-03
28908	6.393312830680120e-03	6.456542290346556e-03
463037	6.296476528666273e-03	6.309573444801930e-03
2000000	6.211851197566953e-03	6.309573444801930e-03
%
% index = 3352, name = bbob_f001_i17_d20__bbob_f008_i18_d20
% instance = 8, reference value = 9.415704174664900e-01
% function evaluation | indicator value | target hit
1	4.401044546641314e+00	4.466835921509632e+00
58	4.339640466690424e+00	4.365158322401660e+00
60	4.159400542934692e+00	4.168693834703354e+00
101	3.881807814847616e+00	3.890451449942806e+00
142	3.513866567303321e+00	3.548133892335755e+00
183	3.173413888823355e+00	3.235936569296283e+00
224	2.858849193095199e+00	2.884031503126606e+00
265	2.568636866900277e+00	2.570395782768863e+00
306	2.301309059635207e+00	2.344228815319922e+00
347	2.055471755576155e+00	2.089296130854040e+00
388	1.829818514403034e+00	1.862087136662868e+00
429	1.623164861393786e+00	1.659586907437561e+00
470	1.434548894195668e+00	1.445439770745927e+00
511	1.263609454947065e+00	1.288249551693134e+00
552	1.112782504452490e+00	1.122018454301963e+00
593	9.819432105109899e-01	1.000000000000000e+00
634	9.323617577228619e-01	9.332543007969910e-01
675	9.097699193866289e-01	9.120108393559098e-01
716	8.788748346534617e-01	8.912509381337456e-01
757	8.418966963363020e-01	8.511380382023764e-01
798	8.007250060163766e-01	8.128305161640993e-01
839	7.569522882002947e-01	7.585775750291838e-01
880	7.119055084680174e-01	7.244359600749900e-01
921	6.666751144560464e-01	6.760829753919817e-01
962	6.221415937496958e-01	6.309573444801932e-01
1003	5.789994267220526e-01	5.888436553555889e-01
1044	5.377783408036430e-01	5.495408738576245e-01
1085	4.988618839895089e-01	5.011872336272722e-01
1126	4.625035944803665e-01	4.677351412871982e-01
1167	4.288414859789490e-01	4.365158322401660e-01
1208	3.979121949413579e-01	3.981071705534972e-01
1249	3.696667298300468e-01	3.715352290971726e-01
1290	3.439899020444366e-01	3.467368504525316e-01
1331	3.207247056011585e-01	3.235936569296283e-01
1372	2.997010894818819e-01	3.019951720402016e-01
1413	2.807666090521644e-01	2.818382931264454e-01
1454	2.638155298596861e-01	2.691534803926916e-01
1495	2.488134505893428e-01	2.511886431509580e-01
1536	2.358154725721031e-01	2.398832919019490e-01
1577	2.249761967927801e-01	2.290867652767773e-01
1618	2.165488796411554e-01	2.187761623949552e-01
1659	2.108653219493452e-01	2.137962089502232e-01
1700	2.082499174797601e-01	2.089296130854039e-01
4815	2.011112809291509e-01	2.041737944669530e-01
5357	1.945885810911478e-01	1.949844599758045e-01
5901	1.820188237726060e-01	1.862087136662867e-01
6529	1.588211010818509e-01	1.621810097358930e-01
7159	1.362191790386312e-01	1.380384264602885e-01
7872	1.164088954070674e-01	1.174897554939529e-01
8380	9.942562856185821e-02	1.000000000000000e-01
8970	8.527025310966041e-02	8.709635899560805e-02
9560	7.389104358756626e-02	7.413102413009177e-02
10068	6.517510353178757e-02	6.606934480075961e-02
10453	5.893809510398695e-02	6.025595860743578e-02
10961	5.491240891081794e-02	5.495408738576246e-02
11428	5.273294492532954e-02	5.370317963702527e-02
11854	5.191913352868072e-02	5.248074602497726e-02
14943	5.105754278039865e-02	5.128613839913648e-02
15652	4.865061863593467e-02	4.897788193684462e-02
16194	4.560895511521723e-02	4.570881896148749e-02
16779	4.006950752628036e-02	4.073802778041128e-02
17366	3.094863222589983e-02	3.162277660168379e-02
18406	2.341629817068536e-02	2.344228815319923e-02
19530	1.794787628314520e-02	1.819700858609984e-02
20573	1.411560693624947e-02	1.412537544622754e-02
21696	1.137797398637652e-02	1.148153621496883e-02
22860	9.393518178612337e-03	9.549925860214359e-03
23942	8.049722760101852e-03	8.128305161640995e-03
25025	7.221852119348227e-03	7.244359600749898e-03
26312	6.767804514130837e-03	6.918309709189363e-03
27722	6.547871643447944e-03	6.606934480075957e-03
29792	6.454719474780268e-03	6.456542290346556e-03
2000000	6.368782633416226e-03	6.456542290346556e-03
%
% index = 3353, name = bbob_f001_i19_d20__bbob_f008_i21_d20
% instance = 9, reference value = 9.330108076300980e-01
% function evaluation | indicator value | target hit
1	9.233699504989628e-01	9.332543007969910e-01
101	8.949425268384053e-01	9.120108393559098e-01
142	8.641317404896005e-01	8.709635899560807e-01
183	8.279361724034843e-01	8.317637711026710e-01
224	7.880776536286836e-01	7.943282347242815e-01
265	7.459644204304722e-01	7.585775750291838e-01
306	7.027325215949216e-01	7.079457843841379e-01
347	6.592840669157080e-01	6.606934480075960e-01
388	6.163230452265069e-01	6.165950018614822e-01
429	5.743895483794421e-01	5.754399373371569e-01
470	5.338932845754492e-01	5.370317963702527e-01
511	4.951472209859885e-01	5.011872336272722e-01
552	4.584019596486087e-01	4.677351412871982e-01
593	4.238809500133469e-01	4.265795188015927e-01
634	3.918159254262309e-01	3.981071705534972e-01
675	3.624809968659322e-01	3.630780547701014e-01
716	3.362223916387094e-01	3.388441561392025e-01
757	3.134772339889935e-01	3.162277660168379e-01
798	2.947634254931930e-01	2.951209226666385e-01
839	2.805930568744802e-01	2.818382931264454e-01
880	2.712155365184908e-01	2.754228703338166e-01
921	2.661117275830959e-01	2.691534803926916e-01
1044	2.624335369590303e-01	2.630267991895382e-01
3652	2.556874319993229e-01	2.570395782768864e-01
4734	2.442152182027322e-01	2.454708915685030e-01
5401	2.294075739089151e-01	2.344228815319922e-01
6111	2.015033066863151e-01	2.041737944669530e-01
6823	1.734419083361258e-01	1.737800828749375e-01
7454	1.478738418667059e-01	1.479108388168208e-01
8085	1.249109433240194e-01	1.258925411794167e-01
8716	1.046298029336439e-01	1.047128548050900e-01
9306	8.705944820383604e-02	8.709635899560805e-02
9855	7.218704357086414e-02	7.244359600749903e-02
10404	5.995836016687506e-02	6.025595860743578e-02
10953	5.027450684773238e-02	5.128613839913648e-02
11420	4.298593155891606e-02	4.365158322401658e-02
11846	3.788428353943718e-02	3.801893963205612e-02
12149	3.469225672036469e-02	3.548133892335755e-02
12534	3.305153574045960e-02	3.311311214825911e-02
15771	3.224765991215117e-02	3.235936569296283e-02
16352	3.129469255648443e-02	3.162277660168379e-02
17017	2.947699558254913e-02	2.951209226666385e-02
17684	2.617630607950927e-02	2.630267991895381e-02
18434	2.077553249217257e-02	2.089296130854040e-02
19268	1.633631838767080e-02	1.659586907437561e-02
20268	1.311518142765800e-02	1.318256738556407e-02
21311	1.085731262510992e-02	1.096478196143185e-02
22520	9.334473866192239e-03	9.549925860214359e-03
23807	8.302758797066767e-03	8.317637711026709e-03
24848	7.609887639691726e-03	7.762471166286920e-03
26094	7.185921885567659e-03	7.244359600749898e-03
27217	6.951225340626976e-03	7.079457843841380e-03
28668	6.834943978469732e-03	6.918309709189363e-03
249425	6.759709116504253e-03	6.760829753919818e-03
1818088	6.591730410269392e-03	6.606934480075957e-03
1822349	6.435419556170330e-03	6.456542290346556e-03
1826487	6.296374320459819e-03	6.309573444801930e-03
1828597	6.158415797311467e-03	6.165950018614822e-03
1830953	6.018495717929340e-03	6.025595860743574e-03
1831815	5.715369796593817e-03	5.754399373371567e-03
1832197	5.459990405900061e-03	5.495408738576248e-03
1832579	5.204895451735192e-03	5.248074602497728e-03
1832920	4.958062153477716e-03	5.011872336272725e-03
1833343	4.714870670406213e-03	4.786300923226385e-03
1833643	4.480707689672792e-03	4.570881896148752e-03
1834148	4.259720895841590e-03	4.265795188015926e-03
1834448	4.073484923868498e-03	4.073802778041126e-03
1834748	3.901316585187109e-03	3.981071705534973e-03
1835252	3.765027844208069e-03	3.801893963205613e-03
1835593	3.647268556357663e-03	3.715352290971724e-03
1836179	3.534540252144058e-03	3.548133892335753e-03
1836888	3.453328723371896e-03	3.467368504525317e-03
1837558	3.381213640217373e-03	3.388441561392024e-03
1838564	3.248406306395113e-03	3.311311214825911e-03
1839317	3.185904352629776e-03	3.235936569296281e-03
1839615	3.123814694391824e-03	3.162277660168379e-03
1839913	3.062012613575749e-03	3.090295432513592e-03
1840252	3.000084182690710e-03	3.019951720402016e-03
1840550	2.938599967862165e-03	2.951209226666387e-03
1840889	2.877992842880817e-03	2.884031503126605e-03
1841187	2.817885710688972e-03	2.818382931264455e-03
1841906	2.699292054098024e-03	2.754228703338166e-03
1842163	2.641979176006504e-03	2.691534803926917e-03
1842543	2.585056748524384e-03	2.630267991895381e-03
1842800	2.529062488683675e-03	2.570395782768865e-03
1843180	2.474685406880672e-03	2.511886431509579e-03
1843437	2.424135923203230e-03	2.454708915685031e-03
1843694	2.360670397527631e-03	2.398832919019490e-03
1844035	2.314261906200210e-03	2.344228815319923e-03
1844251	2.271869975436824e-03	2.290867652767772e-03
1844671	2.230607201313517e-03	2.238721138568340e-03
1845430	2.151888193949736e-03	2.187761623949552e-03
1846552	2.118539672431474e-03	2.137962089502233e-03
1847054	2.083723217225719e-03	2.089296130854039e-03
1847854	2.026435842756524e-03	2.041737944669530e-03
1848858	1.970241039949472e-03	1.995262314968879e-03
1849525	1.941095893927769e-03	1.949844599758046e-03
1852025	1.879621846363921e-03	1.905460717963246e-03
1852241	1.855804588646204e-03	1.862087136662868e-03
1853537	1.813813830222610e-03	1.819700858609983e-03
1854913	1.777012266157785e-03	1.778279410038923e-03
1856457	1.725444408104737e-03	1.737800828749376e-03
1858000	1.692640194777772e-03	1.698243652461744e-03
1858717	1.658975413145747e-03	1.659586907437561e-03
1859564	1.613122545763734e-03	1.621810097358930e-03
1860115	1.582741061793902e-03	1.584893192461114e-03
1861003	1.537354234901422e-03	1.548816618912481e-03
1861595	1.506934206793931e-03	1.513561248436209e-03
1862602	1.477168040503352e-03	1.479108388168207e-03
1863449	1.433071689821430e-03	1.445439770745928e-03
1864041	1.403911372042765e-03	1.412537544622754e-03
1864592	1.375350570922973e-03	1.380384264602885e-03
1865266	1.347245622361770e-03	1.348962882591653e-03
1866236	1.305968504485722e-03	1.318256738556408e-03
1866787	1.279445352513231e-03	1.288249551693134e-03
1867256	1.257995417116131e-03	1.258925411794167e-03
1868432	1.222221625548414e-03	1.230268770812381e-03
1869971	1.200767176055217e-03	1.202264434617413e-03
1870856	1.170046881585396e-03	1.174897554939529e-03
1871620	1.140782778052851e-03	1.148153621496883e-03
1873335	1.115013182821145e-03	1.122018454301963e-03
1874794	1.090840073136201e-03	1.096478196143185e-03
1876213	1.068963378508259e-03	1.071519305237606e-03
1878670	1.040809312626623e-03	1.047128548050900e-03
1880129	1.020331655708029e-03	1.023292992280754e-03
1881885	9.916991247689300e-04	1.000000000000000e-03
1883849	9.769953691395328e-04	9.772372209558111e-04
1886064	9.532187192521357e-04	9.549925860214359e-04
1888315	9.321496065615165e-04	9.332543007969915e-04
1890985	9.088030609517572e-04	9.120108393559096e-04
1892906	8.910585001270510e-04	8.912509381337459e-04
1895240	8.704564713299945e-04	8.709635899560805e-04
1900855	8.500480449266101e-04	8.511380382023768e-04
1902370	8.310457878326627e-04	8.317637711026709e-04
1903348	8.122031268802399e-04	8.128305161640995e-04
1904408	7.934241090045147e-04	7.943282347242813e-04
1905591	7.745685317988027e-04	7.762471166286919e-04
1907147	7.561652516600015e-04	7.585775750291835e-04
1908869	7.379063036321298e-04	7.413102413009177e-04
1909799	7.234400607613045e-04	7.244359600749898e-04
1911023	7.057092351070438e-04	7.079457843841380e-04
1912117	6.917926830248833e-04	6.918309709189362e-04
1913423	6.744044985688147e-04	6.760829753919819e-04
1914608	6.577464792850707e-04	6.606934480075957e-04
1916909	6.444440461523815e-04	6.456542290346556e-04
1919581	6.280428300875496e-04	6.309573444801930e-04
1920600	6.143415942037045e-04	6.165950018614823e-04
1921860	6.014692102734864e-04	6.025595860743575e-04
1923905	5.888357049850246e-04	5.888436553555889e-04
1926126	5.745132739198855e-04	5.754399373371566e-04
1928514	5.618264321202160e-04	5.623413251903491e-04
1930444	5.480358104600347e-04	5.495408738576248e-04
1935483	5.358722421434647e-04	5.370317963702527e-04
1938239	5.236398831126587e-04	5.248074602497728e-04
1940947	5.117437001769254e-04	5.128613839913648e-04
1944198	5.002023215631146e-04	5.011872336272725e-04
1948115	4.896664753871738e-04	4.897788193684461e-04
1952948	4.782255341514441e-04	4.786300923226385e-04
1957355	4.669741982139541e-04	4.677351412871981e-04
1961527	4.564747374020683e-04	4.570881896148752e-04
1965904	4.463451971261634e-04	4.466835921509630e-04
1969735	4.362091516277866e-04	4.365158322401661e-04
1974747	4.261395214180119e-04	4.265795188015926e-04
1976853	4.167029171453507e-04	4.168693834703355e-04
1978502	4.073298417136550e-04	4.073802778041126e-04
1980688	3.979759415838613e-04	3.981071705534974e-04
1983172	3.886871379270573e-04	3.890451449942805e-04
1985320	3.794996571523379e-04	3.801893963205612e-04
1986800	3.713393892360584e-04	3.715352290971724e-04
1988988	3.623595249597766e-04	3.630780547701014e-04
1990964	3.544103378670949e-04	3.548133892335753e-04
1992444	3.466286380092720e-04	3.467368504525317e-04
1995831	3.388199269475090e-04	3.388441561392024e-04
1998187	3.308350770425683e-04	3.311311214825911e-04
2000000	3.261607410512957e-04	3.311311214825911e-04
%
% index = 3354, name = bbob_f001_i21_d20__bbob_f008_i22_d20
% instance = 10, reference value = 9.337411407367110e-01
% function evaluation | indicator value | target hit
1	2.124886747726319e+00	2.137962089502232e+00
58	2.087971274574898e+00	2.089296130854040e+00
60	1.980137141749034e+00	1.995262314968880e+00
101	1.815932082858951e+00	1.819700858609983e+00
142	1.602235232744958e+00	1.621810097358930e+00
183	1.408897540653840e+00	1.412537544622754e+00
224	1.234906442772215e+00	1.258925411794167e+00
265	1.081863860021538e+00	1.096478196143185e+00
306	9.829046984822111e-01	1.000000000000000e+00
347	9.321414834614893e-01	9.332543007969910e-01
429	8.912880140976508e-01	9.120108393559098e-01
470	8.589753498274110e-01	8.709635899560807e-01
511	8.215975739309938e-01	8.317637711026710e-01
552	7.808669963409657e-01	7.943282347242815e-01
593	7.382020990420817e-01	7.413102413009175e-01
634	6.947656899693087e-01	7.079457843841379e-01
675	6.514989884359260e-01	6.606934480075960e-01
716	6.091517941838673e-01	6.165950018614822e-01
757	5.683089857023496e-01	5.754399373371569e-01
798	5.294136806805974e-01	5.370317963702527e-01
839	4.927875028558240e-01	5.011872336272722e-01
880	4.586484563253061e-01	4.677351412871982e-01
921	4.271269110609300e-01	4.365158322401660e-01
962	3.982801109704510e-01	4.073802778041127e-01
1003	3.721055321746863e-01	3.801893963205612e-01
1044	3.485536076985168e-01	3.548133892335755e-01
1085	3.275412924682075e-01	3.311311214825911e-01
1126	3.089697583063521e-01	3.090295432513591e-01
1167	2.927508570339200e-01	2.951209226666385e-01
1208	2.788445341242399e-01	2.818382931264454e-01
1249	2.673004369273586e-01	2.691534803926916e-01
1290	2.582848053353398e-01	2.630267991895382e-01
1331	2.520628385290354e-01	2.570395782768864e-01
1372	2.488771797375098e-01	2.511886431509580e-01
3777	2.439586652877692e-01	2.454708915685030e-01
4235	2.398174798444289e-01	2.398832919019490e-01
4736	2.316671109719136e-01	2.344228815319922e-01
5322	2.159008233609369e-01	2.187761623949552e-01
5910	1.865545320508905e-01	1.905460717963247e-01
6458	1.576126963494037e-01	1.584893192461113e-01
7089	1.318597841074233e-01	1.348962882591654e-01
7679	1.093610365182031e-01	1.096478196143185e-01
8187	9.015639349144533e-02	9.120108393559097e-02
8613	7.423256049724125e-02	7.585775750291836e-02
9039	6.151218840536543e-02	6.165950018614822e-02
9465	5.184448817744047e-02	5.248074602497726e-02
9932	4.499562898385434e-02	4.570881896148749e-02
10235	4.063728191288463e-02	4.073802778041128e-02
10579	3.833221245588803e-02	3.890451449942807e-02
10882	3.751595781348172e-02	3.801893963205612e-02
13499	3.685315918434007e-02	3.715352290971726e-02
13833	3.624070155893744e-02	3.630780547701014e-02
14291	3.504704908712319e-02	3.548133892335755e-02
14792	3.278128730231744e-02	3.311311214825911e-02
15460	2.870937016888475e-02	2.884031503126606e-02
16171	2.220137465669503e-02	2.238721138568340e-02
17048	1.705751280789503e-02	1.737800828749375e-02
18049	1.350981858886813e-02	1.380384264602885e-02
19091	1.112619735172371e-02	1.122018454301964e-02
20173	9.551106534518516e-03	9.772372209558112e-03
21214	8.557336269351512e-03	8.709635899560805e-03
22378	7.980788305191777e-03	8.128305161640995e-03
27487	7.685931349942110e-03	7.762471166286920e-03
587761	7.437724598752582e-03	7.585775750291836e-03
590115	7.371227189720275e-03	7.413102413009177e-03
1807476	7.244173077781246e-03	7.244359600749898e-03
1811983	7.057498359694936e-03	7.079457843841380e-03
1826165	6.912013436846776e-03	6.918309709189363e-03
1827355	6.588116493916440e-03	6.606934480075957e-03
1827737	6.270348886027288e-03	6.309573444801930e-03
1828078	5.963565779998015e-03	6.025595860743574e-03
1828460	5.655711940702579e-03	5.754399373371567e-03
1828760	5.365610149620559e-03	5.370317963702527e-03
1829183	5.081252965887462e-03	5.128613839913648e-03
1829524	4.812816847546086e-03	4.897788193684461e-03
1829947	4.569355938196629e-03	4.570881896148752e-03
1830370	4.325082648042322e-03	4.365158322401661e-03
1830629	4.141155937626761e-03	4.168693834703355e-03
1830929	3.980869476025273e-03	3.981071705534973e-03
1831475	3.821927973082451e-03	3.890451449942805e-03
1831898	3.717467402108987e-03	3.801893963205613e-03
1832690	3.640761685311134e-03	3.715352290971724e-03
1832988	3.564527794569394e-03	3.630780547701014e-03
1833327	3.488471243951574e-03	3.548133892335753e-03
1833666	3.412765958909936e-03	3.467368504525317e-03
1833964	3.338321711892189e-03	3.388441561392024e-03
1834303	3.263562458687086e-03	3.311311214825911e-03
1834601	3.190208643247927e-03	3.235936569296281e-03
1834981	3.117926179509123e-03	3.162277660168379e-03
1835238	3.020971715168574e-03	3.090295432513592e-03
1835579	2.950114108545732e-03	2.951209226666387e-03
1835959	2.881038706021632e-03	2.884031503126605e-03
1836339	2.811432066302744e-03	2.818382931264455e-03
1836637	2.745535559425027e-03	2.754228703338166e-03
1837017	2.680232971576268e-03	2.691534803926917e-03
1837274	2.616574126279914e-03	2.630267991895381e-03
1837695	2.556541639360477e-03	2.570395782768865e-03
1838116	2.496017396952710e-03	2.511886431509579e-03
1838373	2.438511264735488e-03	2.454708915685031e-03
1838794	2.384516853056184e-03	2.398832919019490e-03
1839133	2.337876620679746e-03	2.344228815319923e-03
1840141	2.267534990780029e-03	2.290867652767772e-03
1840809	2.227702879864513e-03	2.238721138568340e-03
1841651	2.150582194346273e-03	2.187761623949552e-03
1842072	2.112835997164719e-03	2.137962089502233e-03
1842493	2.077495582141986e-03	2.089296130854039e-03
1843078	2.040081359340751e-03	2.041737944669530e-03
1843879	1.981919449254965e-03	1.995262314968879e-03
1845585	1.928288450878779e-03	1.949844599758046e-03
1846252	1.904023735985971e-03	1.905460717963246e-03
1847177	1.858654096366763e-03	1.862087136662868e-03
1847942	1.802534649819165e-03	1.819700858609983e-03
1848452	1.765225392286296e-03	1.778279410038923e-03
1849003	1.728163679158623e-03	1.737800828749376e-03
1849513	1.691432419868022e-03	1.698243652461744e-03
1850105	1.655135187498158e-03	1.659586907437561e-03
1850615	1.619061133374622e-03	1.621810097358930e-03
1851166	1.583733344869609e-03	1.584893192461114e-03
1852095	1.531760636455992e-03	1.548816618912481e-03
1852687	1.497835196599184e-03	1.513561248436209e-03
1853238	1.464789883365847e-03	1.479108388168207e-03
1853994	1.432542877702558e-03	1.445439770745928e-03
1854586	1.401269570066255e-03	1.412537544622754e-03
1855219	1.370791620672884e-03	1.380384264602885e-03
1855811	1.341146082900146e-03	1.348962882591653e-03
1856567	1.312552505621345e-03	1.318256738556408e-03
1857241	1.285089745861834e-03	1.288249551693134e-03
1857924	1.246573305078491e-03	1.258925411794167e-03
1858766	1.224573468136647e-03	1.230268770812381e-03
1860149	1.200682644613260e-03	1.202264434617413e-03
1861819	1.170757732740002e-03	1.174897554939529e-03
1863118	1.141705219889877e-03	1.148153621496883e-03
1864334	1.113378032699952e-03	1.122018454301963e-03
1864926	1.095037615694072e-03	1.096478196143185e-03
1867803	1.069375970667918e-03	1.071519305237606e-03
1869185	1.046197688071793e-03	1.047128548050900e-03
1871272	1.018259285786249e-03	1.023292992280754e-03
1872530	9.982178582175205e-04	1.000000000000000e-03
1874947	9.736721093216438e-04	9.772372209558111e-04
1880869	9.509607215146820e-04	9.549925860214359e-04
1881635	9.323977817375928e-04	9.332543007969915e-04
1882695	9.092706669016071e-04	9.120108393559096e-04
1883461	8.908326902308250e-04	8.912509381337459e-04
1884480	8.680649650261163e-04	8.709635899560805e-04
1885287	8.499998037452272e-04	8.511380382023768e-04
1886388	8.276912663210956e-04	8.317637711026709e-04
1887277	8.101899183974304e-04	8.128305161640995e-04
1888166	7.930064656652691e-04	7.943282347242813e-04
1889137	7.760440582273986e-04	7.762471166286919e-04
1890238	7.553792587553509e-04	7.585775750291835e-04
1891250	7.393415583598628e-04	7.413102413009177e-04
1892426	7.235998679562261e-04	7.244359600749898e-04
1893568	7.044891226845040e-04	7.079457843841380e-04
1894580	6.898052119864717e-04	6.918309709189362e-04
1895756	6.751140519818399e-04	6.760829753919819e-04
1897644	6.602099329506839e-04	6.606934480075957e-04
1898786	6.443323853699834e-04	6.456542290346556e-04
1901334	6.306884430380411e-04	6.309573444801930e-04
1904050	6.153906969688094e-04	6.165950018614823e-04
1908011	6.003763885781277e-04	6.025595860743575e-04
1909851	5.882495044224889e-04	5.888436553555889e-04
1911697	5.740443335565670e-04	5.754399373371566e-04
1913995	5.603096799629004e-04	5.623413251903491e-04
1916751	5.492187540044879e-04	5.495408738576248e-04
1922948	5.368323781591577e-04	5.370317963702527e-04
1925994	5.239959942028305e-04	5.248074602497728e-04
1929039	5.119589922711887e-04	5.128613839913648e-04
1932989	5.007880136075338e-04	5.011872336272725e-04
1942976	4.889833446197756e-04	4.897788193684461e-04
1946403	4.779347727069672e-04	4.786300923226385e-04
1947555	4.675619988223634e-04	4.677351412871981e-04
1948917	4.560625782015215e-04	4.570881896148752e-04
1950192	4.457890568125844e-04	4.466835921509630e-04
1951549	4.356280557809011e-04	4.365158322401661e-04
1952947	4.255624102771360e-04	4.265795188015926e-04
1954299	4.167202117407731e-04	4.168693834703355e-04
1955779	4.069963983638347e-04	4.073802778041126e-04
1957259	3.974299681217541e-04	3.981071705534974e-04
1960011	3.889934992072908e-04	3.890451449942805e-04
1963110	3.794686742494280e-04	3.801893963205612e-04
1964545	3.715245517253996e-04	3.715352290971724e-04
1966068	3.627069453600029e-04	3.630780547701014e-04
1967794	3.542142632783074e-04	3.548133892335753e-04
1969933	3.465917939881047e-04	3.467368504525317e-04
1971536	3.386658154014288e-04	3.388441561392024e-04
1974093	3.311119879058078e-04	3.311311214825911e-04
1977323	3.230706886337975e-04	3.235936569296281e-04
1982566	3.156143487924590e-04	3.162277660168379e-04
1989272	3.087779919871414e-04	3.090295432513592e-04
1992453	3.014200920076204e-04	3.019951720402016e-04
1994970	2.948503587748563e-04	2.951209226666387e-04
1998529	2.883919283674929e-04	2.884031503126605e-04
2000000	2.860080529948350e-04	2.884031503126605e-04
