%
% index = 2655, name = bbob_f002_i02_d10__bbob_f008_i04_d10
% instance = 1, reference value = 9.992917773189430e-01
% function evaluation | indicator value | target hit
1	4.485107910675943e+00	4.570881896148751e+00
36	4.463283492202443e+00	4.466835921509632e+00
39	4.312842123252943e+00	4.365158322401660e+00
40	4.145833661509942e+00	4.168693834703354e+00
61	3.916713575163943e+00	3.981071705534972e+00
82	3.544135426541443e+00	3.548133892335755e+00
103	3.195213710350943e+00	3.235936569296283e+00
124	2.875116649375943e+00	2.884031503126606e+00
145	2.624484288007943e+00	2.630267991895382e+00
166	2.354186535037943e+00	2.398832919019490e+00
187	2.106100314257943e+00	2.137962089502232e+00
208	1.881242191555943e+00	1.905460717963247e+00
229	1.677600590312443e+00	1.698243652461744e+00
250	1.494389258099943e+00	1.513561248436208e+00
271	1.329946712517443e+00	1.348962882591654e+00
292	1.183033904231443e+00	1.202264434617413e+00
313	1.053050810338443e+00	1.071519305237606e+00
334	9.397079142135930e-01	9.549925860214360e-01
355	8.380765412138145e-01	8.511380382023764e-01
376	7.385874764944477e-01	7.413102413009175e-01
397	6.484543839216379e-01	6.606934480075960e-01
418	5.775320931230512e-01	5.888436553555889e-01
439	5.172304120371862e-01	5.248074602497725e-01
460	4.786962187907194e-01	4.897788193684462e-01
481	4.529042425362639e-01	4.570881896148750e-01
502	4.184819910215800e-01	4.265795188015927e-01
523	3.634556935755759e-01	3.715352290971726e-01
544	3.192125446303510e-01	3.235936569296283e-01
565	2.939243340672637e-01	2.951209226666385e-01
586	2.741533144018412e-01	2.754228703338166e-01
607	2.450131018159005e-01	2.454708915685030e-01
628	2.113808297548487e-01	2.137962089502232e-01
649	1.774590930807600e-01	1.778279410038923e-01
670	1.672445823792093e-01	1.698243652461744e-01
691	1.537097819751201e-01	1.548816618912481e-01
712	1.449313675510208e-01	1.479108388168208e-01
733	1.390191208088244e-01	1.412537544622754e-01
754	1.229115689492550e-01	1.230268770812381e-01
775	1.039646972263142e-01	1.047128548050900e-01
796	8.475864446332904e-02	8.511380382023763e-02
817	7.827992041624232e-02	7.943282347242814e-02
838	7.472613139557760e-02	7.585775750291836e-02
859	6.744135865410728e-02	6.760829753919818e-02
880	5.412902977225109e-02	5.495408738576246e-02
901	4.883662813842105e-02	4.897788193684462e-02
922	4.638975408932544e-02	4.677351412871981e-02
943	4.528301662090606e-02	4.570881896148749e-02
985	4.244224065205671e-02	4.265795188015926e-02
1006	4.104509165129833e-02	4.168693834703355e-02
1027	3.796087058866626e-02	3.801893963205612e-02
1048	2.884344443498299e-02	2.951209226666385e-02
1069	2.810272547969672e-02	2.818382931264454e-02
1153	2.719505061526861e-02	2.754228703338166e-02
1174	2.595376995173315e-02	2.630267991895381e-02
1195	2.354674245344779e-02	2.398832919019490e-02
1216	2.343817657795766e-02	2.344228815319923e-02
1279	1.832682755897008e-02	1.862087136662868e-02
1300	1.485478019080466e-02	1.513561248436208e-02
1321	1.469818148839797e-02	1.479108388168207e-02
1405	1.441524915709391e-02	1.445439770745927e-02
1426	1.387838079951764e-02	1.412537544622754e-02
1447	1.133227702319517e-02	1.148153621496883e-02
1468	1.118786496689050e-02	1.122018454301964e-02
1531	1.095621807435176e-02	1.096478196143185e-02
1552	9.167484954823224e-03	9.332543007969915e-03
1573	8.116552621662443e-03	8.128305161640995e-03
1657	7.868780043951307e-03	7.943282347242814e-03
1678	7.499683404459168e-03	7.585775750291836e-03
1909	7.396227734891792e-03	7.413102413009177e-03
2602	7.203227555824920e-03	7.244359600749898e-03
3652	7.067834057712274e-03	7.079457843841380e-03
5464	6.918183043166048e-03	6.918309709189363e-03
43422	5.920366354875140e-03	6.025595860743574e-03
60290	4.821761865676510e-03	4.897788193684461e-03
75035	4.315070586629943e-03	4.365158322401661e-03
84985	4.039095308269403e-03	4.073802778041126e-03
105415	3.579887527602521e-03	3.630780547701014e-03
120320	3.504866927532380e-03	3.548133892335753e-03
164704	3.391308791748759e-03	3.467368504525317e-03
173527	3.283811471661013e-03	3.311311214825911e-03
188032	3.230254334782967e-03	3.235936569296281e-03
204245	3.144507572421795e-03	3.162277660168379e-03
213445	3.016158736375174e-03	3.019951720402016e-03
221762	2.873645451966000e-03	2.884031503126605e-03
237001	2.781017018230636e-03	2.818382931264455e-03
259091	2.749328890461644e-03	2.754228703338166e-03
794583	2.671622570161958e-03	2.691534803926917e-03
794823	2.564775533274943e-03	2.570395782768865e-03
797842	2.370180415068091e-03	2.398832919019490e-03
798860	2.053989552706748e-03	2.089296130854039e-03
799816	1.677459834603545e-03	1.698243652461744e-03
805996	1.658395348589581e-03	1.659586907437561e-03
805999	1.603293234245906e-03	1.621810097358930e-03
807620	1.582045629574202e-03	1.584893192461114e-03
816555	1.546206093818725e-03	1.548816618912481e-03
818174	1.508775797926853e-03	1.513561248436209e-03
819544	1.472243124006511e-03	1.479108388168207e-03
821229	1.436817747073826e-03	1.445439770745928e-03
823000	1.404918828751156e-03	1.412537544622754e-03
1000000	1.386332050239747e-03	1.412537544622754e-03
%
% index = 2656, name = bbob_f002_i03_d10__bbob_f008_i05_d10
% instance = 2, reference value = 9.992053943216040e-01
% function evaluation | indicator value | target hit
1	1.007446212021104e+00	1.023292992280754e+00
37	9.988221800538154e-01	1.000000000000000e+00
40	9.667938686127399e-01	9.772372209558107e-01
61	9.373565485134390e-01	9.549925860214360e-01
82	8.818077326868397e-01	8.912509381337456e-01
103	8.224429662079138e-01	8.317637711026710e-01
124	7.620257618982965e-01	7.762471166286917e-01
145	7.022313357365531e-01	7.079457843841379e-01
166	6.432352344564095e-01	6.456542290346555e-01
187	5.836082980775154e-01	5.888436553555889e-01
208	5.213898691258926e-01	5.248074602497725e-01
229	4.576874332955687e-01	4.677351412871982e-01
250	3.988627707854153e-01	4.073802778041127e-01
271	3.498598011507565e-01	3.548133892335755e-01
292	3.077898855077753e-01	3.090295432513591e-01
313	2.684584519404265e-01	2.691534803926916e-01
334	2.350851610280644e-01	2.398832919019490e-01
355	2.053805650112576e-01	2.089296130854039e-01
376	1.805721458036674e-01	1.819700858609984e-01
397	1.589401711081557e-01	1.621810097358930e-01
418	1.390463627431200e-01	1.412537544622754e-01
439	1.214077158861552e-01	1.230268770812381e-01
460	1.058553947851275e-01	1.071519305237607e-01
481	9.255274529567070e-02	9.332543007969910e-02
502	8.176509435616319e-02	8.317637711026708e-02
523	7.121152541381048e-02	7.244359600749903e-02
544	6.732358221235846e-02	6.760829753919818e-02
565	6.469651924333208e-02	6.606934480075961e-02
586	5.928737487880087e-02	6.025595860743578e-02
607	5.549765958370800e-02	5.623413251903491e-02
628	4.953982543360991e-02	5.011872336272722e-02
649	4.187552218544754e-02	4.265795188015926e-02
670	4.076809644214685e-02	4.168693834703355e-02
691	3.982360399529128e-02	4.073802778041128e-02
712	3.871140227344350e-02	3.890451449942807e-02
733	3.732730924267280e-02	3.801893963205612e-02
754	3.327815818074031e-02	3.388441561392026e-02
775	2.951548778511437e-02	3.019951720402016e-02
796	2.881657153183548e-02	2.884031503126606e-02
817	2.778920211366587e-02	2.818382931264454e-02
838	2.587844704871722e-02	2.630267991895381e-02
859	2.268599342862643e-02	2.290867652767773e-02
880	2.220212577238667e-02	2.238721138568340e-02
922	2.142757400616901e-02	2.187761623949553e-02
943	2.002508799861447e-02	2.041737944669529e-02
964	1.683740424876345e-02	1.698243652461744e-02
1006	1.619676186176633e-02	1.621810097358930e-02
1027	1.547832761393098e-02	1.548816618912481e-02
1111	1.503260883140622e-02	1.513561248436208e-02
1174	1.469385598330519e-02	1.479108388168207e-02
1195	1.426193473207027e-02	1.445439770745927e-02
1216	1.155047485768390e-02	1.174897554939530e-02
1237	1.137311148951969e-02	1.148153621496883e-02
1258	1.111484755642267e-02	1.122018454301964e-02
1279	1.048029488099500e-02	1.071519305237606e-02
1300	9.489865611485682e-03	9.549925860214359e-03
1363	9.320571560935687e-03	9.332543007969915e-03
1489	9.084182921539674e-03	9.120108393559097e-03
1825	8.901801335487569e-03	8.912509381337459e-03
2014	8.570421564922714e-03	8.709635899560805e-03
2035	7.978575033439683e-03	8.128305161640995e-03
2098	7.926080729147689e-03	7.943282347242814e-03
2413	7.500360435284792e-03	7.585775750291836e-03
2759	7.383254303220288e-03	7.413102413009177e-03
189738	7.208357681074862e-03	7.244359600749898e-03
190216	7.061791096607428e-03	7.079457843841380e-03
191097	6.790894002938197e-03	6.918309709189363e-03
198683	6.552340054079786e-03	6.606934480075957e-03
207549	6.376039494788155e-03	6.456542290346556e-03
215763	6.136676494499116e-03	6.165950018614822e-03
227029	6.024684760084886e-03	6.025595860743574e-03
239973	5.863452572711370e-03	5.888436553555890e-03
240052	5.752222397554907e-03	5.754399373371567e-03
289900	5.580347078960490e-03	5.623413251903491e-03
294213	5.367861568403298e-03	5.370317963702527e-03
300134	5.061356126537464e-03	5.128613839913648e-03
303666	4.767905523119786e-03	4.786300923226385e-03
308205	4.636114696765281e-03	4.677351412871981e-03
314189	4.527375531629518e-03	4.570881896148752e-03
318241	4.399669606031220e-03	4.466835921509630e-03
321359	4.348501192439014e-03	4.365158322401661e-03
333346	4.225457140156874e-03	4.265795188015926e-03
336171	4.150906433027735e-03	4.168693834703355e-03
338483	4.015549027733933e-03	4.073802778041126e-03
340714	3.955941178855338e-03	3.981071705534973e-03
343418	3.860338704965938e-03	3.890451449942805e-03
346277	3.791673352794400e-03	3.801893963205613e-03
462851	3.715252504545297e-03	3.715352290971724e-03
463229	3.629769905308944e-03	3.630780547701014e-03
465711	3.547748872588130e-03	3.548133892335753e-03
819214	3.129553093022985e-03	3.162277660168379e-03
819252	3.081737085109726e-03	3.090295432513592e-03
968199	2.856328742858572e-03	2.884031503126605e-03
970664	2.501861701079355e-03	2.511886431509579e-03
974291	2.020803488567480e-03	2.041737944669530e-03
979354	1.582609451916239e-03	1.584893192461114e-03
986593	1.405537181446426e-03	1.412537544622754e-03
1000000	1.398057061204327e-03	1.412537544622754e-03
%
% index = 2657, name = bbob_f002_i07_d10__bbob_f008_i08_d10
% instance = 3, reference value = 9.992192134753860e-01
% function evaluation | indicator value | target hit
1	1.296952643247510e+01	1.318256738556407e+01
37	1.284031396299759e+01	1.288249551693134e+01
39	1.246578822895662e+01	1.258925411794167e+01
40	1.199313581260340e+01	1.202264434617413e+01
61	1.136118096412740e+01	1.148153621496883e+01
82	1.034837874398674e+01	1.047128548050900e+01
103	9.355743742551411e+00	9.549925860214358e+00
124	8.483382679608386e+00	8.511380382023766e+00
145	7.695943828304386e+00	7.762471166286917e+00
166	6.969336732617386e+00	7.079457843841379e+00
187	6.298479711362385e+00	6.309573444801933e+00
208	5.680978750636386e+00	5.754399373371569e+00
229	5.277744534186386e+00	5.370317963702527e+00
250	4.756625994173386e+00	4.786300923226384e+00
271	4.262472361301386e+00	4.265795188015927e+00
292	3.812380776327386e+00	3.890451449942806e+00
313	3.403255401737386e+00	3.467368504525317e+00
334	3.038832566843386e+00	3.090295432513591e+00
355	2.699298937298886e+00	2.754228703338166e+00
376	2.446140143764886e+00	2.454708915685031e+00
397	2.231211824060386e+00	2.238721138568339e+00
418	1.962932710990386e+00	1.995262314968880e+00
439	1.723271797665886e+00	1.737800828749375e+00
460	1.507072812924886e+00	1.513561248436208e+00
481	1.315223569877886e+00	1.318256738556407e+00
502	1.149148773280386e+00	1.174897554939530e+00
523	1.009753174572386e+00	1.023292992280754e+00
544	8.860572528022598e-01	8.912509381337456e-01
565	7.722515214124661e-01	7.762471166286917e-01
586	6.765068466976440e-01	6.918309709189365e-01
607	6.118885452338598e-01	6.165950018614822e-01
628	5.303073561997405e-01	5.370317963702527e-01
649	4.548579926826772e-01	4.570881896148750e-01
670	4.019549968572139e-01	4.073802778041127e-01
691	3.539971296938548e-01	3.548133892335755e-01
712	3.223690666158497e-01	3.235936569296283e-01
733	2.984338089507313e-01	3.019951720402016e-01
754	2.658763502177480e-01	2.691534803926916e-01
775	2.287290591825237e-01	2.290867652767773e-01
796	1.982331250080033e-01	1.995262314968880e-01
817	1.762450489012179e-01	1.778279410038923e-01
838	1.598504842941270e-01	1.621810097358930e-01
859	1.440175060293791e-01	1.445439770745928e-01
880	1.244352718751990e-01	1.258925411794167e-01
901	1.048573271726185e-01	1.071519305237607e-01
922	9.267748279069987e-02	9.332543007969910e-02
943	7.825045475513681e-02	7.943282347242814e-02
964	6.378206833038580e-02	6.456542290346556e-02
985	5.385194880895261e-02	5.495408738576246e-02
1006	4.676227780440367e-02	4.677351412871981e-02
1027	3.967275865021358e-02	3.981071705534973e-02
1048	3.351599401396321e-02	3.388441561392026e-02
1069	3.219216181056550e-02	3.235936569296283e-02
1090	2.978096895510896e-02	3.019951720402016e-02
1111	2.687450260095225e-02	2.691534803926915e-02
1132	2.504149677641621e-02	2.511886431509579e-02
1174	2.365755166348571e-02	2.398832919019490e-02
1195	2.218678510869021e-02	2.238721138568340e-02
1216	2.177512101265777e-02	2.187761623949553e-02
1279	2.129968722168563e-02	2.137962089502233e-02
1363	2.069519128253250e-02	2.089296130854040e-02
1384	1.933949707310512e-02	1.949844599758046e-02
1594	1.873561379053679e-02	1.905460717963247e-02
2623	1.862077783386251e-02	1.862087136662868e-02
160915	1.805221583420591e-02	1.819700858609984e-02
160978	1.761306537212215e-02	1.778279410038923e-02
161041	1.735822130055165e-02	1.737800828749375e-02
183644	1.683991716443056e-02	1.698243652461744e-02
184100	1.645598700018047e-02	1.659586907437561e-02
356342	1.621517180755316e-02	1.621810097358930e-02
413077	1.577286213982310e-02	1.584893192461113e-02
414497	1.425825923050061e-02	1.445439770745927e-02
416642	1.380287044528672e-02	1.380384264602885e-02
428153	1.326891055240431e-02	1.348962882591653e-02
429447	1.239526968113436e-02	1.258925411794167e-02
430536	1.097394542024321e-02	1.122018454301964e-02
433486	9.717062287536438e-03	9.772372209558112e-03
433604	9.532682007234561e-03	9.549925860214359e-03
433625	9.296691344511610e-03	9.332543007969915e-03
505571	9.032896123283174e-03	9.120108393559097e-03
663087	8.365259131113412e-03	8.511380382023767e-03
665863	7.181748163699986e-03	7.244359600749898e-03
672174	5.811623015082978e-03	5.888436553555890e-03
675239	4.444465260418307e-03	4.466835921509630e-03
691892	3.821510083266810e-03	3.890451449942805e-03
692075	3.796253022467222e-03	3.801893963205613e-03
701814	3.283255142483399e-03	3.311311214825911e-03
723823	2.987436670831567e-03	3.019951720402016e-03
725086	2.950738104120609e-03	2.951209226666387e-03
1000000	2.888004989836657e-03	2.951209226666387e-03
%
% index = 2658, name = bbob_f002_i09_d10__bbob_f008_i10_d10
% instance = 4, reference value = 9.915589396428030e-01
% function evaluation | indicator value | target hit
1	1.022248795186303e+00	1.023292992280754e+00
39	9.903413404205625e-01	1.000000000000000e+00
61	9.687155921139119e-01	9.772372209558107e-01
82	9.400366244690508e-01	9.549925860214360e-01
103	9.072850223926919e-01	9.120108393559098e-01
124	8.696802431052809e-01	8.709635899560807e-01
145	8.226461272377658e-01	8.317637711026710e-01
166	7.633096469181911e-01	7.762471166286917e-01
187	6.994845623028831e-01	7.079457843841379e-01
208	6.440519821623460e-01	6.456542290346555e-01
229	5.998612908931971e-01	6.025595860743578e-01
250	5.563964382593266e-01	5.623413251903491e-01
271	5.128677029469209e-01	5.248074602497725e-01
292	4.718725812517667e-01	4.786300923226383e-01
313	4.224538842986904e-01	4.265795188015927e-01
334	3.702516464442727e-01	3.715352290971726e-01
355	3.398609880272428e-01	3.467368504525316e-01
376	3.106771028097985e-01	3.162277660168379e-01
397	2.776259105440854e-01	2.818382931264454e-01
418	2.501408623714487e-01	2.511886431509580e-01
439	2.215383128724011e-01	2.238721138568339e-01
460	1.992764162106132e-01	1.995262314968880e-01
481	1.808578416086207e-01	1.819700858609984e-01
502	1.633100980651485e-01	1.659586907437560e-01
523	1.460387415308948e-01	1.479108388168208e-01
544	1.317849230434607e-01	1.318256738556407e-01
565	1.189680083956004e-01	1.202264434617413e-01
586	1.078386201587023e-01	1.096478196143185e-01
607	9.825865692355851e-02	1.000000000000000e-01
628	9.020722458130348e-02	9.120108393559097e-02
649	8.356460521172182e-02	8.511380382023763e-02
670	7.829428975148356e-02	7.943282347242814e-02
691	7.434065720836014e-02	7.585775750291836e-02
712	7.245940802969653e-02	7.413102413009177e-02
733	6.980999877375260e-02	7.079457843841380e-02
754	6.826154272187257e-02	6.918309709189366e-02
796	6.721111640982536e-02	6.760829753919818e-02
817	6.563279344477280e-02	6.606934480075961e-02
838	6.395076557329538e-02	6.456542290346556e-02
943	6.226209286655693e-02	6.309573444801933e-02
964	6.060834080365429e-02	6.165950018614822e-02
1027	6.016353881554048e-02	6.025595860743578e-02
1048	5.865185002549000e-02	5.888436553555890e-02
1363	5.748517763162275e-02	5.754399373371569e-02
1573	5.551464223976976e-02	5.623413251903491e-02
1825	5.493103372415742e-02	5.495408738576246e-02
2035	5.342069155652396e-02	5.370317963702527e-02
2539	5.215594737773754e-02	5.248074602497726e-02
38036	4.646628207246817e-02	4.677351412871981e-02
43152	4.086165290505084e-02	4.168693834703355e-02
51622	3.541680864411767e-02	3.548133892335755e-02
70184	3.027361547071306e-02	3.090295432513590e-02
77921	2.568965473907814e-02	2.570395782768863e-02
95954	2.186121481350267e-02	2.187761623949553e-02
118206	1.910025639512092e-02	1.949844599758046e-02
263025	1.903336848295478e-02	1.905460717963247e-02
268386	1.861246498435554e-02	1.862087136662868e-02
269142	1.816541948013262e-02	1.819700858609984e-02
273239	1.764437416071163e-02	1.778279410038923e-02
275901	1.704789773265003e-02	1.737800828749375e-02
277117	1.656942105752368e-02	1.659586907437561e-02
278332	1.608905212165779e-02	1.621810097358930e-02
478038	1.584829534059862e-02	1.584893192461113e-02
493732	1.375305768908641e-02	1.380384264602885e-02
496573	1.148639707469001e-02	1.174897554939530e-02
507095	9.698590800087392e-03	9.772372209558112e-03
528558	8.156773099322279e-03	8.317637711026709e-03
544508	6.493722976941396e-03	6.606934480075957e-03
554409	4.848887514188438e-03	4.897788193684461e-03
565591	3.793766163598167e-03	3.801893963205613e-03
587437	3.429707865571174e-03	3.467368504525317e-03
595000	3.210822471617081e-03	3.235936569296281e-03
599151	2.925581482352668e-03	2.951209226666387e-03
604463	2.656926812196092e-03	2.691534803926917e-03
636167	2.595121660750710e-03	2.630267991895381e-03
1000000	2.591800500619912e-03	2.630267991895381e-03
%
% index = 2659, name = bbob_f002_i11_d10__bbob_f008_i12_d10
% instance = 5, reference value = 9.941915825830590e-01
% function evaluation | indicator value | target hit
1	1.886243068667059e+00	1.905460717963247e+00
40	1.836617589951059e+00	1.862087136662868e+00
61	1.797681261831059e+00	1.819700858609983e+00
82	1.722820114750059e+00	1.737800828749375e+00
103	1.637131616830559e+00	1.659586907437561e+00
124	1.541581644678059e+00	1.548816618912481e+00
145	1.438522810785059e+00	1.445439770745927e+00
166	1.331387697517059e+00	1.348962882591654e+00
187	1.224168295963559e+00	1.230268770812382e+00
208	1.120795311629559e+00	1.122018454301963e+00
229	1.024557414165059e+00	1.047128548050900e+00
250	9.493975496368064e-01	9.549925860214360e-01
271	8.854201097337722e-01	8.912509381337456e-01
292	8.265001698183039e-01	8.317637711026710e-01
313	7.723628787339363e-01	7.762471166286917e-01
334	7.216229844892720e-01	7.244359600749900e-01
355	6.721789564555245e-01	6.760829753919817e-01
376	6.218881282037908e-01	6.309573444801932e-01
397	5.694741334428112e-01	5.754399373371569e-01
418	5.153707972303438e-01	5.248074602497725e-01
439	4.619780096161720e-01	4.677351412871982e-01
460	4.129501890810752e-01	4.168693834703354e-01
481	3.717227066079172e-01	3.801893963205612e-01
502	3.399274985344625e-01	3.467368504525316e-01
523	3.161260383041318e-01	3.162277660168379e-01
544	2.952017252357153e-01	3.019951720402016e-01
565	2.696885208390873e-01	2.754228703338166e-01
586	2.352505843108375e-01	2.398832919019490e-01
607	1.984457216008670e-01	1.995262314968880e-01
628	1.718714287126204e-01	1.737800828749375e-01
649	1.604637853195617e-01	1.621810097358930e-01
670	1.555883739654260e-01	1.584893192461113e-01
691	1.505926758722590e-01	1.513561248436208e-01
712	1.470571670045624e-01	1.479108388168208e-01
754	1.427111840965278e-01	1.445439770745928e-01
796	1.399961651976006e-01	1.412537544622754e-01
838	1.377232648478073e-01	1.380384264602885e-01
943	1.192610810840322e-01	1.202264434617413e-01
964	1.166100474112691e-01	1.174897554939529e-01
14241	1.043685860356022e-01	1.047128548050900e-01
17277	9.249337694958182e-02	9.332543007969910e-02
18116	8.076577644332328e-02	8.128305161640990e-02
21666	6.956817206790011e-02	7.079457843841380e-02
24744	5.953195775485698e-02	6.025595860743578e-02
32023	5.124593814447531e-02	5.128613839913648e-02
32061	4.918618664812224e-02	5.011872336272722e-02
32062	4.435908317540904e-02	4.466835921509630e-02
52536	4.343827355501673e-02	4.365158322401658e-02
202746	4.235373522886787e-02	4.265795188015926e-02
284131	4.141857936858029e-02	4.168693834703355e-02
286134	4.051963813915904e-02	4.073802778041128e-02
288871	3.980789758903458e-02	3.981071705534973e-02
332838	3.506931678724534e-02	3.548133892335755e-02
607882	3.216607536704030e-02	3.235936569296283e-02
608702	2.730348397443538e-02	2.754228703338166e-02
610266	2.220917221081964e-02	2.238721138568340e-02
623245	1.764880989893858e-02	1.778279410038923e-02
633014	1.240698380651928e-02	1.258925411794167e-02
649734	6.793167801564137e-03	6.918309709189363e-03
652033	3.454002761015040e-03	3.467368504525317e-03
658950	2.224902453522248e-03	2.238721138568340e-03
680883	1.519524361179858e-03	1.548816618912481e-03
680960	1.511455608406487e-03	1.513561248436209e-03
699989	1.276789289432534e-03	1.288249551693134e-03
707698	1.258916956722422e-03	1.258925411794167e-03
710901	1.195902709989372e-03	1.202264434617413e-03
871177	1.174522382953902e-03	1.174897554939529e-03
1000000	1.165224564054212e-03	1.174897554939529e-03
%
% index = 2660, name = bbob_f002_i13_d10__bbob_f008_i14_d10
% instance = 6, reference value = 9.993735457890590e-01
% function evaluation | indicator value | target hit
1	1.035334452970656e+01	1.047128548050900e+01
40	1.011190674533256e+01	1.023292992280754e+01
61	9.924880380361559e+00	1.000000000000000e+01
82	9.565682984024059e+00	9.772372209558107e+00
103	9.149082557761059e+00	9.332543007969910e+00
124	8.673157536517058e+00	8.709635899560805e+00
145	8.144020513031059e+00	8.317637711026711e+00
166	7.575492561839559e+00	7.585775750291837e+00
187	6.987247642874559e+00	7.079457843841379e+00
208	6.401737625081059e+00	6.456542290346556e+00
229	5.840586477624059e+00	5.888436553555890e+00
250	5.321288119907059e+00	5.370317963702527e+00
271	4.854851310695058e+00	4.897788193684462e+00
292	4.444642566258058e+00	4.466835921509632e+00
313	4.086343481513059e+00	4.168693834703354e+00
334	3.768858447668559e+00	3.801893963205611e+00
355	3.476220886305059e+00	3.548133892335755e+00
376	3.190844311154559e+00	3.235936569296283e+00
397	2.898434500671059e+00	2.951209226666386e+00
418	2.593914705021059e+00	2.630267991895382e+00
439	2.285609928931559e+00	2.290867652767773e+00
460	1.993720659784059e+00	1.995262314968880e+00
481	1.741834826021059e+00	1.778279410038923e+00
502	1.545260247328059e+00	1.548816618912481e+00
523	1.401118839392059e+00	1.412537544622754e+00
544	1.282346980854059e+00	1.288249551693134e+00
565	1.140753418414559e+00	1.148153621496883e+00
586	9.380659089489960e-01	9.549925860214360e-01
607	7.063307396889908e-01	7.079457843841379e-01
628	5.301800874010730e-01	5.370317963702527e-01
649	4.499765073791938e-01	4.570881896148750e-01
670	4.191885195903793e-01	4.265795188015927e-01
691	3.589316007968585e-01	3.630780547701014e-01
712	2.435409402475980e-01	2.454708915685030e-01
733	1.941305253640322e-01	1.949844599758045e-01
754	1.872457424427345e-01	1.905460717963247e-01
775	1.750757593282184e-01	1.778279410038923e-01
796	1.689144587076266e-01	1.698243652461744e-01
859	1.450320992936499e-01	1.479108388168208e-01
880	1.442128608797770e-01	1.445439770745928e-01
1804	1.384324880628175e-01	1.412537544622754e-01
1846	1.376174709669074e-01	1.380384264602885e-01
2497	1.345621568822569e-01	1.348962882591654e-01
2518	1.305689617440159e-01	1.318256738556407e-01
5372	1.283434630352001e-01	1.288249551693134e-01
5742	1.114530159349986e-01	1.122018454301964e-01
6156	8.230162791236795e-02	8.317637711026708e-02
6592	5.211188116823218e-02	5.248074602497726e-02
6629	5.008936016635035e-02	5.011872336272722e-02
6630	4.823479616464654e-02	4.897788193684462e-02
13243	4.785378220610348e-02	4.786300923226382e-02
373995	4.073605628054522e-02	4.073802778041128e-02
374835	3.407736570194297e-02	3.467368504525317e-02
375696	2.833619036913471e-02	2.884031503126606e-02
376620	2.017560508829908e-02	2.041737944669529e-02
376656	1.978477878142704e-02	1.995262314968880e-02
376657	1.947289962214349e-02	1.949844599758046e-02
377584	1.483688490048474e-02	1.513561248436208e-02
379781	1.095618294577594e-02	1.096478196143185e-02
382442	4.923178035450282e-03	5.011872336272725e-03
382649	4.851571502228924e-03	4.897788193684461e-03
382739	4.725706767103377e-03	4.786300923226385e-03
411312	4.676823771550986e-03	4.677351412871981e-03
978900	2.950190013052523e-03	2.951209226666387e-03
993346	2.097895997126509e-03	2.137962089502233e-03
1000000	2.097421373611574e-03	2.137962089502233e-03
%
% index = 2661, name = bbob_f002_i15_d10__bbob_f008_i16_d10
% instance = 7, reference value = 9.970288471432200e-01
% function evaluation | indicator value | target hit
1	9.349618072005285e+00	9.549925860214358e+00
36	9.331118488584019e+00	9.332543007969910e+00
40	9.039180876537843e+00	9.120108393559097e+00
61	8.800122464579323e+00	8.912509381337454e+00
82	8.353214881866220e+00	8.511380382023766e+00
103	7.861810194984404e+00	7.943282347242816e+00
124	7.337001763750870e+00	7.413102413009175e+00
145	6.795171442379074e+00	6.918309709189364e+00
166	6.254385137069720e+00	6.309573444801933e+00
187	5.731597061261720e+00	5.754399373371569e+00
208	5.242224503415220e+00	5.248074602497725e+00
229	4.796570404502719e+00	4.897788193684462e+00
250	4.399058438841219e+00	4.466835921509632e+00
271	4.048544726591220e+00	4.073802778041127e+00
292	3.739140814494220e+00	3.801893963205611e+00
313	3.460912471046220e+00	3.467368504525317e+00
334	3.200744177050720e+00	3.235936569296283e+00
355	2.944730702999720e+00	2.951209226666386e+00
376	2.682564075284720e+00	2.691534803926916e+00
397	2.412197374918720e+00	2.454708915685031e+00
418	2.141743254614720e+00	2.187761623949553e+00
439	1.886431381335220e+00	1.905460717963247e+00
460	1.662464472287720e+00	1.698243652461744e+00
481	1.483376776898220e+00	1.513561248436208e+00
502	1.352522722050720e+00	1.380384264602885e+00
523	1.250894161601720e+00	1.258925411794167e+00
544	1.139495743806720e+00	1.148153621496883e+00
565	9.828382561269648e-01	1.000000000000000e+00
586	7.912388462576250e-01	7.943282347242815e-01
607	6.067431215184639e-01	6.165950018614822e-01
628	4.879375879578933e-01	4.897788193684462e-01
649	4.412959660356581e-01	4.466835921509631e-01
670	4.222463282024116e-01	4.265795188015927e-01
691	3.597345771036198e-01	3.630780547701014e-01
712	2.548832660028159e-01	2.570395782768864e-01
733	2.122904634940923e-01	2.137962089502232e-01
754	2.047172925393774e-01	2.089296130854039e-01
775	1.907674967597677e-01	1.949844599758045e-01
796	1.661355556955717e-01	1.698243652461744e-01
817	1.418569867156418e-01	1.445439770745928e-01
838	1.379211561248053e-01	1.380384264602885e-01
859	1.336986397484108e-01	1.348962882591654e-01
985	1.316971717087090e-01	1.318256738556407e-01
1027	1.244039573449169e-01	1.258925411794167e-01
1678	1.204392672487448e-01	1.230268770812381e-01
1699	1.194216164291876e-01	1.202264434617413e-01
1846	1.157455060549651e-01	1.174897554939529e-01
1867	1.147790363430082e-01	1.148153621496883e-01
1972	1.049272198839318e-01	1.071519305237607e-01
1993	1.016047375476894e-01	1.023292992280754e-01
2056	9.801209831795099e-02	1.000000000000000e-01
2098	8.964048412162129e-02	9.120108393559097e-02
3669	8.871986062110238e-02	8.912509381337455e-02
3975	8.679727550741634e-02	8.709635899560805e-02
356161	8.478645393765727e-02	8.511380382023763e-02
356487	8.306784536469347e-02	8.317637711026708e-02
356814	7.991958778327457e-02	8.128305161640990e-02
357457	7.433410009213293e-02	7.585775750291836e-02
358100	6.481845208368531e-02	6.606934480075961e-02
359063	5.163501256574177e-02	5.248074602497726e-02
359100	5.114317835286653e-02	5.128613839913648e-02
360365	4.206535163912861e-02	4.265795188015926e-02
364080	3.758592916607117e-02	3.801893963205612e-02
367367	3.331722595735798e-02	3.388441561392026e-02
638328	3.243073390765228e-02	3.311311214825911e-02
640140	3.047541388201946e-02	3.090295432513590e-02
642390	2.697737085847407e-02	2.754228703338166e-02
646128	2.200698461699402e-02	2.238721138568340e-02
654045	1.610025044872343e-02	1.621810097358930e-02
662020	9.830257107269369e-03	1.000000000000000e-02
672583	6.295259759488969e-03	6.309573444801930e-03
673614	5.914793033689136e-03	6.025595860743574e-03
693976	5.649753933137158e-03	5.754399373371567e-03
753059	5.623388789681272e-03	5.623413251903491e-03
923499	5.223606026491190e-03	5.248074602497728e-03
930391	3.909498112269483e-03	3.981071705534973e-03
941429	3.212038076975343e-03	3.235936569296281e-03
960776	2.813712821584824e-03	2.818382931264455e-03
974891	2.281919406895816e-03	2.290867652767772e-03
986528	1.447959355107109e-03	1.479108388168207e-03
990873	1.445129466256745e-03	1.445439770745928e-03
1000000	1.419246306873956e-03	1.445439770745928e-03
%
% index = 2662, name = bbob_f002_i17_d10__bbob_f008_i18_d10
% instance = 8, reference value = 9.975507628724020e-01
% function evaluation | indicator value | target hit
1	1.499790927869402e+00	1.513561248436208e+00
38	1.471813312943402e+00	1.479108388168207e+00
39	1.444259216465402e+00	1.445439770745927e+00
40	1.390403887993402e+00	1.412537544622754e+00
61	1.317130046684402e+00	1.318256738556407e+00
82	1.199283414804902e+00	1.202264434617413e+00
103	1.090199743820902e+00	1.096478196143185e+00
124	9.903249283615442e-01	1.000000000000000e+00
145	9.036396749401658e-01	9.120108393559098e-01
166	8.190291312528777e-01	8.317637711026710e-01
187	7.404928097500061e-01	7.413102413009175e-01
208	6.672141033315100e-01	6.760829753919817e-01
229	6.005141608487696e-01	6.025595860743578e-01
250	5.512005207789734e-01	5.623413251903491e-01
271	4.980536338868510e-01	5.011872336272722e-01
292	4.486340491893855e-01	4.570881896148750e-01
313	4.101934058694673e-01	4.168693834703354e-01
334	3.778031586954026e-01	3.801893963205612e-01
355	3.497337144699132e-01	3.548133892335755e-01
376	3.231899338919653e-01	3.235936569296283e-01
397	2.926870887213030e-01	2.951209226666385e-01
418	2.621517512891058e-01	2.630267991895382e-01
439	2.366519740556087e-01	2.398832919019490e-01
460	2.133732634922172e-01	2.137962089502232e-01
481	1.927100902502052e-01	1.949844599758045e-01
502	1.772035580056421e-01	1.778279410038923e-01
523	1.635245209296158e-01	1.659586907437560e-01
544	1.540554854161119e-01	1.548816618912481e-01
565	1.487116414092227e-01	1.513561248436208e-01
586	1.368507727127499e-01	1.380384264602885e-01
607	1.221366642888078e-01	1.230268770812381e-01
628	1.137253792152985e-01	1.148153621496883e-01
649	1.084324091378434e-01	1.096478196143185e-01
670	1.060999916620763e-01	1.071519305237607e-01
691	1.014967449616652e-01	1.023292992280754e-01
712	9.364956793771706e-02	9.549925860214359e-02
733	8.893868447532460e-02	8.912509381337455e-02
754	8.087646466338672e-02	8.128305161640990e-02
775	7.137114178709580e-02	7.244359600749903e-02
796	6.722682078623632e-02	6.760829753919818e-02
817	6.577108518661812e-02	6.606934480075961e-02
859	6.257465985195643e-02	6.309573444801933e-02
880	5.650229383763905e-02	5.754399373371569e-02
901	4.944465005304899e-02	5.011872336272722e-02
922	4.878204162177535e-02	4.897788193684462e-02
943	4.778588967761055e-02	4.786300923226382e-02
964	4.607590602905931e-02	4.677351412871981e-02
985	4.106322744275470e-02	4.168693834703355e-02
1006	3.991191670600036e-02	4.073802778041128e-02
1027	3.952855072351458e-02	3.981071705534973e-02
1069	3.811681016439761e-02	3.890451449942807e-02
1090	3.765215598838123e-02	3.801893963205612e-02
1132	3.696300000166886e-02	3.715352290971726e-02
1153	3.628232943560006e-02	3.630780547701014e-02
1174	3.357012272605975e-02	3.388441561392026e-02
1195	3.037386299152256e-02	3.090295432513590e-02
1216	2.962955537030743e-02	3.019951720402016e-02
1258	2.911457725830835e-02	2.951209226666385e-02
1279	2.608444480714334e-02	2.630267991895381e-02
1300	2.563815075298082e-02	2.570395782768863e-02
1384	2.463912955378589e-02	2.511886431509579e-02
1405	2.389121863822885e-02	2.398832919019490e-02
1489	2.320265563203594e-02	2.344228815319923e-02
1678	2.209988303784094e-02	2.238721138568340e-02
1699	2.183840343018939e-02	2.187761623949553e-02
1846	2.066174943160759e-02	2.089296130854040e-02
1867	1.984169484298670e-02	1.995262314968880e-02
2056	1.930235612099196e-02	1.949844599758046e-02
2077	1.834754710063602e-02	1.862087136662868e-02
2182	1.819618614331642e-02	1.819700858609984e-02
2780	1.776375608107628e-02	1.778279410038923e-02
478629	1.727934738026915e-02	1.737800828749375e-02
480369	1.643782281519668e-02	1.659586907437561e-02
482051	1.542326985211995e-02	1.548816618912481e-02
482852	1.419331387756562e-02	1.445439770745927e-02
484215	1.280525886305384e-02	1.288249551693134e-02
485728	1.171532581061552e-02	1.174897554939530e-02
487280	1.088319696943474e-02	1.096478196143185e-02
488661	1.036811065763854e-02	1.047128548050900e-02
490276	9.977859737996364e-03	1.000000000000000e-02
491724	9.608075102715774e-03	9.772372209558112e-03
650338	9.546726508066539e-03	9.549925860214359e-03
665504	7.969379016809164e-03	8.128305161640995e-03
675349	6.675245081970260e-03	6.760829753919818e-03
686332	5.507844858196775e-03	5.623413251903491e-03
690694	4.530823093483294e-03	4.570881896148752e-03
698815	3.785003644000473e-03	3.801893963205613e-03
711180	3.224341465997149e-03	3.235936569296281e-03
728291	2.817453843461659e-03	2.818382931264455e-03
738329	2.452522375894550e-03	2.454708915685031e-03
751968	2.058548189124321e-03	2.089296130854039e-03
763325	1.732916582642963e-03	1.737800828749376e-03
796753	1.624938258196540e-03	1.659586907437561e-03
798882	1.620581627808759e-03	1.621810097358930e-03
970452	1.539700228053276e-03	1.548816618912481e-03
970909	1.448558533383104e-03	1.479108388168207e-03
970945	1.444707820515867e-03	1.445439770745928e-03
1000000	1.438879065629561e-03	1.445439770745928e-03
%
% index = 2663, name = bbob_f002_i19_d10__bbob_f008_i21_d10
% instance = 9, reference value = 9.968490234969940e-01
% function evaluation | indicator value | target hit
1	8.001338409313494e+00	8.128305161640993e+00
37	7.938741406864493e+00	7.943282347242816e+00
39	7.753317907875994e+00	7.762471166286917e+00
40	7.511544093420993e+00	7.585775750291837e+00
61	7.178136713243494e+00	7.244359600749901e+00
82	6.632280745799994e+00	6.760829753919817e+00
103	6.116725160613494e+00	6.165950018614822e+00
124	5.631549054566993e+00	5.754399373371569e+00
145	5.176092502254994e+00	5.248074602497725e+00
166	4.749560455126494e+00	4.786300923226384e+00
187	4.349869786130994e+00	4.365158322401660e+00
208	3.975053099021494e+00	3.981071705534972e+00
229	3.625754385058494e+00	3.630780547701014e+00
250	3.301750698762494e+00	3.311311214825911e+00
271	3.001831448829994e+00	3.019951720402016e+00
292	2.724373153956994e+00	2.754228703338166e+00
313	2.468167536814494e+00	2.511886431509580e+00
334	2.231685542667494e+00	2.238721138568339e+00
355	2.013400237639994e+00	2.041737944669529e+00
376	1.811862641008494e+00	1.819700858609983e+00
397	1.625681215130994e+00	1.659586907437561e+00
418	1.453514576843994e+00	1.479108388168207e+00
439	1.294261981011994e+00	1.318256738556407e+00
460	1.147413538354494e+00	1.148153621496883e+00
481	1.013613213003494e+00	1.023292992280754e+00
502	9.009966390100125e-01	9.120108393559098e-01
523	8.025196197580703e-01	8.128305161640993e-01
544	7.171082652946674e-01	7.244359600749900e-01
565	6.432920552771897e-01	6.456542290346555e-01
586	5.797189825128085e-01	5.888436553555889e-01
607	5.249603798936973e-01	5.370317963702527e-01
628	4.753553130978505e-01	4.786300923226383e-01
649	4.258560659434752e-01	4.265795188015927e-01
670	3.858535173177560e-01	3.890451449942806e-01
691	3.515217914416169e-01	3.548133892335755e-01
712	3.180779858818165e-01	3.235936569296283e-01
733	2.842864254107634e-01	2.884031503126606e-01
754	2.579815337822153e-01	2.630267991895382e-01
775	2.260996965796811e-01	2.290867652767773e-01
796	1.965238807748290e-01	1.995262314968880e-01
817	1.866398417494194e-01	1.905460717963247e-01
838	1.806872900398275e-01	1.819700858609984e-01
859	1.696542028832433e-01	1.698243652461744e-01
880	1.570566745944657e-01	1.584893192461113e-01
901	1.381129718116804e-01	1.412537544622754e-01
922	1.283738320263502e-01	1.288249551693134e-01
964	1.226153213288631e-01	1.230268770812381e-01
985	1.183812231136165e-01	1.202264434617413e-01
1006	1.040786562976260e-01	1.047128548050900e-01
1027	9.898172523788795e-02	1.000000000000000e-01
1069	9.700483318396802e-02	9.772372209558107e-02
1174	9.500270976584357e-02	9.549925860214359e-02
1216	9.178151166994297e-02	9.332543007969910e-02
1258	9.085685164108204e-02	9.120108393559097e-02
1342	8.818354050340727e-02	8.912509381337455e-02
1363	8.289167525782937e-02	8.317637711026708e-02
1489	7.903837643852030e-02	7.943282347242814e-02
1510	6.828581184370097e-02	6.918309709189366e-02
1573	6.723443815861874e-02	6.760829753919818e-02
1594	6.539738958746866e-02	6.606934480075961e-02
1636	6.426476872512599e-02	6.456542290346556e-02
1657	6.227165961580927e-02	6.309573444801933e-02
1678	5.516012219364941e-02	5.623413251903491e-02
1720	5.492000606837377e-02	5.495408738576246e-02
1804	5.368610595689094e-02	5.370317963702527e-02
1951	4.815619746710142e-02	4.897788193684462e-02
1993	4.775402829223441e-02	4.786300923226382e-02
2098	4.539217527098616e-02	4.570881896148749e-02
2119	4.058608747338688e-02	4.073802778041128e-02
2182	3.933644545508364e-02	3.981071705534973e-02
2287	3.858744296876326e-02	3.890451449942807e-02
2518	3.688149907815375e-02	3.715352290971726e-02
2560	3.528402266556985e-02	3.548133892335755e-02
2581	3.220817402473553e-02	3.235936569296283e-02
2644	3.121297485961905e-02	3.162277660168379e-02
2665	2.978224759116122e-02	3.019951720402016e-02
2686	2.743147584312211e-02	2.754228703338166e-02
61423	2.415475538056466e-02	2.454708915685030e-02
69005	2.062159106355532e-02	2.089296130854040e-02
74351	1.919520104986183e-02	1.949844599758046e-02
80004	1.825475608444393e-02	1.862087136662868e-02
154233	1.806462423637523e-02	1.819700858609984e-02
154451	1.772978639657496e-02	1.778279410038923e-02
154820	1.707382223696696e-02	1.737800828749375e-02
155436	1.581100035324234e-02	1.584893192461113e-02
160863	1.389234544382523e-02	1.412537544622754e-02
161298	1.060398845481725e-02	1.071519305237606e-02
163038	5.886866045725414e-03	5.888436553555890e-03
166424	2.580564380067596e-03	2.630267991895381e-03
168691	2.264243768969165e-03	2.290867652767772e-03
180464	2.236721368643835e-03	2.238721138568340e-03
186690	2.166657451135201e-03	2.187761623949552e-03
193241	2.113409463105898e-03	2.137962089502233e-03
214565	2.086882508450461e-03	2.089296130854039e-03
304519	2.040441601782961e-03	2.041737944669530e-03
305232	1.987429470367785e-03	1.995262314968879e-03
306811	1.935622984715168e-03	1.949844599758046e-03
308433	1.885309298820470e-03	1.905460717963246e-03
309077	1.861217464284026e-03	1.862087136662868e-03
311471	1.805776345146226e-03	1.819700858609983e-03
411741	1.757484900317352e-03	1.778279410038923e-03
411762	1.720214555888777e-03	1.737800828749376e-03
411783	1.666685374452137e-03	1.698243652461744e-03
411804	1.590602461881918e-03	1.621810097358930e-03
411825	1.513682962955398e-03	1.548816618912481e-03
411846	1.444387132470082e-03	1.445439770745928e-03
411867	1.401048360118784e-03	1.412537544622754e-03
411888	1.362796484352224e-03	1.380384264602885e-03
411909	1.295639237049784e-03	1.318256738556408e-03
411930	1.266830096828819e-03	1.288249551693134e-03
411951	1.178866170965298e-03	1.202264434617413e-03
411972	1.151433543976621e-03	1.174897554939529e-03
411993	1.106957161462363e-03	1.122018454301963e-03
412014	1.071803625914414e-03	1.096478196143185e-03
412035	1.032807642114331e-03	1.047128548050900e-03
412056	1.013509180117667e-03	1.023292992280754e-03
412077	9.426923743587334e-04	9.549925860214359e-04
412098	9.310474859242079e-04	9.332543007969915e-04
412162	9.109237383184698e-04	9.120108393559096e-04
498584	8.888509951273660e-04	8.912509381337459e-04
627011	8.709593900646517e-04	8.709635899560805e-04
662287	7.034714459857039e-04	7.079457843841380e-04
665692	4.457083956029839e-04	4.466835921509630e-04
683027	4.269995909371715e-04	4.365158322401661e-04
683059	4.263627723533059e-04	4.265795188015926e-04
733813	4.160317114142442e-04	4.168693834703355e-04
763053	4.066955738073474e-04	4.073802778041126e-04
826716	3.973243445497543e-04	3.981071705534974e-04
1000000	3.947070904447569e-04	3.981071705534974e-04
%
% index = 2664, name = bbob_f002_i21_d10__bbob_f008_i22_d10
% instance = 10, reference value = 9.991881021459630e-01
% function evaluation | indicator value | target hit
1	6.748084171135963e+00	6.760829753919817e+00
39	6.520063067965963e+00	6.606934480075959e+00
40	6.298234845015963e+00	6.309573444801933e+00
61	5.995347701628463e+00	6.025595860743578e+00
82	5.505772280783963e+00	5.623413251903491e+00
103	5.049709923084463e+00	5.128613839913648e+00
124	4.624321419699963e+00	4.677351412871983e+00
145	4.225477199067963e+00	4.265795188015927e+00
166	3.846309771098963e+00	3.890451449942806e+00
187	3.495822403315463e+00	3.548133892335755e+00
208	3.169136190692463e+00	3.235936569296283e+00
229	2.859700761262463e+00	2.884031503126606e+00
250	2.574087926450963e+00	2.630267991895382e+00
271	2.320339613751463e+00	2.344228815319922e+00
292	2.091345085369463e+00	2.137962089502232e+00
313	1.879502692938963e+00	1.905460717963247e+00
334	1.706536619374963e+00	1.737800828749375e+00
355	1.555529198426463e+00	1.584893192461114e+00
376	1.409304504666463e+00	1.412537544622754e+00
397	1.273444982959463e+00	1.288249551693134e+00
418	1.152542047780963e+00	1.174897554939530e+00
439	1.047774445327463e+00	1.071519305237606e+00
460	9.753723062062902e-01	9.772372209558107e-01
481	9.244831371626732e-01	9.332543007969910e-01
502	8.613501122259295e-01	8.709635899560807e-01
523	7.608773386093313e-01	7.762471166286917e-01
544	6.694189140804259e-01	6.760829753919817e-01
565	5.856438941521820e-01	5.888436553555889e-01
586	5.184603672257966e-01	5.248074602497725e-01
607	4.742991432790509e-01	4.786300923226383e-01
628	4.321991705136566e-01	4.365158322401660e-01
649	3.731051118130461e-01	3.801893963205612e-01
670	3.216147565046464e-01	3.235936569296283e-01
691	3.006389460984151e-01	3.019951720402016e-01
712	2.859750426973336e-01	2.884031503126606e-01
733	2.511157838070285e-01	2.511886431509580e-01
754	2.145490327156476e-01	2.187761623949552e-01
775	1.810107641851011e-01	1.819700858609984e-01
796	1.576500444378384e-01	1.584893192461113e-01
817	1.398683654886790e-01	1.412537544622754e-01
838	1.356001296794969e-01	1.380384264602885e-01
859	1.253241760150015e-01	1.258925411794167e-01
880	1.090484465204656e-01	1.096478196143185e-01
901	9.321921587805326e-02	9.332543007969910e-02
922	7.958180152142402e-02	8.128305161640990e-02
943	6.936081193784960e-02	7.079457843841380e-02
964	6.355351414875599e-02	6.456542290346556e-02
985	6.145155757685283e-02	6.165950018614822e-02
1006	5.349258243142518e-02	5.370317963702527e-02
1027	4.267584830162952e-02	4.365158322401658e-02
1048	3.730475329516592e-02	3.801893963205612e-02
1069	3.466307345841346e-02	3.467368504525317e-02
1090	3.310036302630470e-02	3.311311214825911e-02
1111	3.071552189576843e-02	3.090295432513590e-02
1132	2.955945890180578e-02	3.019951720402016e-02
1153	2.878318694424420e-02	2.884031503126606e-02
1174	2.805624103116178e-02	2.818382931264454e-02
1195	2.476767488770981e-02	2.511886431509579e-02
1216	1.911649696789774e-02	1.949844599758046e-02
1237	1.734613504655180e-02	1.737800828749375e-02
1258	1.620322907426597e-02	1.621810097358930e-02
1279	1.582664930398869e-02	1.584893192461113e-02
1300	1.517883464761927e-02	1.548816618912481e-02
1321	1.484303145909616e-02	1.513561248436208e-02
1342	1.462133380588382e-02	1.479108388168207e-02
1363	1.434621067507580e-02	1.445439770745927e-02
1384	1.393203837432189e-02	1.412537544622754e-02
1405	1.349175312545625e-02	1.380384264602885e-02
1426	1.122499386694986e-02	1.148153621496883e-02
1447	8.913877799669012e-03	9.120108393559097e-03
1468	8.321365192962893e-03	8.511380382023767e-03
1489	7.725776495411285e-03	7.762471166286920e-03
1510	6.059223096437139e-03	6.165950018614822e-03
1531	5.951129534226052e-03	6.025595860743574e-03
1573	5.868064877354362e-03	5.888436553555890e-03
1636	5.392832076856480e-03	5.495408738576248e-03
1678	5.323057057521563e-03	5.370317963702527e-03
1741	5.246253396854694e-03	5.248074602497728e-03
1993	4.814773892839574e-03	4.897788193684461e-03
2056	4.774388771024318e-03	4.786300923226385e-03
2119	4.475991388263711e-03	4.570881896148752e-03
2266	4.433089273869872e-03	4.466835921509630e-03
2836	4.362705178691639e-03	4.365158322401661e-03
20685	4.265624230944898e-03	4.265795188015926e-03
72688	4.161064937001302e-03	4.168693834703355e-03
73100	4.019949983388504e-03	4.073802778041126e-03
74349	3.973854964120727e-03	3.981071705534973e-03
99148	3.842598782245910e-03	3.890451449942805e-03
99580	3.750857543236785e-03	3.801893963205613e-03
100118	3.603695418192165e-03	3.630780547701014e-03
100872	3.419813335410637e-03	3.467368504525317e-03
101497	3.149476482435798e-03	3.162277660168379e-03
225955	3.078307833145222e-03	3.090295432513592e-03
226857	2.959827462346132e-03	3.019951720402016e-03
227162	2.836380118531712e-03	2.884031503126605e-03
227851	2.683872407431842e-03	2.691534803926917e-03
228818	2.531296703744301e-03	2.570395782768865e-03
230002	2.419027250514572e-03	2.454708915685031e-03
233618	2.396289489881687e-03	2.398832919019490e-03
330574	2.344091041640683e-03	2.344228815319923e-03
1000000	2.325068557531007e-03	2.344228815319923e-03
