%
% index = 2640, name = bbob_f002_i02_d10__bbob_f006_i04_d10
% instance = 1, reference value = 9.974307742472230e-01
% function evaluation | indicator value | target hit
1	1.818338709041993e+00	1.819700858609983e+00
38	1.768021163132531e+00	1.778279410038923e+00
39	1.723966180596974e+00	1.737800828749375e+00
40	1.652691009679723e+00	1.659586907437561e+00
61	1.567266855856723e+00	1.584893192461114e+00
82	1.431061661996723e+00	1.445439770745927e+00
103	1.294055825547723e+00	1.318256738556407e+00
124	1.102164818294723e+00	1.122018454301963e+00
145	9.817421208862696e-01	1.000000000000000e+00
166	9.551853465976915e-01	9.772372209558107e-01
187	9.171900940960148e-01	9.332543007969910e-01
208	8.652422828309185e-01	8.709635899560807e-01
229	7.898295673071100e-01	7.943282347242815e-01
250	7.291758778529522e-01	7.413102413009175e-01
271	6.780673699475268e-01	6.918309709189365e-01
292	6.361204397876341e-01	6.456542290346555e-01
313	5.982698344377073e-01	6.025595860743578e-01
334	5.572162067460260e-01	5.623413251903491e-01
355	5.141828544466969e-01	5.248074602497725e-01
376	4.731590911667610e-01	4.786300923226383e-01
397	4.351276262700392e-01	4.365158322401660e-01
418	3.977469994677181e-01	3.981071705534972e-01
439	3.679126347062951e-01	3.715352290971726e-01
460	3.465121772541091e-01	3.467368504525316e-01
481	3.251314206642296e-01	3.311311214825911e-01
502	3.026619587988902e-01	3.090295432513591e-01
523	2.950421762887694e-01	2.951209226666385e-01
544	2.810576831379470e-01	2.818382931264454e-01
565	2.583378646668232e-01	2.630267991895382e-01
586	2.351201776295598e-01	2.398832919019490e-01
607	2.302897372913371e-01	2.344228815319922e-01
628	2.228840952133452e-01	2.238721138568339e-01
649	2.151432167159526e-01	2.187761623949552e-01
670	2.051936950632508e-01	2.089296130854039e-01
691	2.022854079200398e-01	2.041737944669530e-01
712	1.936705609210956e-01	1.949844599758045e-01
733	1.721818709856920e-01	1.737800828749375e-01
754	1.492828659893736e-01	1.513561248436208e-01
775	1.385380480142162e-01	1.412537544622754e-01
796	1.357319829492446e-01	1.380384264602885e-01
817	1.298535397320060e-01	1.318256738556407e-01
838	1.266041767210867e-01	1.288249551693134e-01
859	1.220117225255892e-01	1.230268770812381e-01
880	1.157166955039169e-01	1.174897554939529e-01
901	1.035287110105279e-01	1.047128548050900e-01
922	8.433646905555880e-02	8.511380382023763e-02
943	8.270505304222064e-02	8.317637711026708e-02
985	8.016256964964141e-02	8.128305161640990e-02
1006	7.934425656398469e-02	7.943282347242814e-02
1027	7.381388527056698e-02	7.413102413009177e-02
1048	6.281179571143125e-02	6.309573444801933e-02
1069	5.812496614514862e-02	5.888436553555890e-02
1090	5.730151703646202e-02	5.754399373371569e-02
1111	5.529661040976896e-02	5.623413251903491e-02
1132	4.931436781845999e-02	5.011872336272722e-02
1153	4.567953374292477e-02	4.570881896148749e-02
1195	4.374464093640540e-02	4.466835921509630e-02
1216	4.068926070080947e-02	4.073802778041128e-02
1237	3.780755069137498e-02	3.801893963205612e-02
1258	3.713114599615874e-02	3.715352290971726e-02
1300	3.425738237338138e-02	3.467368504525317e-02
1321	3.370847398729560e-02	3.388441561392026e-02
1342	3.098933641427204e-02	3.162277660168379e-02
1363	3.033035471396750e-02	3.090295432513590e-02
1405	2.991998920918326e-02	3.019951720402016e-02
1447	2.889541166485499e-02	2.951209226666385e-02
1468	2.816229803999193e-02	2.818382931264454e-02
1867	2.752037023930431e-02	2.754228703338166e-02
1000000	2.722030102204442e-02	2.754228703338166e-02
%
% index = 2641, name = bbob_f002_i03_d10__bbob_f006_i05_d10
% instance = 2, reference value = 9.997514443844520e-01
% function evaluation | indicator value | target hit
1	1.650566404705270e+00	1.659586907437561e+00
38	1.617477652853845e+00	1.621810097358930e+00
39	1.584429500381853e+00	1.584893192461114e+00
40	1.518637805381591e+00	1.548816618912481e+00
61	1.428569662796606e+00	1.445439770745927e+00
82	1.299270793016315e+00	1.318256738556407e+00
103	1.211967582047952e+00	1.230268770812382e+00
124	1.135845017887452e+00	1.148153621496883e+00
145	1.065978279819952e+00	1.071519305237606e+00
166	1.001224692065952e+00	1.023292992280754e+00
187	9.719927839576851e-01	9.772372209558107e-01
208	9.398119197643734e-01	9.549925860214360e-01
229	9.182736559705331e-01	9.332543007969910e-01
250	8.678520465981223e-01	8.709635899560807e-01
271	8.059126883790264e-01	8.128305161640993e-01
292	7.576224188191822e-01	7.585775750291838e-01
313	6.873149967385055e-01	6.918309709189365e-01
334	6.215857699552924e-01	6.309573444801932e-01
355	5.536737334354681e-01	5.623413251903491e-01
376	4.884519724732130e-01	4.897788193684462e-01
397	4.331112310929621e-01	4.365158322401660e-01
418	3.862332821590789e-01	3.890451449942806e-01
439	3.466203679277878e-01	3.467368504525316e-01
460	3.168464909025801e-01	3.235936569296283e-01
481	2.892333840846826e-01	2.951209226666385e-01
502	2.765135012729465e-01	2.818382931264454e-01
523	2.683128938887155e-01	2.691534803926916e-01
544	2.444864600953192e-01	2.454708915685030e-01
565	2.323794708934607e-01	2.344228815319922e-01
586	2.260085135009925e-01	2.290867652767773e-01
607	2.064140354039161e-01	2.089296130854039e-01
628	1.879741552748371e-01	1.905460717963247e-01
649	1.661701164174980e-01	1.698243652461744e-01
670	1.594899703342109e-01	1.621810097358930e-01
691	1.390403926760947e-01	1.412537544622754e-01
712	1.197084113302763e-01	1.202264434617413e-01
733	9.741206326730800e-02	9.772372209558107e-02
754	9.372664457462099e-02	9.549925860214359e-02
775	8.096187469278604e-02	8.128305161640990e-02
796	7.176967806808598e-02	7.244359600749903e-02
817	6.990944087496131e-02	7.079457843841380e-02
838	6.377062688490354e-02	6.456542290346556e-02
859	5.728710052515873e-02	5.754399373371569e-02
880	4.948670206826145e-02	5.011872336272722e-02
901	4.602234963694563e-02	4.677351412871981e-02
922	3.659886607397156e-02	3.715352290971726e-02
943	2.857393390596985e-02	2.884031503126606e-02
964	2.730747172755732e-02	2.754228703338166e-02
985	2.217151312118804e-02	2.238721138568340e-02
1006	1.928507849315364e-02	1.949844599758046e-02
1048	1.788930090997287e-02	1.819700858609984e-02
1069	1.444922080460465e-02	1.445439770745927e-02
1090	1.005049914780376e-02	1.023292992280754e-02
1111	8.685364473573487e-03	8.709635899560805e-03
1132	8.489504986107677e-03	8.511380382023767e-03
1153	8.045049324929443e-03	8.128305161640995e-03
1174	6.497615364484677e-03	6.606934480075957e-03
1195	5.298361770478599e-03	5.370317963702527e-03
1258	4.587209794489455e-03	4.677351412871981e-03
1279	4.361079493729658e-03	4.365158322401661e-03
1300	4.125436414816441e-03	4.168693834703355e-03
1363	4.047996147589994e-03	4.073802778041126e-03
1405	3.848251046353224e-03	3.890451449942805e-03
1489	3.577286708509542e-03	3.630780547701014e-03
1783	3.485596141231340e-03	3.548133892335753e-03
1825	3.368888935343817e-03	3.388441561392024e-03
1951	3.292879821701789e-03	3.311311214825911e-03
1993	3.166522008797634e-03	3.235936569296281e-03
2035	3.161125763914696e-03	3.162277660168379e-03
2161	3.089623148854859e-03	3.090295432513592e-03
2266	3.002237161961241e-03	3.019951720402016e-03
2287	2.877581126128015e-03	2.884031503126605e-03
2476	2.815470554082711e-03	2.818382931264455e-03
2602	2.739631516996077e-03	2.754228703338166e-03
2770	2.673738624429767e-03	2.691534803926917e-03
2875	2.619783729390091e-03	2.630267991895381e-03
3085	2.569054497328027e-03	2.570395782768865e-03
3400	2.511623918548977e-03	2.511886431509579e-03
3778	2.422523677868438e-03	2.454708915685031e-03
6238	2.397676161768780e-03	2.398832919019490e-03
9582	2.343726312232230e-03	2.344228815319923e-03
13062	2.290377446475977e-03	2.290867652767772e-03
36018	2.232917128807355e-03	2.238721138568340e-03
377427	2.187739938531830e-03	2.187761623949552e-03
1000000	2.141852347983253e-03	2.187761623949552e-03
%
% index = 2642, name = bbob_f002_i07_d10__bbob_f006_i08_d10
% instance = 3, reference value = 9.999050155655850e-01
% function evaluation | indicator value | target hit
1	6.305448369267581e-01	6.309573444801932e-01
38	6.069961172932912e-01	6.165950018614822e-01
39	5.844310741308760e-01	5.888436553555889e-01
40	5.450478408980424e-01	5.495408738576245e-01
61	5.057649969745766e-01	5.128613839913648e-01
82	4.726658686020259e-01	4.786300923226383e-01
103	4.365273008987270e-01	4.466835921509631e-01
124	3.640479693918363e-01	3.715352290971726e-01
145	3.270095026145814e-01	3.311311214825911e-01
166	2.867673118350406e-01	2.884031503126606e-01
187	2.612146820997361e-01	2.630267991895382e-01
208	2.514295334148766e-01	2.570395782768864e-01
229	2.367480947899930e-01	2.398832919019490e-01
250	2.181049135052940e-01	2.187761623949552e-01
271	2.042185140288010e-01	2.089296130854039e-01
292	1.928866331368841e-01	1.949844599758045e-01
313	1.792448358237596e-01	1.819700858609984e-01
334	1.695179696965511e-01	1.698243652461744e-01
355	1.659326498159986e-01	1.659586907437560e-01
376	1.617731376427652e-01	1.621810097358930e-01
397	1.579011157368412e-01	1.584893192461113e-01
439	1.542286487465021e-01	1.548816618912481e-01
460	1.497416542715956e-01	1.513561248436208e-01
481	1.440222739055326e-01	1.445439770745928e-01
502	1.368332117636949e-01	1.380384264602885e-01
523	1.311809861902813e-01	1.318256738556407e-01
544	1.241220229604858e-01	1.258925411794167e-01
565	1.169692526743891e-01	1.174897554939529e-01
586	1.091662405376874e-01	1.096478196143185e-01
607	1.034289819125913e-01	1.047128548050900e-01
628	1.019095891343323e-01	1.023292992280754e-01
691	9.939253760305911e-02	1.000000000000000e-01
712	9.683902019146362e-02	9.772372209558107e-02
733	9.039903596203558e-02	9.120108393559097e-02
754	8.480312713661287e-02	8.511380382023763e-02
775	8.276079485657184e-02	8.317637711026708e-02
796	7.912584933736311e-02	7.943282347242814e-02
817	7.444882712947376e-02	7.585775750291836e-02
838	7.320479264451640e-02	7.413102413009177e-02
901	7.232621690172836e-02	7.244359600749903e-02
943	6.770067663662938e-02	6.918309709189366e-02
964	6.364989085554917e-02	6.456542290346556e-02
985	6.165328978886031e-02	6.165950018614822e-02
1027	5.900866883586386e-02	6.025595860743578e-02
1048	5.732863367636587e-02	5.754399373371569e-02
1090	5.561766789870015e-02	5.623413251903491e-02
1111	5.368384700680173e-02	5.370317963702527e-02
1132	5.181692750306643e-02	5.248074602497726e-02
1174	5.086058582290987e-02	5.128613839913648e-02
1195	4.975910582286924e-02	5.011872336272722e-02
1216	4.869924879529619e-02	4.897788193684462e-02
1237	4.633564424036452e-02	4.677351412871981e-02
1279	4.563519915639314e-02	4.570881896148749e-02
1321	4.355906697748546e-02	4.365158322401658e-02
1426	4.192388550578274e-02	4.265795188015926e-02
1468	4.167455891247351e-02	4.168693834703355e-02
1573	4.067799599535959e-02	4.073802778041128e-02
1762	3.970203114968152e-02	3.981071705534973e-02
2161	3.888326681330156e-02	3.890451449942807e-02
2224	3.767712397654588e-02	3.801893963205612e-02
2245	3.613068914640949e-02	3.630780547701014e-02
2266	3.347185560930044e-02	3.388441561392026e-02
2287	2.923158175183105e-02	2.951209226666385e-02
2308	2.722604550647112e-02	2.754228703338166e-02
2329	2.598948207053287e-02	2.630267991895381e-02
2350	2.557294433918766e-02	2.570395782768863e-02
2392	2.477733334152799e-02	2.511886431509579e-02
2413	2.402450552931079e-02	2.454708915685030e-02
2434	2.351139613696596e-02	2.398832919019490e-02
2476	2.319579130116534e-02	2.344228815319923e-02
2518	2.286228293992432e-02	2.290867652767773e-02
2602	2.232121814999866e-02	2.238721138568340e-02
2644	2.181294738415895e-02	2.187761623949553e-02
2686	2.134361377159000e-02	2.137962089502233e-02
2707	2.087627131386371e-02	2.089296130854040e-02
2791	2.027101742341397e-02	2.041737944669529e-02
2812	1.988337145430219e-02	1.995262314968880e-02
2854	1.937319342082811e-02	1.949844599758046e-02
2938	1.902662163094915e-02	1.905460717963247e-02
3043	1.804630020074693e-02	1.819700858609984e-02
3064	1.711833534587925e-02	1.737800828749375e-02
3169	1.691204836801063e-02	1.698243652461744e-02
3442	1.611191181811400e-02	1.621810097358930e-02
3463	1.555563421212658e-02	1.584893192461113e-02
3673	1.526148027048280e-02	1.548816618912481e-02
3694	1.512015882956974e-02	1.513561248436208e-02
3988	1.478720330569427e-02	1.479108388168207e-02
4135	1.417922331765487e-02	1.445439770745927e-02
4282	1.409757038742809e-02	1.412537544622754e-02
4324	1.378593984258381e-02	1.380384264602885e-02
4387	1.343852927322586e-02	1.348962882591653e-02
4492	1.313548728440572e-02	1.318256738556407e-02
4618	1.281153694893689e-02	1.288249551693134e-02
4723	1.255166324604839e-02	1.258925411794167e-02
4786	1.226691386866319e-02	1.230268770812382e-02
4912	1.200218202666137e-02	1.202264434617413e-02
4975	1.166784130836329e-02	1.174897554939530e-02
4996	1.131266590522961e-02	1.148153621496883e-02
5017	1.117096518446181e-02	1.122018454301964e-02
5038	1.089299796839127e-02	1.096478196143185e-02
5101	1.062966829514989e-02	1.071519305237606e-02
5122	1.040694646738749e-02	1.047128548050900e-02
5143	9.381691844305373e-03	9.549925860214359e-03
5248	9.316952894795394e-03	9.332543007969915e-03
5290	9.040842249845804e-03	9.120108393559097e-03
5311	8.884419551438705e-03	8.912509381337459e-03
5353	8.638693245770268e-03	8.709635899560805e-03
5416	8.493276371693614e-03	8.511380382023767e-03
5479	8.212284529281022e-03	8.317637711026709e-03
5521	8.127483713759709e-03	8.128305161640995e-03
5584	7.883286924505017e-03	7.943282347242814e-03
5647	7.619542012348934e-03	7.762471166286920e-03
5668	7.555550661063060e-03	7.585775750291836e-03
5731	7.402192720335932e-03	7.413102413009177e-03
5794	7.122671336437736e-03	7.244359600749898e-03
5836	7.066101452432805e-03	7.079457843841380e-03
5941	6.917055212652956e-03	6.918309709189363e-03
6151	6.742383056066226e-03	6.760829753919818e-03
6319	6.602981754455950e-03	6.606934480075957e-03
6466	6.447336294054695e-03	6.456542290346556e-03
6697	6.198320599936080e-03	6.309573444801930e-03
6970	6.038442338833994e-03	6.165950018614822e-03
7117	5.997178406401127e-03	6.025595860743574e-03
7705	5.887028785501291e-03	5.888436553555890e-03
8692	5.735537944661195e-03	5.754399373371567e-03
10501	5.619994578235143e-03	5.623413251903491e-03
104839	5.465181787521534e-03	5.495408738576248e-03
129749	5.356557444549215e-03	5.370317963702527e-03
1000000	5.356473380354387e-03	5.370317963702527e-03
%
% index = 2643, name = bbob_f002_i09_d10__bbob_f006_i10_d10
% instance = 4, reference value = 9.999260039774520e-01
% function evaluation | indicator value | target hit
1	7.119108712797862e+00	7.244359600749901e+00
37	7.073442120164637e+00	7.079457843841379e+00
40	6.755744428484128e+00	6.760829753919817e+00
61	6.518062111768582e+00	6.606934480075959e+00
82	6.258504809920780e+00	6.309573444801933e+00
103	6.067484739112476e+00	6.165950018614822e+00
124	5.824252622293967e+00	5.888436553555890e+00
145	5.466764395229871e+00	5.495408738576246e+00
166	4.988814620418660e+00	5.011872336272722e+00
187	4.450339979273979e+00	4.466835921509632e+00
208	3.944542281976113e+00	3.981071705534972e+00
229	3.534964320684160e+00	3.548133892335755e+00
250	3.269545887007330e+00	3.311311214825911e+00
271	3.114887629575718e+00	3.162277660168380e+00
292	3.034674970332720e+00	3.090295432513591e+00
313	2.956971864152969e+00	3.019951720402016e+00
334	2.805362682012452e+00	2.818382931264454e+00
355	2.534145965702952e+00	2.570395782768863e+00
376	2.199837891033952e+00	2.238721138568339e+00
397	1.924032885928952e+00	1.949844599758045e+00
418	1.734153630586952e+00	1.737800828749375e+00
439	1.635172859648952e+00	1.659586907437561e+00
460	1.554090313307452e+00	1.584893192461114e+00
481	1.428580091414952e+00	1.445439770745927e+00
502	1.260670434927452e+00	1.288249551693134e+00
523	1.105074374655452e+00	1.122018454301963e+00
544	9.936974989195065e-01	1.000000000000000e+00
565	9.173304078905034e-01	9.332543007969910e-01
586	8.241960162172964e-01	8.317637711026710e-01
607	7.356230179223910e-01	7.413102413009175e-01
628	6.780475973006612e-01	6.918309709189365e-01
649	6.172418159784632e-01	6.309573444801932e-01
670	5.086419022111349e-01	5.128613839913648e-01
691	4.231544731605381e-01	4.265795188015927e-01
712	3.915524652552649e-01	3.981071705534972e-01
733	3.048106304217063e-01	3.090295432513591e-01
754	2.307919203513706e-01	2.344228815319922e-01
775	2.187507105897263e-01	2.187761623949552e-01
796	1.581579327499485e-01	1.584893192461113e-01
817	1.250302890899648e-01	1.258925411794167e-01
838	9.576160613665952e-02	9.772372209558107e-02
859	7.162645897198872e-02	7.244359600749903e-02
880	5.374686075834623e-02	5.495408738576246e-02
901	4.424370084648888e-02	4.466835921509630e-02
922	3.690598042522653e-02	3.715352290971726e-02
943	3.389802150107735e-02	3.467368504525317e-02
964	3.357356257373134e-02	3.388441561392026e-02
985	3.277935150283906e-02	3.311311214825911e-02
1048	3.134752879290081e-02	3.162277660168379e-02
1069	2.948984999506854e-02	2.951209226666385e-02
1153	2.728459475968392e-02	2.754228703338166e-02
1342	2.623716289479439e-02	2.630267991895381e-02
1426	2.550432669288594e-02	2.570395782768863e-02
1909	2.455263981670630e-02	2.511886431509579e-02
1972	2.281051551653124e-02	2.290867652767773e-02
2014	2.225596363627291e-02	2.238721138568340e-02
2077	2.179102198652849e-02	2.187761623949553e-02
2140	2.125290677661751e-02	2.137962089502233e-02
2182	2.086413366416706e-02	2.089296130854040e-02
2287	2.041193570886368e-02	2.041737944669529e-02
2413	1.994198143012293e-02	1.995262314968880e-02
2497	1.945330574901372e-02	1.949844599758046e-02
2539	1.892568012152740e-02	1.905460717963247e-02
2581	1.858504503346770e-02	1.862087136662868e-02
2644	1.810435744896732e-02	1.819700858609984e-02
2707	1.774892721951038e-02	1.778279410038923e-02
2749	1.723269441028163e-02	1.737800828749375e-02
2791	1.668829524974036e-02	1.698243652461744e-02
2812	1.653488119793090e-02	1.659586907437561e-02
2854	1.600964878839273e-02	1.621810097358930e-02
2875	1.581228596942674e-02	1.584893192461113e-02
2938	1.546919817525727e-02	1.548816618912481e-02
3001	1.508526690627365e-02	1.513561248436208e-02
3064	1.452086010461351e-02	1.479108388168207e-02
3085	1.416421673520085e-02	1.445439770745927e-02
3106	1.392285759444067e-02	1.412537544622754e-02
3127	1.374741292577941e-02	1.380384264602885e-02
3169	1.345712478422334e-02	1.348962882591653e-02
3232	1.303038732444917e-02	1.318256738556407e-02
3274	1.282216341560471e-02	1.288249551693134e-02
3316	1.219707122291747e-02	1.230268770812382e-02
3337	1.171600861403166e-02	1.174897554939530e-02
3358	1.126030296677905e-02	1.148153621496883e-02
3379	1.099000426929175e-02	1.122018454301964e-02
3400	1.084887081469710e-02	1.096478196143185e-02
3421	1.068229550599453e-02	1.071519305237606e-02
3442	1.027217361135346e-02	1.047128548050900e-02
3463	1.011671021880922e-02	1.023292992280754e-02
3505	9.955440523258474e-03	1.000000000000000e-02
3568	9.723775630400833e-03	9.772372209558112e-03
3652	9.467101567280478e-03	9.549925860214359e-03
3715	9.291778042698762e-03	9.332543007969915e-03
3736	9.081433666127348e-03	9.120108393559097e-03
3778	8.708387490644731e-03	8.709635899560805e-03
3841	8.428113055413133e-03	8.511380382023767e-03
3862	8.275327767098717e-03	8.317637711026709e-03
3904	8.053848732871960e-03	8.128305161640995e-03
3988	7.935439758288698e-03	7.943282347242814e-03
4093	7.708803383151275e-03	7.762471166286920e-03
4135	7.585572505182103e-03	7.585775750291836e-03
4219	7.402123209249933e-03	7.413102413009177e-03
4282	7.137704337774053e-03	7.244359600749898e-03
4303	6.961075826245500e-03	7.079457843841380e-03
4324	6.913987220767415e-03	6.918309709189363e-03
4366	6.659694225336521e-03	6.760829753919818e-03
4408	6.587184770108001e-03	6.606934480075957e-03
4471	6.308383896812209e-03	6.309573444801930e-03
4514	6.137239417008056e-03	6.165950018614822e-03
4577	5.916656586078872e-03	6.025595860743574e-03
4598	5.814604207661667e-03	5.888436553555890e-03
4640	5.692931664604162e-03	5.754399373371567e-03
4682	5.590374225066141e-03	5.623413251903491e-03
4724	5.494133863231720e-03	5.495408738576248e-03
4830	5.363725019358334e-03	5.370317963702527e-03
5040	5.245725637838872e-03	5.248074602497728e-03
5208	5.114253296165661e-03	5.128613839913648e-03
5334	5.005465589475899e-03	5.011872336272725e-03
5418	4.894747060295579e-03	4.897788193684461e-03
5503	4.785192577738240e-03	4.786300923226385e-03
5629	4.673961271013827e-03	4.677351412871981e-03
5965	4.566588917025105e-03	4.570881896148752e-03
6133	4.461996953187275e-03	4.466835921509630e-03
6217	4.358210172220822e-03	4.365158322401661e-03
6302	4.257403124603654e-03	4.265795188015926e-03
6638	4.162489856574747e-03	4.168693834703355e-03
6974	4.053230354548520e-03	4.073802778041126e-03
7121	3.968551448418012e-03	3.981071705534973e-03
7436	3.887530158249608e-03	3.890451449942805e-03
7584	3.782779752634080e-03	3.801893963205613e-03
7923	3.709765768375117e-03	3.715352290971724e-03
8262	3.374401005225902e-03	3.388441561392024e-03
10840	3.282477433210640e-03	3.311311214825911e-03
11689	3.226400389936823e-03	3.235936569296281e-03
13453	3.125461044415800e-03	3.162277660168379e-03
14952	3.040021261308867e-03	3.090295432513592e-03
16650	3.015794935502969e-03	3.019951720402016e-03
17828	2.945514109988223e-03	2.951209226666387e-03
19395	2.873199765640155e-03	2.884031503126605e-03
20593	2.812807240852200e-03	2.818382931264455e-03
22118	2.753465738216998e-03	2.754228703338166e-03
22994	2.679946254820043e-03	2.691534803926917e-03
24601	2.621977723596070e-03	2.630267991895381e-03
25734	2.531991294645208e-03	2.570395782768865e-03
27338	2.511787976882451e-03	2.511886431509579e-03
28439	2.453941517240987e-03	2.454708915685031e-03
30299	2.376779448244992e-03	2.398832919019490e-03
31589	2.338717373041255e-03	2.344228815319923e-03
33255	2.277971318213834e-03	2.290867652767772e-03
34218	2.229435883575936e-03	2.238721138568340e-03
35227	2.185653578588465e-03	2.187761623949552e-03
37134	2.136635011384724e-03	2.137962089502233e-03
37522	2.084674742480530e-03	2.089296130854039e-03
39507	2.040271175976716e-03	2.041737944669530e-03
40773	1.990793520617484e-03	1.995262314968879e-03
42068	1.946544504548342e-03	1.949844599758046e-03
66234	1.904020544764684e-03	1.905460717963246e-03
67361	1.861683582137896e-03	1.862087136662868e-03
68638	1.819111347603375e-03	1.819700858609983e-03
70248	1.777452008320468e-03	1.778279410038923e-03
71505	1.736956939746848e-03	1.737800828749376e-03
73214	1.697511281732234e-03	1.698243652461744e-03
74707	1.658111902060888e-03	1.659586907437561e-03
76439	1.621733551575688e-03	1.621810097358930e-03
78011	1.580601994266573e-03	1.584893192461114e-03
80102	1.548517214336464e-03	1.548816618912481e-03
82047	1.510323599270280e-03	1.513561248436209e-03
110957	1.479066313816113e-03	1.479108388168207e-03
118868	1.426236358997190e-03	1.445439770745928e-03
367438	1.407876002104791e-03	1.412537544622754e-03
384556	1.333008827325566e-03	1.348962882591653e-03
405833	1.267182492436292e-03	1.288249551693134e-03
408268	1.258712807752582e-03	1.258925411794167e-03
1000000	1.244742410137389e-03	1.258925411794167e-03
%
% index = 2644, name = bbob_f002_i11_d10__bbob_f006_i12_d10
% instance = 5, reference value = 9.997139536266390e-01
% function evaluation | indicator value | target hit
1	8.651864184184085e-01	8.709635899560807e-01
39	8.407156669421209e-01	8.511380382023764e-01
40	8.151506505917032e-01	8.317637711026710e-01
61	7.775240789009676e-01	7.943282347242815e-01
82	7.142824364025608e-01	7.244359600749900e-01
103	6.580480319167464e-01	6.606934480075960e-01
124	6.136525933290355e-01	6.165950018614822e-01
145	5.831330176051155e-01	5.888436553555889e-01
166	5.654846966413742e-01	5.754399373371569e-01
187	5.565464239105287e-01	5.623413251903491e-01
208	5.492182371298836e-01	5.495408738576245e-01
229	5.350937303911334e-01	5.370317963702527e-01
250	5.111652873547565e-01	5.128613839913648e-01
271	4.741081696534283e-01	4.786300923226383e-01
292	4.288676954319578e-01	4.365158322401660e-01
313	3.827590541517399e-01	3.890451449942806e-01
334	3.448902243936333e-01	3.467368504525316e-01
355	3.178574312712135e-01	3.235936569296283e-01
376	3.013285229166779e-01	3.019951720402016e-01
397	2.902586868968484e-01	2.951209226666385e-01
418	2.780213867718945e-01	2.818382931264454e-01
439	2.612361936011850e-01	2.630267991895382e-01
460	2.389111178179409e-01	2.398832919019490e-01
481	2.172764315342037e-01	2.187761623949552e-01
502	1.994431999033734e-01	1.995262314968880e-01
523	1.848406206384036e-01	1.862087136662867e-01
544	1.723363775759814e-01	1.737800828749375e-01
565	1.619611794627565e-01	1.621810097358930e-01
586	1.553382950562434e-01	1.584893192461113e-01
607	1.521456009330719e-01	1.548816618912481e-01
628	1.440293280235989e-01	1.445439770745928e-01
649	1.320676461552834e-01	1.348962882591654e-01
670	1.250654832118424e-01	1.258925411794167e-01
691	1.216903140533248e-01	1.230268770812381e-01
712	1.196340967913749e-01	1.202264434617413e-01
775	1.139026549640305e-01	1.148153621496883e-01
796	1.083000455550621e-01	1.096478196143185e-01
817	1.054790439087211e-01	1.071519305237607e-01
859	1.019929473064923e-01	1.023292992280754e-01
880	9.092134144477315e-02	9.120108393559097e-02
901	7.952816778458838e-02	8.128305161640990e-02
922	7.180849050061711e-02	7.244359600749903e-02
943	6.847401288761656e-02	6.918309709189366e-02
964	6.663491207722738e-02	6.760829753919818e-02
985	6.361988428985665e-02	6.456542290346556e-02
1027	6.193406327327211e-02	6.309573444801933e-02
1048	5.971139667553538e-02	6.025595860743578e-02
1069	5.841395851974207e-02	5.888436553555890e-02
1090	5.542308830383880e-02	5.623413251903491e-02
1111	4.420109425901431e-02	4.466835921509630e-02
1132	4.018947322432354e-02	4.073802778041128e-02
1153	3.843191962168024e-02	3.890451449942807e-02
1174	3.553210929500972e-02	3.630780547701014e-02
1195	3.477423113605094e-02	3.548133892335755e-02
1216	3.443168509028671e-02	3.467368504525317e-02
1237	3.385486517690850e-02	3.388441561392026e-02
1321	3.307659311653421e-02	3.311311214825911e-02
1405	3.179244614049515e-02	3.235936569296283e-02
1426	3.082600015979775e-02	3.090295432513590e-02
1447	2.987949657683941e-02	3.019951720402016e-02
1468	2.365957020216281e-02	2.398832919019490e-02
1489	2.230920898984368e-02	2.238721138568340e-02
1531	2.114241516322646e-02	2.137962089502233e-02
1552	1.948599954308794e-02	1.949844599758046e-02
1573	1.864817102056571e-02	1.905460717963247e-02
1594	1.850999888848015e-02	1.862087136662868e-02
1615	1.795439609393701e-02	1.819700858609984e-02
1636	1.490388820090427e-02	1.513561248436208e-02
1657	1.340004330929911e-02	1.348962882591653e-02
1678	1.182905876974527e-02	1.202264434617413e-02
1699	1.037977547875191e-02	1.047128548050900e-02
1720	9.730976740511377e-03	9.772372209558112e-03
1762	9.157035128469659e-03	9.332543007969915e-03
1783	8.883032745886754e-03	8.912509381337459e-03
1804	8.699764952626143e-03	8.709635899560805e-03
1846	8.390593608129548e-03	8.511380382023767e-03
1867	8.298446672677318e-03	8.317637711026709e-03
1888	7.622117414645357e-03	7.762471166286920e-03
1909	5.764060801929372e-03	5.888436553555890e-03
1930	5.322675476527872e-03	5.370317963702527e-03
1951	5.074375855555813e-03	5.128613839913648e-03
1972	4.781264666836593e-03	4.786300923226385e-03
2014	4.482102682545452e-03	4.570881896148752e-03
2035	4.329394812536469e-03	4.365158322401661e-03
2077	4.251318982998242e-03	4.265795188015926e-03
2119	3.548120702280944e-03	3.548133892335753e-03
2140	3.265068898919643e-03	3.311311214825911e-03
2161	3.181069734862318e-03	3.235936569296281e-03
2182	3.058704799075218e-03	3.090295432513592e-03
2203	2.743455812454498e-03	2.754228703338166e-03
2224	2.615569333861756e-03	2.630267991895381e-03
2266	2.544951727462053e-03	2.570395782768865e-03
2287	2.371797295038114e-03	2.398832919019490e-03
2329	2.337420569043402e-03	2.344228815319923e-03
2392	2.253438419974163e-03	2.290867652767772e-03
2413	2.148856283461620e-03	2.187761623949552e-03
2434	2.108915853743842e-03	2.137962089502233e-03
2476	1.916944663673537e-03	1.949844599758046e-03
2518	1.878005546687711e-03	1.905460717963246e-03
2539	1.854992743265060e-03	1.862087136662868e-03
2581	1.796809736564930e-03	1.819700858609983e-03
2602	1.768309740614593e-03	1.778279410038923e-03
2623	1.669075944007226e-03	1.698243652461744e-03
2665	1.565708865876148e-03	1.584893192461114e-03
2707	1.532237706805883e-03	1.548816618912481e-03
2749	1.468953047858768e-03	1.479108388168207e-03
2812	1.440769965824873e-03	1.445439770745928e-03
2917	1.341388050716597e-03	1.348962882591653e-03
3064	1.313719561504834e-03	1.318256738556408e-03
3127	1.282471236210614e-03	1.288249551693134e-03
3169	1.254424150194167e-03	1.258925411794167e-03
3295	1.196691121760574e-03	1.202264434617413e-03
3841	1.164082597762017e-03	1.174897554939529e-03
3925	1.147138599850828e-03	1.148153621496883e-03
4261	1.078520410913941e-03	1.096478196143185e-03
8677	1.071518191308463e-03	1.071519305237606e-03
1000000	1.060503974527394e-03	1.071519305237606e-03
%
% index = 2645, name = bbob_f002_i13_d10__bbob_f006_i14_d10
% instance = 6, reference value = 9.987899359434910e-01
% function evaluation | indicator value | target hit
1	6.693175197280974e-01	6.760829753919817e-01
39	6.552764877526929e-01	6.606934480075960e-01
40	6.423983109578311e-01	6.456542290346555e-01
61	6.254665223290679e-01	6.309573444801932e-01
82	5.894722569325943e-01	6.025595860743578e-01
103	5.405323425344164e-01	5.495408738576245e-01
124	4.868812114546908e-01	4.897788193684462e-01
145	4.377154929474201e-01	4.466835921509631e-01
166	4.003266306332118e-01	4.073802778041127e-01
187	3.745762943137689e-01	3.801893963205612e-01
208	3.501466505607758e-01	3.548133892335755e-01
229	3.141128666005157e-01	3.162277660168379e-01
250	2.837686185383242e-01	2.884031503126606e-01
271	2.597163693900997e-01	2.630267991895382e-01
292	2.414764828088015e-01	2.454708915685030e-01
313	2.299964216329609e-01	2.344228815319922e-01
334	2.176359964710032e-01	2.187761623949552e-01
355	2.062766837323049e-01	2.089296130854039e-01
376	1.958502803998928e-01	1.995262314968880e-01
397	1.859678118327661e-01	1.862087136662867e-01
418	1.679037810301883e-01	1.698243652461744e-01
439	1.546615008692513e-01	1.548816618912481e-01
460	1.424019389763775e-01	1.445439770745928e-01
481	1.382895379372595e-01	1.412537544622754e-01
502	1.330946142125852e-01	1.348962882591654e-01
523	1.282753513458099e-01	1.288249551693134e-01
544	1.256193395038345e-01	1.258925411794167e-01
586	1.218373332430324e-01	1.230268770812381e-01
670	1.179525259173930e-01	1.202264434617413e-01
691	1.147768610386469e-01	1.148153621496883e-01
733	1.114047424949343e-01	1.122018454301964e-01
754	1.051208552899373e-01	1.071519305237607e-01
775	9.898259783016938e-02	1.000000000000000e-01
817	9.699172928979283e-02	9.772372209558107e-02
859	9.519591680262451e-02	9.549925860214359e-02
880	9.041524777763243e-02	9.120108393559097e-02
901	8.277551878450540e-02	8.317637711026708e-02
922	8.114490307203082e-02	8.128305161640990e-02
943	7.890036861185135e-02	7.943282347242814e-02
964	7.460466247977315e-02	7.585775750291836e-02
985	7.377361831641582e-02	7.413102413009177e-02
1027	7.189562816327244e-02	7.244359600749903e-02
1048	7.073747399790586e-02	7.079457843841380e-02
1069	6.644733514588042e-02	6.760829753919818e-02
1132	6.599928817377199e-02	6.606934480075961e-02
1174	6.444589101838161e-02	6.456542290346556e-02
1279	5.917937386355998e-02	6.025595860743578e-02
1300	5.840042488134578e-02	5.888436553555890e-02
1384	5.729564131707843e-02	5.754399373371569e-02
1405	5.521530019464582e-02	5.623413251903491e-02
1426	5.448529025992099e-02	5.495408738576246e-02
1468	5.360239562359603e-02	5.370317963702527e-02
1489	5.233308424208438e-02	5.248074602497726e-02
1510	5.114768945722037e-02	5.128613839913648e-02
1552	4.817429522766681e-02	4.897788193684462e-02
1573	4.772158726143849e-02	4.786300923226382e-02
1636	4.563779063540552e-02	4.570881896148749e-02
1699	4.437766435917689e-02	4.466835921509630e-02
1720	4.310149163596744e-02	4.365158322401658e-02
1741	4.139575431638043e-02	4.168693834703355e-02
1783	4.057701414274295e-02	4.073802778041128e-02
1888	3.801387015865032e-02	3.801893963205612e-02
1993	3.591387314558669e-02	3.630780547701014e-02
2014	3.543054820396618e-02	3.548133892335755e-02
2224	3.464733442895529e-02	3.467368504525317e-02
2266	3.352940792489500e-02	3.388441561392026e-02
2287	3.280453995434141e-02	3.311311214825911e-02
2392	3.145298654187489e-02	3.162277660168379e-02
2413	3.060304492217847e-02	3.090295432513590e-02
2497	2.965498505027087e-02	3.019951720402016e-02
2560	2.934858328224166e-02	2.951209226666385e-02
2603	2.831540684983858e-02	2.884031503126606e-02
2666	2.799711593829446e-02	2.818382931264454e-02
2709	2.710980057844570e-02	2.754228703338166e-02
2772	2.681316776596954e-02	2.691534803926915e-02
2794	2.617473632518896e-02	2.630267991895381e-02
3004	2.568050256249799e-02	2.570395782768863e-02
3152	2.506648032406700e-02	2.511886431509579e-02
3517	2.441689772768507e-02	2.454708915685030e-02
3882	2.385084616413846e-02	2.398832919019490e-02
317431	2.340037583422749e-02	2.344228815319923e-02
319219	2.247733306767086e-02	2.290867652767773e-02
320795	2.135626743191965e-02	2.137962089502233e-02
324034	1.971407949075887e-02	1.995262314968880e-02
326805	1.800815711411485e-02	1.819700858609984e-02
329674	1.651165463962123e-02	1.659586907437561e-02
333123	1.543112465280505e-02	1.548816618912481e-02
336801	1.477508193810528e-02	1.479108388168207e-02
339593	1.433286456608296e-02	1.445439770745927e-02
341825	1.377843469160911e-02	1.380384264602885e-02
344199	1.287468919833767e-02	1.288249551693134e-02
347701	1.166039197648838e-02	1.174897554939530e-02
350377	1.041274059999342e-02	1.047128548050900e-02
353209	9.421991695459653e-03	9.549925860214359e-03
356644	8.824105394532378e-03	8.912509381337459e-03
360570	8.576331675891224e-03	8.709635899560805e-03
366387	8.489446813080836e-03	8.511380382023767e-03
367821	8.281979939360529e-03	8.317637711026709e-03
370569	7.738826067567595e-03	7.762471166286920e-03
372643	6.914575240919318e-03	6.918309709189363e-03
375578	6.109795459634304e-03	6.165950018614822e-03
378209	5.576111932495076e-03	5.623413251903491e-03
381060	5.345710675744852e-03	5.370317963702527e-03
384249	5.236148499229709e-03	5.248074602497728e-03
391495	4.990600752537211e-03	5.011872336272725e-03
394429	4.551656797041503e-03	4.570881896148752e-03
398906	4.106491504402343e-03	4.168693834703355e-03
407578	3.803936732641677e-03	3.890451449942805e-03
418547	3.614734985019297e-03	3.630780547701014e-03
427770	3.423049374356002e-03	3.467368504525317e-03
441777	3.215012227543723e-03	3.235936569296281e-03
452650	3.054004389781872e-03	3.090295432513592e-03
545581	3.017536560573020e-03	3.019951720402016e-03
569518	2.949793179723548e-03	2.951209226666387e-03
650481	2.866301485098144e-03	2.884031503126605e-03
1000000	2.824052229327467e-03	2.884031503126605e-03
%
% index = 2646, name = bbob_f002_i15_d10__bbob_f006_i16_d10
% instance = 7, reference value = 9.999583341429999e-01
% function evaluation | indicator value | target hit
1	1.560296377802000e+00	1.584893192461114e+00
37	1.543890446814500e+00	1.548816618912481e+00
39	1.494818593739000e+00	1.513561248436208e+00
40	1.430094148756000e+00	1.445439770745927e+00
61	1.341119012794500e+00	1.348962882591654e+00
82	1.199397912394500e+00	1.202264434617413e+00
103	1.074516068179000e+00	1.096478196143185e+00
124	9.912095233145093e-01	1.000000000000000e+00
145	9.566609273140396e-01	9.772372209558107e-01
166	9.157252298337356e-01	9.332543007969910e-01
187	8.728931254294378e-01	8.912509381337456e-01
208	8.293213125321572e-01	8.317637711026710e-01
229	7.830839632968661e-01	7.943282347242815e-01
250	7.315075518773581e-01	7.413102413009175e-01
271	6.747164666942251e-01	6.760829753919817e-01
292	6.179757361623999e-01	6.309573444801932e-01
313	5.683341905255677e-01	5.754399373371569e-01
334	5.272408375433741e-01	5.370317963702527e-01
355	4.870735968206743e-01	4.897788193684462e-01
376	4.365883568101887e-01	4.466835921509631e-01
397	3.777193989907036e-01	3.801893963205612e-01
418	3.269354093368376e-01	3.311311214825911e-01
439	2.949379559109153e-01	2.951209226666385e-01
460	2.784120194677867e-01	2.818382931264454e-01
481	2.553199370662828e-01	2.570395782768864e-01
502	2.246370214882952e-01	2.290867652767773e-01
523	2.046125206893862e-01	2.089296130854039e-01
544	1.877050353060415e-01	1.905460717963247e-01
565	1.572273842879823e-01	1.584893192461113e-01
586	1.375279846514647e-01	1.380384264602885e-01
607	1.280726194246850e-01	1.288249551693134e-01
628	1.256295004948652e-01	1.258925411794167e-01
649	1.194642949121973e-01	1.202264434617413e-01
670	1.000629349830348e-01	1.023292992280754e-01
691	7.927889430710677e-02	7.943282347242814e-02
712	7.252603633833499e-02	7.413102413009177e-02
733	6.797558503130052e-02	6.918309709189366e-02
754	6.631341421517856e-02	6.760829753919818e-02
775	6.003993883670733e-02	6.025595860743578e-02
796	4.931458467144767e-02	5.011872336272722e-02
817	4.069845526788241e-02	4.073802778041128e-02
838	3.887122486369610e-02	3.890451449942807e-02
859	3.748064331372736e-02	3.801893963205612e-02
880	3.353286356783491e-02	3.388441561392026e-02
901	2.833447321360960e-02	2.884031503126606e-02
922	2.343753508252111e-02	2.344228815319923e-02
943	2.202745232136150e-02	2.238721138568340e-02
964	2.130888839903067e-02	2.137962089502233e-02
985	1.961827366701507e-02	1.995262314968880e-02
1006	1.594498905324748e-02	1.621810097358930e-02
1027	1.404683490929826e-02	1.412537544622754e-02
1048	1.312092136758836e-02	1.318256738556407e-02
1090	1.272932036036567e-02	1.288249551693134e-02
1111	1.246241249685998e-02	1.258925411794167e-02
1132	1.106367561445576e-02	1.122018454301964e-02
1153	1.057937888673877e-02	1.071519305237606e-02
1195	1.032949128086724e-02	1.047128548050900e-02
1216	1.003662049946652e-02	1.023292992280754e-02
1258	9.822681014418966e-03	1.000000000000000e-02
1279	9.429914305893794e-03	9.549925860214359e-03
1321	9.302629995655898e-03	9.332543007969915e-03
1342	8.997038547682634e-03	9.120108393559097e-03
1363	8.578612530558694e-03	8.709635899560805e-03
1384	8.183534701036388e-03	8.317637711026709e-03
1405	8.042520918562834e-03	8.128305161640995e-03
1426	7.934297265901002e-03	7.943282347242814e-03
1447	7.727545066648300e-03	7.762471166286920e-03
1510	7.411618515343110e-03	7.413102413009177e-03
1552	7.197914425544627e-03	7.244359600749898e-03
1573	7.032772034778811e-03	7.079457843841380e-03
1657	6.861234679709449e-03	6.918309709189363e-03
1678	6.728621726025730e-03	6.760829753919818e-03
1699	6.543543044196132e-03	6.606934480075957e-03
1720	5.983672212385494e-03	6.025595860743574e-03
1741	5.701524932147373e-03	5.754399373371567e-03
1762	5.537697219166304e-03	5.623413251903491e-03
1804	4.569088623818773e-03	4.570881896148752e-03
1825	4.413457185395431e-03	4.466835921509630e-03
1888	3.923128106924856e-03	3.981071705534973e-03
1930	3.862467551560944e-03	3.890451449942805e-03
1972	3.676317910594640e-03	3.715352290971724e-03
1993	3.246879752019760e-03	3.311311214825911e-03
2014	3.067486468148362e-03	3.090295432513592e-03
2056	2.997159320565101e-03	3.019951720402016e-03
2077	2.827264221356152e-03	2.884031503126605e-03
2140	2.758142091872862e-03	2.818382931264455e-03
2161	2.576250238790156e-03	2.630267991895381e-03
2245	2.543433223253899e-03	2.570395782768865e-03
2266	2.496205929694240e-03	2.511886431509579e-03
2329	2.419478647077478e-03	2.454708915685031e-03
2371	2.382330782610631e-03	2.398832919019490e-03
2413	2.337701607035725e-03	2.344228815319923e-03
2497	2.264093278192991e-03	2.290867652767772e-03
2518	2.176202354522427e-03	2.187761623949552e-03
2560	2.119038749898938e-03	2.137962089502233e-03
2581	2.088463792107476e-03	2.089296130854039e-03
2623	2.024071261208182e-03	2.041737944669530e-03
2686	1.976826892788663e-03	1.995262314968879e-03
2749	1.947098544933912e-03	1.949844599758046e-03
2812	1.903053593398263e-03	1.905460717963246e-03
2896	1.852671587875832e-03	1.862087136662868e-03
2938	1.819518303892376e-03	1.819700858609983e-03
2980	1.772144294839406e-03	1.778279410038923e-03
3043	1.730066314574952e-03	1.737800828749376e-03
3148	1.697260975933146e-03	1.698243652461744e-03
3316	1.657105778809731e-03	1.659586907437561e-03
3421	1.611723182132652e-03	1.621810097358930e-03
3526	1.580950063388764e-03	1.584893192461114e-03
3589	1.534886216280062e-03	1.548816618912481e-03
3652	1.512383720329358e-03	1.513561248436209e-03
3778	1.476570454471138e-03	1.479108388168207e-03
3862	1.424535031266272e-03	1.445439770745928e-03
3925	1.406854605302210e-03	1.412537544622754e-03
4030	1.371947627414993e-03	1.380384264602885e-03
4072	1.343445770557783e-03	1.348962882591653e-03
4177	1.314803351381899e-03	1.318256738556408e-03
4261	1.286148224143746e-03	1.288249551693134e-03
4387	1.255931234359631e-03	1.258925411794167e-03
4597	1.230131010502067e-03	1.230268770812381e-03
4723	1.201417499051338e-03	1.202264434617413e-03
4891	1.173609952446086e-03	1.174897554939529e-03
5059	1.146093469619247e-03	1.148153621496883e-03
5207	1.118728571002592e-03	1.122018454301963e-03
5354	1.095499780813025e-03	1.096478196143185e-03
5585	1.069680356181379e-03	1.071519305237606e-03
5816	1.044917167628001e-03	1.047128548050900e-03
5985	1.001004432483521e-03	1.023292992280754e-03
6115	9.999484781704204e-04	1.000000000000000e-03
6535	9.760947631365369e-04	9.772372209558111e-04
6871	9.544093993432146e-04	9.549925860214359e-04
7231	9.265423806501527e-04	9.332543007969915e-04
7359	8.684069074229583e-04	8.709635899560805e-04
7871	8.386590158083740e-04	8.511380382023768e-04
7872	8.268156091927326e-04	8.317637711026709e-04
8001	7.908509343235171e-04	7.943282347242813e-04
8656	7.756236866611754e-04	7.762471166286919e-04
9329	7.565082111137267e-04	7.585775750291835e-04
9584	7.388679550864863e-04	7.413102413009177e-04
9941	7.238507305639130e-04	7.244359600749898e-04
10490	7.065359171127827e-04	7.079457843841380e-04
11603	6.916400187463312e-04	6.918309709189362e-04
12089	6.760733561014254e-04	6.760829753919819e-04
12405	6.589526719310568e-04	6.606934480075957e-04
12891	6.450298490423556e-04	6.456542290346556e-04
13903	6.299138500230894e-04	6.309573444801930e-04
14996	6.146352471788630e-04	6.165950018614823e-04
15902	6.009532223214542e-04	6.025595860743575e-04
17416	5.887574260905470e-04	5.888436553555889e-04
18937	5.751051235260984e-04	5.754399373371566e-04
21244	5.623181146564571e-04	5.623413251903491e-04
25419	5.492646688111114e-04	5.495408738576248e-04
29983	5.365296337607184e-04	5.370317963702527e-04
34911	5.240533125373537e-04	5.248074602497728e-04
69370	5.128600336500311e-04	5.128613839913648e-04
298458	4.991490774095553e-04	5.011872336272725e-04
308151	4.838414164940463e-04	4.897788193684461e-04
325604	4.665416421459900e-04	4.677351412871981e-04
347459	4.419903652962409e-04	4.466835921509630e-04
369364	4.219582135561728e-04	4.265795188015926e-04
370689	4.164734953838733e-04	4.168693834703355e-04
390616	4.018835425041445e-04	4.073802778041126e-04
411932	3.901106657323572e-04	3.981071705534974e-04
433221	3.802098613578941e-04	3.890451449942805e-04
434779	3.801616296509325e-04	3.801893963205612e-04
454616	3.692229545433356e-04	3.715352290971724e-04
475801	3.562835751472759e-04	3.630780547701014e-04
481945	3.546820897232239e-04	3.548133892335753e-04
1000000	3.532451949895821e-04	3.548133892335753e-04
%
% index = 2647, name = bbob_f002_i17_d10__bbob_f006_i18_d10
% instance = 8, reference value = 9.997457274638960e-01
% function evaluation | indicator value | target hit
1	1.745724821483396e+00	1.778279410038923e+00
40	1.734171769338896e+00	1.737800828749375e+00
103	1.671910047755396e+00	1.698243652461744e+00
124	1.609044304300896e+00	1.621810097358930e+00
145	1.518212525149396e+00	1.548816618912481e+00
166	1.402666495955896e+00	1.412537544622754e+00
187	1.270563250226896e+00	1.288249551693134e+00
208	1.145484596936896e+00	1.148153621496883e+00
229	1.049187598555896e+00	1.071519305237606e+00
250	9.874082654659493e-01	1.000000000000000e+00
271	9.527000529491576e-01	9.549925860214360e-01
292	9.243021479951009e-01	9.332543007969910e-01
313	8.908439163419593e-01	8.912509381337456e-01
334	8.502820168813643e-01	8.511380382023764e-01
355	8.009747319796652e-01	8.128305161640993e-01
376	7.477586252060340e-01	7.585775750291838e-01
397	6.850435964557349e-01	6.918309709189365e-01
418	6.313848286689048e-01	6.456542290346555e-01
439	5.935391781426629e-01	6.025595860743578e-01
460	5.544947468310701e-01	5.623413251903491e-01
481	5.178075967088062e-01	5.248074602497725e-01
502	4.792224699673273e-01	4.897788193684462e-01
523	4.435126092275270e-01	4.466835921509631e-01
544	4.116093083258526e-01	4.168693834703354e-01
565	3.880560686112106e-01	3.890451449942806e-01
586	3.712665309781229e-01	3.715352290971726e-01
607	3.577007776047231e-01	3.630780547701014e-01
628	3.424747072398069e-01	3.467368504525316e-01
649	3.186460095473530e-01	3.235936569296283e-01
670	2.916864428480996e-01	2.951209226666385e-01
691	2.585732452634161e-01	2.630267991895382e-01
712	2.332095010324203e-01	2.344228815319922e-01
733	2.138768152711539e-01	2.187761623949552e-01
754	2.042162232611638e-01	2.089296130854039e-01
775	1.997767424389335e-01	2.041737944669530e-01
796	1.976965205500827e-01	1.995262314968880e-01
838	1.898654397684942e-01	1.905460717963247e-01
859	1.792994880284225e-01	1.819700858609984e-01
880	1.473586839975175e-01	1.479108388168208e-01
901	1.366965838043915e-01	1.380384264602885e-01
922	1.252747693610369e-01	1.258925411794167e-01
943	1.127992158458955e-01	1.148153621496883e-01
964	1.116767798807640e-01	1.122018454301964e-01
1027	1.039142919131161e-01	1.047128548050900e-01
1048	9.618164650934358e-02	9.772372209558107e-02
1069	8.838888291890934e-02	8.912509381337455e-02
1090	8.020078843509004e-02	8.128305161640990e-02
1111	7.555086190017535e-02	7.585775750291836e-02
1132	7.275465860103802e-02	7.413102413009177e-02
1153	6.835228028162155e-02	6.918309709189366e-02
1174	6.384190986372351e-02	6.456542290346556e-02
1195	6.196604372235326e-02	6.309573444801933e-02
1216	5.838596072861801e-02	5.888436553555890e-02
1237	5.041249407325177e-02	5.128613839913648e-02
1258	4.771431572141438e-02	4.786300923226382e-02
1279	4.523022738355997e-02	4.570881896148749e-02
1300	3.975620555384562e-02	3.981071705534973e-02
1321	3.591509060758624e-02	3.630780547701014e-02
1342	3.478898117015716e-02	3.548133892335755e-02
1363	3.222720059135220e-02	3.235936569296283e-02
1384	3.023130230412785e-02	3.090295432513590e-02
1405	2.799772131478717e-02	2.818382931264454e-02
1426	2.574920396737790e-02	2.630267991895381e-02
1447	2.316173681065581e-02	2.344228815319923e-02
1468	2.177552731360632e-02	2.187761623949553e-02
1531	2.041383164431165e-02	2.041737944669529e-02
1615	1.994659322443237e-02	1.995262314968880e-02
1657	1.937528283334167e-02	1.949844599758046e-02
1699	1.623271228803935e-02	1.659586907437561e-02
1720	1.616009932878415e-02	1.621810097358930e-02
1825	1.550580132075485e-02	1.584893192461113e-02
2182	1.496272431831491e-02	1.513561248436208e-02
2203	1.473771394582102e-02	1.479108388168207e-02
2287	1.443335728074846e-02	1.445439770745927e-02
2602	1.348805195197955e-02	1.348962882591653e-02
2812	1.308278474327962e-02	1.318256738556407e-02
3106	1.286433275137422e-02	1.288249551693134e-02
3295	1.252790027076489e-02	1.258925411794167e-02
4135	1.220869286652881e-02	1.230268770812382e-02
4345	1.197441826971535e-02	1.202264434617413e-02
5164	1.148705074595602e-02	1.174897554939530e-02
5185	1.143061798418210e-02	1.148153621496883e-02
6173	1.110708585838738e-02	1.122018454301964e-02
6236	1.094935192386104e-02	1.096478196143185e-02
7034	1.065620842286552e-02	1.071519305237606e-02
7160	1.032509558618155e-02	1.047128548050900e-02
7307	1.017351583183690e-02	1.023292992280754e-02
7643	9.796278570388339e-03	1.000000000000000e-02
7665	9.711959893235811e-03	9.772372209558112e-03
8001	9.538270014340267e-03	9.549925860214359e-03
9177	8.413171199018299e-03	8.511380382023767e-03
11619	8.078989302123696e-03	8.128305161640995e-03
13390	7.761430454053198e-03	7.762471166286920e-03
14210	7.458133947532364e-03	7.585775750291836e-03
16192	7.292307529206399e-03	7.413102413009177e-03
17142	7.191016381420057e-03	7.244359600749898e-03
19613	7.066707924222038e-03	7.079457843841380e-03
20542	6.907539998870837e-03	6.918309709189363e-03
35733	6.759510412280623e-03	6.760829753919818e-03
37544	6.448755840364639e-03	6.456542290346556e-03
39102	6.285199384197804e-03	6.309573444801930e-03
40046	6.116847392415914e-03	6.165950018614822e-03
40744	5.943358356032880e-03	6.025595860743574e-03
41331	5.764880440114584e-03	5.888436553555890e-03
41871	5.581997422673068e-03	5.623413251903491e-03
42408	5.395899526490888e-03	5.495408738576248e-03
43447	5.208154964016165e-03	5.248074602497728e-03
44812	5.020844440489447e-03	5.128613839913648e-03
46201	4.836323165368306e-03	4.897788193684461e-03
47851	4.657098342496280e-03	4.677351412871981e-03
50164	4.485750812366240e-03	4.570881896148752e-03
51859	4.324643638801584e-03	4.365158322401661e-03
52786	4.175911166563684e-03	4.265795188015926e-03
56655	4.041351926246439e-03	4.073802778041126e-03
58948	3.922041000661736e-03	3.981071705534973e-03
60686	3.818563929055996e-03	3.890451449942805e-03
65422	3.730862512973609e-03	3.801893963205613e-03
66754	3.658276435462904e-03	3.715352290971724e-03
70722	3.607983145442417e-03	3.630780547701014e-03
80975	3.547589305544108e-03	3.548133892335753e-03
95588	3.456370836142919e-03	3.467368504525317e-03
116744	3.380831280527907e-03	3.388441561392024e-03
135011	3.243833802560325e-03	3.311311214825911e-03
161979	3.218747295576363e-03	3.235936569296281e-03
244248	3.083578538958243e-03	3.090295432513592e-03
252914	3.004837467071919e-03	3.019951720402016e-03
256435	2.925839254957041e-03	2.951209226666387e-03
261171	2.843474176049798e-03	2.884031503126605e-03
269623	2.757509209269093e-03	2.818382931264455e-03
276723	2.664349365256835e-03	2.691534803926917e-03
296698	2.542449626156906e-03	2.570395782768865e-03
602502	2.496969398387727e-03	2.511886431509579e-03
603808	2.446833045581354e-03	2.454708915685031e-03
604856	2.376190271401457e-03	2.398832919019490e-03
605423	2.334988489445244e-03	2.344228815319923e-03
607108	2.247820691549607e-03	2.290867652767772e-03
607934	2.205072629209992e-03	2.238721138568340e-03
608636	2.164800443901327e-03	2.187761623949552e-03
609446	2.128116345182285e-03	2.137962089502233e-03
613878	2.087311681102766e-03	2.089296130854039e-03
621837	2.032116445295107e-03	2.041737944669530e-03
624937	1.994009117847195e-03	1.995262314968879e-03
659432	1.948058026513100e-03	1.949844599758046e-03
693023	1.900496494549153e-03	1.905460717963246e-03
721231	1.858004006300207e-03	1.862087136662868e-03
765777	1.811076113108934e-03	1.819700858609983e-03
1000000	1.783579673376612e-03	1.819700858609983e-03
%
% index = 2648, name = bbob_f002_i19_d10__bbob_f006_i21_d10
% instance = 9, reference value = 9.999207832445250e-01
% function evaluation | indicator value | target hit
1	1.379644127775025e+00	1.380384264602885e+00
39	1.347191038530525e+00	1.348962882591654e+00
40	1.314824475931025e+00	1.318256738556407e+00
61	1.269551480872025e+00	1.288249551693134e+00
82	1.192826596863025e+00	1.202264434617413e+00
103	1.116773825732525e+00	1.122018454301963e+00
124	1.064857624165525e+00	1.071519305237606e+00
145	9.933747313859844e-01	1.000000000000000e+00
166	9.360153990896601e-01	9.549925860214360e-01
187	8.766480181608677e-01	8.912509381337456e-01
208	8.059731838377855e-01	8.128305161640993e-01
229	7.352644175778889e-01	7.413102413009175e-01
250	6.641435907698952e-01	6.760829753919817e-01
271	5.952859735870470e-01	6.025595860743578e-01
292	5.329858227047185e-01	5.370317963702527e-01
313	4.803783739735675e-01	4.897788193684462e-01
334	4.357193021846874e-01	4.365158322401660e-01
355	4.094043783646384e-01	4.168693834703354e-01
397	3.720112577047660e-01	3.801893963205612e-01
418	3.401105765507463e-01	3.467368504525316e-01
439	3.097797342933318e-01	3.162277660168379e-01
460	2.824290757882306e-01	2.884031503126606e-01
481	2.630346247349042e-01	2.691534803926916e-01
502	2.273821836669434e-01	2.290867652767773e-01
523	1.922474999657106e-01	1.949844599758045e-01
544	1.630386765276369e-01	1.659586907437560e-01
565	1.427258656740146e-01	1.445439770745928e-01
586	1.312976080446305e-01	1.318256738556407e-01
607	1.277937146652097e-01	1.288249551693134e-01
628	1.173328803071539e-01	1.174897554939529e-01
649	1.070347720801860e-01	1.071519305237607e-01
670	9.645465902116568e-02	9.772372209558107e-02
691	8.675421106070313e-02	8.709635899560805e-02
712	7.813473853091424e-02	7.943282347242814e-02
733	7.739770742337126e-02	7.762471166286916e-02
754	6.801322542283184e-02	6.918309709189366e-02
775	5.892307493492654e-02	6.025595860743578e-02
796	5.068678288754658e-02	5.128613839913648e-02
817	4.375238835703132e-02	4.466835921509630e-02
838	3.845813422241773e-02	3.890451449942807e-02
859	3.788770364166860e-02	3.801893963205612e-02
880	3.356961848637863e-02	3.388441561392026e-02
901	3.078516631751649e-02	3.090295432513590e-02
922	2.952077140708453e-02	3.019951720402016e-02
943	2.928621682076016e-02	2.951209226666385e-02
964	2.716129903152020e-02	2.754228703338166e-02
985	2.570123698370408e-02	2.570395782768863e-02
1048	2.254532906832007e-02	2.290867652767773e-02
1069	2.013844786024044e-02	2.041737944669529e-02
1090	1.732551660722803e-02	1.737800828749375e-02
1111	1.680917218562950e-02	1.698243652461744e-02
1132	1.570332025626286e-02	1.584893192461113e-02
1153	1.286808311151855e-02	1.288249551693134e-02
1174	1.114701848182176e-02	1.122018454301964e-02
1195	1.043916228132857e-02	1.047128548050900e-02
1216	1.018130019159769e-02	1.023292992280754e-02
1279	9.940673235890984e-03	1.000000000000000e-02
1300	9.606268139763841e-03	9.772372209558112e-03
1363	9.522316454854796e-03	9.549925860214359e-03
1510	9.322109313863680e-03	9.332543007969915e-03
1594	9.084272842747154e-03	9.120108393559097e-03
1699	8.877520748814316e-03	8.912509381337459e-03
1783	8.704768300997312e-03	8.709635899560805e-03
1888	8.455501970592527e-03	8.511380382023767e-03
1951	8.296297995562307e-03	8.317637711026709e-03
2035	8.075555545586699e-03	8.128305161640995e-03
2077	7.939121358107482e-03	7.943282347242814e-03
2140	7.733336797252743e-03	7.762471166286920e-03
2203	7.559733411875214e-03	7.585775750291836e-03
2287	7.370171839869766e-03	7.413102413009177e-03
2371	7.210909860849157e-03	7.244359600749898e-03
2455	7.058382338281377e-03	7.079457843841380e-03
2539	6.913462935882464e-03	6.918309709189363e-03
2707	6.748212615860893e-03	6.760829753919818e-03
2917	6.588671805453750e-03	6.606934480075957e-03
3970	5.832448135846602e-03	5.888436553555890e-03
4370	5.727682314674576e-03	5.754399373371567e-03
4433	5.583079008942504e-03	5.623413251903491e-03
4454	5.330960095285109e-03	5.370317963702527e-03
4475	5.161177325577526e-03	5.248074602497728e-03
4496	5.063274063028533e-03	5.128613839913648e-03
4517	4.905016976853638e-03	5.011872336272725e-03
4538	4.799303885615780e-03	4.897788193684461e-03
4559	4.745154750719127e-03	4.786300923226385e-03
4580	4.619032853000360e-03	4.677351412871981e-03
4601	4.222305974949658e-03	4.265795188015926e-03
4644	3.612187284439017e-03	3.630780547701014e-03
4666	3.344569696521082e-03	3.388441561392024e-03
5025	3.307168581764830e-03	3.311311214825911e-03
5256	3.229530628532484e-03	3.235936569296281e-03
5298	3.152085525562676e-03	3.162277660168379e-03
7654	3.085278683709336e-03	3.090295432513592e-03
7759	3.004306893968245e-03	3.019951720402016e-03
7822	2.801411950645205e-03	2.818382931264455e-03
7843	2.736799047902583e-03	2.754228703338166e-03
7864	2.686991423251572e-03	2.691534803926917e-03
7906	2.619513597341028e-03	2.630267991895381e-03
7990	2.552774282499115e-03	2.570395782768865e-03
8095	2.511536623846622e-03	2.511886431509579e-03
8263	2.450543029382746e-03	2.454708915685031e-03
8641	2.397479972658489e-03	2.398832919019490e-03
11749	2.341679910249361e-03	2.344228815319923e-03
13100	2.290457333189666e-03	2.290867652767772e-03
13479	2.236356959525287e-03	2.238721138568340e-03
14899	2.186799250844307e-03	2.187761623949552e-03
220554	2.117747001395331e-03	2.137962089502233e-03
395300	2.077892220936239e-03	2.089296130854039e-03
400229	2.041448407576918e-03	2.041737944669530e-03
401175	1.981621171763259e-03	1.995262314968879e-03
402831	1.946943673638679e-03	1.949844599758046e-03
403028	1.891514658192595e-03	1.905460717963246e-03
613656	1.793699169342244e-03	1.819700858609983e-03
614560	1.771836097307244e-03	1.778279410038923e-03
1000000	1.743556023116377e-03	1.778279410038923e-03
%
% index = 2649, name = bbob_f002_i21_d10__bbob_f006_i22_d10
% instance = 10, reference value = 9.984579168491310e-01
% function evaluation | indicator value | target hit
1	3.594378642995131e+00	3.630780547701014e+00
38	3.531842058405631e+00	3.548133892335755e+00
40	3.350964597700631e+00	3.388441561392026e+00
61	3.187528340415131e+00	3.235936569296283e+00
82	2.912992837561131e+00	2.951209226666386e+00
103	2.633497077786631e+00	2.691534803926916e+00
124	2.345717040472631e+00	2.398832919019490e+00
145	2.059452805473631e+00	2.089296130854040e+00
166	1.792943450748131e+00	1.819700858609983e+00
187	1.568794921216631e+00	1.584893192461114e+00
208	1.398616169531131e+00	1.412537544622754e+00
229	1.276349434598631e+00	1.288249551693134e+00
250	1.175740510806631e+00	1.202264434617413e+00
271	1.055847345866131e+00	1.071519305237606e+00
292	9.447915052945061e-01	9.549925860214360e-01
313	8.362219891179274e-01	8.511380382023764e-01
334	7.336773205192719e-01	7.413102413009175e-01
355	6.709205337282367e-01	6.760829753919817e-01
376	6.462308623080326e-01	6.606934480075960e-01
397	6.223159974641728e-01	6.309573444801932e-01
418	5.568891391596116e-01	5.623413251903491e-01
439	4.985261455416611e-01	5.011872336272722e-01
460	4.811137559676656e-01	4.897788193684462e-01
481	4.486114150402730e-01	4.570881896148750e-01
502	4.196482943050169e-01	4.265795188015927e-01
523	3.914054039979478e-01	3.981071705534972e-01
544	3.652660744974655e-01	3.715352290971726e-01
565	3.434201628013001e-01	3.467368504525316e-01
586	3.263895680962622e-01	3.311311214825911e-01
607	3.120871502103864e-01	3.162277660168379e-01
628	2.986209747784127e-01	3.019951720402016e-01
649	2.877217010894880e-01	2.884031503126606e-01
670	2.787045438969267e-01	2.818382931264454e-01
691	2.665870208292062e-01	2.691534803926916e-01
712	2.613942679772910e-01	2.630267991895382e-01
733	2.539939206579048e-01	2.570395782768864e-01
754	2.442327897736856e-01	2.454708915685030e-01
775	2.327824932506951e-01	2.344228815319922e-01
796	2.189070217971343e-01	2.238721138568339e-01
817	2.151860079977403e-01	2.187761623949552e-01
838	2.083264856629169e-01	2.089296130854039e-01
859	2.006494288020678e-01	2.041737944669530e-01
880	1.991849248833863e-01	1.995262314968880e-01
922	1.912666798514046e-01	1.949844599758045e-01
943	1.864745311172169e-01	1.905460717963247e-01
964	1.780405885753555e-01	1.819700858609984e-01
985	1.689499356767441e-01	1.698243652461744e-01
1006	1.548379771757818e-01	1.548816618912481e-01
1027	1.473012475591911e-01	1.479108388168208e-01
1069	1.410787958651155e-01	1.412537544622754e-01
1090	1.370705804287325e-01	1.380384264602885e-01
1153	1.307191009443825e-01	1.318256738556407e-01
1174	1.271827557467661e-01	1.288249551693134e-01
1195	1.224406917009540e-01	1.230268770812381e-01
1216	1.173968349958542e-01	1.174897554939529e-01
1237	1.123557808014907e-01	1.148153621496883e-01
1258	1.059863454799227e-01	1.071519305237607e-01
1321	1.044846676885517e-01	1.047128548050900e-01
1363	1.003756815168234e-01	1.023292992280754e-01
1384	9.596964561684573e-02	9.772372209558107e-02
1405	9.427014676092260e-02	9.549925860214359e-02
1447	9.257660572653437e-02	9.332543007969910e-02
1468	9.061053299051958e-02	9.120108393559097e-02
1489	8.854297906010400e-02	8.912509381337455e-02
1531	8.706048145859135e-02	8.709635899560805e-02
1573	8.464536517267818e-02	8.511380382023763e-02
1615	8.214753083896664e-02	8.317637711026708e-02
1636	7.985818473571926e-02	8.128305161640990e-02
1678	7.934545551765504e-02	7.943282347242814e-02
1867	7.728088642470610e-02	7.762471166286916e-02
1993	7.582917048991422e-02	7.585775750291836e-02
2119	7.326098722009056e-02	7.413102413009177e-02
2140	7.244251939801594e-02	7.244359600749903e-02
2224	7.067356777496259e-02	7.079457843841380e-02
2497	6.905734435260269e-02	6.918309709189366e-02
4429	6.422506475982503e-02	6.456542290346556e-02
4493	6.236178068371223e-02	6.309573444801933e-02
4535	5.948916407767901e-02	6.025595860743578e-02
4556	5.571297816481957e-02	5.623413251903491e-02
4619	5.481306027778898e-02	5.495408738576246e-02
4724	5.313529067563350e-02	5.370317963702527e-02
4766	5.180014867487803e-02	5.248074602497726e-02
4787	4.633558856423181e-02	4.677351412871981e-02
4934	4.551881709130556e-02	4.570881896148749e-02
5187	4.407174085871901e-02	4.466835921509630e-02
5314	4.287694676720155e-02	4.365158322401658e-02
5440	4.263785850190249e-02	4.265795188015926e-02
5609	4.166324012124911e-02	4.168693834703355e-02
6009	3.897593041236613e-02	3.981071705534973e-02
6072	3.889617558055836e-02	3.890451449942807e-02
6157	3.781400210001651e-02	3.801893963205612e-02
6389	3.713166390520173e-02	3.715352290971726e-02
6746	3.590546676773965e-02	3.630780547701014e-02
7082	3.537231379689332e-02	3.548133892335755e-02
7208	3.466488267027934e-02	3.467368504525317e-02
8048	3.385781742958305e-02	3.388441561392026e-02
8321	3.259081595610358e-02	3.311311214825911e-02
8615	3.235182880432841e-02	3.235936569296283e-02
8867	3.126903912580670e-02	3.162277660168379e-02
10867	3.089078011448243e-02	3.090295432513590e-02
17242	3.017669075758800e-02	3.019951720402016e-02
168231	2.904054061333983e-02	2.951209226666385e-02
168253	2.796364119993189e-02	2.818382931264454e-02
168318	2.686153803582070e-02	2.691534803926915e-02
168555	2.622597979992658e-02	2.630267991895381e-02
168643	2.555603311861088e-02	2.570395782768863e-02
168834	2.498847431873319e-02	2.511886431509579e-02
169794	2.435672813771150e-02	2.454708915685030e-02
1000000	2.408656963849620e-02	2.454708915685030e-02
