%
% index = 480, name = bbob_f008_i02_d02__bbob_f020_i04_d02
% instance = 1, reference value = 9.978888610072570e-01
% function evaluation | indicator value | target hit
1	6.683350572955257e+00	6.760829753919817e+00
21	6.602974540411257e+00	6.606934480075959e+00
23	6.364896597273257e+00	6.456542290346556e+00
28	6.185417697168257e+00	6.309573444801933e+00
33	5.859616182551257e+00	5.888436553555890e+00
38	5.545275831619257e+00	5.623413251903491e+00
43	5.242013710457257e+00	5.248074602497725e+00
48	4.949245287481257e+00	5.011872336272722e+00
53	4.666334345168257e+00	4.677351412871983e+00
58	4.528596129396257e+00	4.570881896148751e+00
63	4.307596395239757e+00	4.365158322401660e+00
68	4.061470111530257e+00	4.073802778041127e+00
73	3.829363165600257e+00	3.890451449942806e+00
78	3.612362974809257e+00	3.630780547701014e+00
83	3.410295108288757e+00	3.467368504525317e+00
88	3.222132473084757e+00	3.235936569296283e+00
93	3.046772357591757e+00	3.090295432513591e+00
98	2.883521010339257e+00	2.884031503126606e+00
103	2.730708068622257e+00	2.754228703338166e+00
108	2.588001658764757e+00	2.630267991895382e+00
113	2.453633406816757e+00	2.454708915685031e+00
118	2.327722866824257e+00	2.344228815319922e+00
123	2.208777492107757e+00	2.238721138568339e+00
128	2.097166585957257e+00	2.137962089502232e+00
133	1.991847732751257e+00	1.995262314968880e+00
138	1.893228312137757e+00	1.905460717963247e+00
143	1.800285171845257e+00	1.819700858609983e+00
148	1.713541505550257e+00	1.737800828749375e+00
153	1.631764541700757e+00	1.659586907437561e+00
158	1.555629265865757e+00	1.584893192461114e+00
163	1.483749129948257e+00	1.513561248436208e+00
168	1.416899712602757e+00	1.445439770745927e+00
173	1.353612869652757e+00	1.380384264602885e+00
178	1.294749718091757e+00	1.318256738556407e+00
183	1.238836089531257e+00	1.258925411794167e+00
188	1.186819713980257e+00	1.202264434617413e+00
193	1.137253910564757e+00	1.148153621496883e+00
198	1.091182995775757e+00	1.096478196143185e+00
203	1.047176725298257e+00	1.071519305237606e+00
208	1.006390163658257e+00	1.023292992280754e+00
213	9.673716431896041e-01	9.772372209558107e-01
218	9.314032222366286e-01	9.332543007969910e-01
223	8.969586987280073e-01	9.120108393559098e-01
228	8.654636732780999e-01	8.709635899560807e-01
233	8.352874283966305e-01	8.511380382023764e-01
238	8.079971583015229e-01	8.128305161640993e-01
243	7.818364565026310e-01	7.943282347242815e-01
248	7.585194124622318e-01	7.585775750291838e-01
253	7.361520860361552e-01	7.413102413009175e-01
258	7.165992734414421e-01	7.244359600749900e-01
263	6.978255416949144e-01	7.079457843841379e-01
268	6.818498673895703e-01	6.918309709189365e-01
273	6.664947338172165e-01	6.760829753919817e-01
278	6.539361102989121e-01	6.606934480075960e-01
283	6.418543747279879e-01	6.456542290346555e-01
293	6.236648740222409e-01	6.309573444801932e-01
303	6.117609188966853e-01	6.165950018614822e-01
1909	6.001489248984258e-01	6.025595860743578e-01
1945	5.829993842658177e-01	5.888436553555889e-01
1966	5.606038459430387e-01	5.623413251903491e-01
1999	5.173976201109677e-01	5.248074602497725e-01
2040	4.370590817437516e-01	4.466835921509631e-01
2056	4.363021650616395e-01	4.365158322401660e-01
2079	3.384222252817385e-01	3.388441561392025e-01
2108	3.299128612939964e-01	3.311311214825911e-01
2140	2.512358164600094e-01	2.570395782768864e-01
2153	2.511747380654078e-01	2.511886431509580e-01
2160	2.435574006156793e-01	2.454708915685030e-01
2206	1.818256206406548e-01	1.819700858609984e-01
2226	1.770443491796716e-01	1.778279410038923e-01
2236	1.737183637291240e-01	1.737800828749375e-01
2268	1.330092698832080e-01	1.348962882591654e-01
2288	1.309668571743280e-01	1.318256738556407e-01
2320	1.068498045306044e-01	1.071519305237607e-01
2354	9.150233991251111e-02	9.332543007969910e-02
2373	9.098288284630207e-02	9.120108393559097e-02
2376	8.852315562848323e-02	8.912509381337455e-02
2474	7.992002902954065e-02	8.128305161640990e-02
2509	6.622215643452944e-02	6.760829753919818e-02
2545	4.769164064596476e-02	4.786300923226382e-02
2586	3.461944680060014e-02	3.467368504525317e-02
2627	2.468493789802051e-02	2.511886431509579e-02
2667	1.694303603592306e-02	1.698243652461744e-02
2706	1.092348800162513e-02	1.096478196143185e-02
2739	6.409665863845060e-03	6.456542290346556e-03
2772	3.273844466270215e-03	3.311311214825911e-03
2804	1.415670504034350e-03	1.445439770745928e-03
2835	7.271992952968542e-04	7.413102413009177e-04
2866	6.346279514691799e-04	6.456542290346556e-04
2883	6.309115902972673e-04	6.309573444801930e-04
2910	5.654568337517540e-04	5.754399373371566e-04
2933	5.468761030855696e-04	5.495408738576248e-04
7166	5.322620656657007e-04	5.370317963702527e-04
9251	5.222795425691151e-04	5.248074602497728e-04
10449	5.121796571028181e-04	5.128613839913648e-04
10751	4.965265668434027e-04	5.011872336272725e-04
11461	4.653242454948359e-04	4.677351412871981e-04
11471	4.559124861781561e-04	4.570881896148752e-04
13965	4.374902658312863e-04	4.466835921509630e-04
14258	4.362168793262677e-04	4.365158322401661e-04
14689	4.241415191086340e-04	4.265795188015926e-04
14699	4.166943546854984e-04	4.168693834703355e-04
14852	3.975213697229307e-04	3.981071705534974e-04
14878	3.598339073491719e-04	3.630780547701014e-04
14902	3.270349700978947e-04	3.311311214825911e-04
14925	3.010869711876918e-04	3.019951720402016e-04
14948	2.767304443870300e-04	2.818382931264455e-04
14980	2.561110644082598e-04	2.570395782768865e-04
15013	2.369218494615577e-04	2.398832919019490e-04
15047	2.264255871162746e-04	2.290867652767772e-04
15072	2.177598227234290e-04	2.187761623949552e-04
15094	2.093643307674586e-04	2.137962089502232e-04
15116	2.045491808020383e-04	2.089296130854039e-04
15139	1.967041993561347e-04	1.995262314968879e-04
15160	1.910052759361847e-04	1.949844599758046e-04
15183	1.841606029246989e-04	1.862087136662868e-04
15204	1.784278266958594e-04	1.819700858609983e-04
15225	1.721212234696567e-04	1.737800828749376e-04
15246	1.661567465056635e-04	1.698243652461744e-04
15270	1.603908837386481e-04	1.621810097358930e-04
15291	1.551513077741040e-04	1.584893192461114e-04
15316	1.501613466656782e-04	1.513561248436209e-04
15342	1.455330670614430e-04	1.479108388168207e-04
15369	1.411420532205776e-04	1.412537544622754e-04
15395	1.372083019389736e-04	1.380384264602885e-04
15422	1.337572079865845e-04	1.348962882591653e-04
15492	1.294228348133197e-04	1.318256738556407e-04
15514	1.270210236107294e-04	1.288249551693134e-04
15537	1.251934217785244e-04	1.258925411794167e-04
15579	1.219706539776766e-04	1.230268770812381e-04
15599	1.198948634224539e-04	1.202264434617413e-04
15639	1.158556398355159e-04	1.174897554939529e-04
15660	1.139154275963117e-04	1.148153621496883e-04
15680	1.120020105568331e-04	1.122018454301963e-04
15720	1.094595209999438e-04	1.096478196143185e-04
15761	1.058420974651142e-04	1.071519305237606e-04
15780	1.041529556393694e-04	1.047128548050900e-04
15817	1.013843895353306e-04	1.023292992280754e-04
15836	9.985030840520270e-05	1.000000000000000e-04
15873	9.688943404240202e-05	9.772372209558111e-05
15895	9.535825563822264e-05	9.549925860214369e-05
15933	9.250662826199019e-05	9.332543007969905e-05
15977	9.063564839573157e-05	9.120108393559096e-05
16023	8.822776917505326e-05	8.912509381337459e-05
16058	8.666004310886599e-05	8.709635899560814e-05
16130	8.433605897339991e-05	8.511380382023759e-05
16173	8.183942981776493e-05	8.317637711026709e-05
16192	8.078425946589363e-05	8.128305161640995e-05
16236	7.896826155018299e-05	7.943282347242822e-05
16295	7.693262674135504e-05	7.762471166286911e-05
16321	7.584962812712259e-05	7.585775750291836e-05
16389	7.391454820393495e-05	7.413102413009176e-05
16457	7.215901411838921e-05	7.244359600749906e-05
16560	7.060528303781677e-05	7.079457843841373e-05
16662	6.893767745763668e-05	6.918309709189363e-05
16729	6.708007419320428e-05	6.760829753919819e-05
16769	6.593766325557748e-05	6.606934480075965e-05
16863	6.436361237283084e-05	6.456542290346549e-05
16917	6.284270785816837e-05	6.309573444801929e-05
16971	6.136461373029700e-05	6.165950018614822e-05
17025	5.994049735980056e-05	6.025595860743581e-05
17079	5.878579891815949e-05	5.888436553555884e-05
17134	5.750332245424428e-05	5.754399373371566e-05
17189	5.611218860990252e-05	5.623413251903491e-05
17258	5.482053337380055e-05	5.495408738576248e-05
17297	5.370044482333469e-05	5.370317963702532e-05
17366	5.233986476671504e-05	5.248074602497723e-05
17418	5.112163027587435e-05	5.128613839913648e-05
17465	5.002083914096289e-05	5.011872336272725e-05
17521	4.891432177445143e-05	4.897788193684466e-05
17565	4.784210403807609e-05	4.786300923226380e-05
17642	4.664870498327645e-05	4.677351412871981e-05
17709	4.566830560248647e-05	4.570881896148752e-05
17794	4.446855796857996e-05	4.466835921509635e-05
17849	4.358203674992289e-05	4.365158322401657e-05
17969	4.241495091295011e-05	4.265795188015926e-05
18057	4.162139900931727e-05	4.168693834703355e-05
18127	4.058945283880178e-05	4.073802778041130e-05
18219	3.973481340269203e-05	3.981071705534969e-05
18357	3.869721314053720e-05	3.890451449942805e-05
18475	3.782567100840684e-05	3.801893963205612e-05
18578	3.705810122989206e-05	3.715352290971728e-05
18700	3.618540723027142e-05	3.630780547701010e-05
18819	3.541820798347306e-05	3.548133892335753e-05
18927	3.463193988828550e-05	3.467368504525317e-05
19038	3.376095269147505e-05	3.388441561392028e-05
19117	3.306421757898192e-05	3.311311214825908e-05
19189	3.230472548532148e-05	3.235936569296281e-05
19261	3.155761909612309e-05	3.162277660168380e-05
19351	3.083499622713592e-05	3.090295432513592e-05
19435	3.011541047004407e-05	3.019951720402019e-05
19505	2.942592305721359e-05	2.951209226666384e-05
19565	2.873156431615342e-05	2.884031503126606e-05
19628	2.817971432644839e-05	2.818382931264455e-05
19698	2.753872592575757e-05	2.754228703338169e-05
19760	2.688654717053485e-05	2.691534803926914e-05
19802	2.622564684406914e-05	2.630267991895381e-05
19878	2.566645742063667e-05	2.570395782768864e-05
19932	2.503034553780203e-05	2.511886431509582e-05
19998	2.454173555133110e-05	2.454708915685029e-05
20111	2.397064688164363e-05	2.398832919019490e-05
20236	2.343082100675353e-05	2.344228815319923e-05
20364	2.286474978741015e-05	2.290867652767775e-05
20470	2.232392906686975e-05	2.238721138568338e-05
20607	2.182553811946875e-05	2.187761623949552e-05
20735	2.135063199792953e-05	2.137962089502232e-05
20852	2.083302480460070e-05	2.089296130854041e-05
20980	2.039566675193782e-05	2.041737944669527e-05
21169	1.990668431139930e-05	1.995262314968879e-05
21372	1.945543776149528e-05	1.949844599758046e-05
21552	1.902884295523766e-05	1.905460717963248e-05
21714	1.861013857673566e-05	1.862087136662866e-05
21917	1.818147745347165e-05	1.819700858609983e-05
22093	1.774378197294535e-05	1.778279410038923e-05
22240	1.734828577759640e-05	1.737800828749376e-05
22360	1.695966319437137e-05	1.698243652461746e-05
22419	1.658335887866347e-05	1.659586907437560e-05
22431	1.620529507762036e-05	1.621810097358930e-05
22474	1.583298283169832e-05	1.584893192461114e-05
22517	1.546940867369617e-05	1.548816618912483e-05
22580	1.512143217741180e-05	1.513561248436207e-05
22632	1.477850636810718e-05	1.479108388168207e-05
22723	1.444509983361542e-05	1.445439770745928e-05
22802	1.411521132643756e-05	1.412537544622755e-05
22857	1.379558208913778e-05	1.380384264602884e-05
22896	1.347883566660268e-05	1.348962882591653e-05
22958	1.317008572665479e-05	1.318256738556407e-05
22993	1.287242357561613e-05	1.288249551693135e-05
23039	1.257745105032182e-05	1.258925411794166e-05
23101	1.228900088245943e-05	1.230268770812381e-05
23193	1.202200263206166e-05	1.202264434617413e-05
23338	1.174412959070725e-05	1.174897554939530e-05
23516	1.146870653001564e-05	1.148153621496882e-05
23692	1.120696667811227e-05	1.122018454301963e-05
23899	1.096070446182651e-05	1.096478196143185e-05
24128	1.070719011975196e-05	1.071519305237607e-05
24323	1.046629663792320e-05	1.047128548050899e-05
24539	1.022689736818183e-05	1.023292992280754e-05
24819	9.986096229153141e-06	1.000000000000000e-05
30329	9.759945054477193e-06	9.772372209558111e-06
64916	9.547367358253567e-06	9.549925860214369e-06
83278	9.325842241003635e-06	9.332543007969906e-06
113148	9.119703945459356e-06	9.120108393559096e-06
145335	8.912487824197513e-06	8.912509381337459e-06
169423	8.709605718415503e-06	8.709635899560814e-06
193287	8.508111997707068e-06	8.511380382023760e-06
200000	8.469273133804300e-06	8.511380382023760e-06
%
% index = 481, name = bbob_f008_i03_d02__bbob_f020_i05_d02
% instance = 2, reference value = 9.974929692611230e-01
% function evaluation | indicator value | target hit
1	2.697991782353706e+02	2.754228703338166e+02
19	2.689042586623762e+02	2.691534803926917e+02
22	2.626830840081221e+02	2.630267991895382e+02
23	2.556649515547931e+02	2.570395782768865e+02
28	2.476765352753241e+02	2.511886431509580e+02
33	2.331517579882126e+02	2.344228815319923e+02
38	2.191032412320066e+02	2.238721138568340e+02
43	2.055347809373821e+02	2.089296130854039e+02
48	1.924581965905426e+02	1.949844599758046e+02
53	1.798887472502396e+02	1.819700858609983e+02
58	1.678388392899226e+02	1.698243652461744e+02
63	1.563116991030436e+02	1.584893192461114e+02
68	1.452890296317706e+02	1.479108388168207e+02
73	1.399593251051981e+02	1.412537544622754e+02
78	1.338314466968176e+02	1.348962882591653e+02
83	1.276424488117276e+02	1.288249551693134e+02
88	1.215404574416481e+02	1.230268770812381e+02
93	1.155093950228076e+02	1.174897554939529e+02
98	1.095890567621971e+02	1.096478196143185e+02
103	1.037514516486916e+02	1.047128548050900e+02
108	9.804615204817561e+01	1.000000000000000e+02
113	9.244763548460112e+01	9.332543007969910e+01
118	8.701037339645961e+01	8.709635899560806e+01
123	8.170626940472961e+01	8.317637711026708e+01
128	7.658524310729162e+01	7.762471166286916e+01
133	7.160970404437562e+01	7.244359600749902e+01
138	6.682049048753062e+01	6.760829753919819e+01
143	6.216857733070663e+01	6.309573444801933e+01
148	5.769201984050513e+01	5.888436553555890e+01
153	5.333604880022163e+01	5.370317963702527e+01
158	4.914850424429262e+01	5.011872336272722e+01
163	4.507795571345812e+01	4.570881896148749e+01
168	4.118861592810462e+01	4.168693834703355e+01
173	3.743626726182562e+01	3.801893963205612e+01
178	3.389205879241963e+01	3.467368504525317e+01
183	3.051146289374112e+01	3.090295432513591e+01
188	2.735394889148262e+01	2.754228703338166e+01
193	2.436327889704512e+01	2.454708915685030e+01
198	2.158370501496162e+01	2.187761623949553e+01
203	1.894691337938112e+01	1.905460717963247e+01
208	1.650185776873462e+01	1.659586907437561e+01
213	1.417981221654262e+01	1.445439770745927e+01
218	1.205352713341762e+01	1.230268770812382e+01
223	1.006407481140412e+01	1.023292992280754e+01
228	8.296055291050623e+00	8.317637711026711e+00
233	6.692723168965623e+00	6.760829753919817e+00
238	5.315943641424624e+00	5.370317963702527e+00
243	4.096244025847123e+00	4.168693834703354e+00
248	3.074906240415123e+00	3.090295432513591e+00
253	2.175531018005623e+00	2.187761623949553e+00
258	1.458817608150123e+00	1.479108388168207e+00
263	8.591975701633849e-01	8.709635899560807e-01
268	4.530862580652287e-01	4.570881896148750e-01
273	1.788297368390063e-01	1.819700858609984e-01
278	5.373623595725785e-02	5.495408738576246e-02
283	1.297579136196059e-02	1.318256738556407e-02
4502	1.278641602492148e-02	1.288249551693134e-02
4532	1.252230976053192e-02	1.258925411794167e-02
4568	1.197802652394853e-02	1.202264434617413e-02
4604	1.086150392051921e-02	1.096478196143185e-02
4639	8.629185719303045e-03	8.709635899560805e-03
4670	8.091219606788602e-03	8.128305161640995e-03
8412	5.836979983223189e-03	5.888436553555890e-03
8429	5.732942711736411e-03	5.754399373371567e-03
8456	5.582451473565286e-03	5.623413251903491e-03
21541	2.184520153569736e-03	2.187761623949552e-03
21546	1.808405586361972e-03	1.819700858609983e-03
23355	1.761777186882196e-03	1.778279410038923e-03
23372	1.712526072263465e-03	1.737800828749376e-03
23390	1.616994929503068e-03	1.621810097358930e-03
23410	1.437763252845725e-03	1.445439770745928e-03
23433	1.124900817303986e-03	1.148153621496883e-03
23458	6.669058519492843e-04	6.760829753919819e-04
23490	2.987401736901374e-04	3.019951720402016e-04
23557	2.943104258085194e-04	2.951209226666387e-04
23560	2.862968536379018e-04	2.884031503126605e-04
38320	2.814649895360732e-04	2.818382931264455e-04
38408	2.747829751383879e-04	2.754228703338166e-04
61273	2.453641416537700e-04	2.454708915685031e-04
62043	1.202616471608353e-04	1.230268770812381e-04
62098	1.110819632783588e-04	1.122018454301963e-04
62104	9.871518825788073e-05	1.000000000000000e-04
62105	8.802169586941133e-05	8.912509381337459e-05
62110	8.514731777120588e-05	8.709635899560814e-05
62115	8.510695768415566e-05	8.511380382023759e-05
62357	7.480113019009416e-05	7.585775750291836e-05
62399	5.513511280541561e-05	5.623413251903491e-05
62418	3.839610009781502e-05	3.890451449942805e-05
62437	3.180592287377326e-05	3.235936569296281e-05
62473	2.753090898721666e-05	2.754228703338169e-05
62491	2.380345917241122e-05	2.398832919019490e-05
62508	1.960117112997928e-05	1.995262314968879e-05
62520	1.789699961129987e-05	1.819700858609983e-05
62532	1.647283955552581e-05	1.659586907437560e-05
62544	1.529671813715883e-05	1.548816618912483e-05
62550	1.417452808327724e-05	1.445439770745928e-05
62562	1.315917037136849e-05	1.318256738556407e-05
62568	1.221320738842291e-05	1.230268770812381e-05
62574	1.134266943725315e-05	1.148153621496882e-05
62580	1.054231769537228e-05	1.071519305237607e-05
62581	9.921273942392617e-06	1.000000000000000e-05
62587	9.488408519886526e-06	9.549925860214369e-06
120539	9.322668072409002e-06	9.332543007969906e-06
158436	9.079364239772403e-06	9.120108393559096e-06
173060	8.821893967114747e-06	8.912509381337459e-06
189523	8.680940121297276e-06	8.709635899560814e-06
194722	8.491196753390717e-06	8.511380382023760e-06
200000	8.433937347174236e-06	8.511380382023760e-06
%
% index = 482, name = bbob_f008_i07_d02__bbob_f020_i08_d02
% instance = 3, reference value = 9.998233257716980e-01
% function evaluation | indicator value | target hit
1	1.027402298220070e+01	1.047128548050900e+01
19	1.022196462807120e+01	1.023292992280754e+01
22	9.862950155203199e+00	1.000000000000000e+01
23	9.464057327487199e+00	9.549925860214358e+00
28	9.011642289335198e+00	9.120108393559097e+00
33	8.201583353121199e+00	8.317637711026711e+00
38	7.430559065358198e+00	7.585775750291837e+00
43	6.699170062080197e+00	6.760829753919817e+00
48	6.013064297815197e+00	6.025595860743578e+00
53	5.380846994894197e+00	5.495408738576246e+00
58	4.799941351578697e+00	4.897788193684462e+00
63	4.267626728072198e+00	4.365158322401660e+00
68	3.781226146064198e+00	3.801893963205611e+00
73	3.338010442404697e+00	3.388441561392026e+00
78	2.935150539461198e+00	2.951209226666386e+00
83	2.569804267637698e+00	2.570395782768863e+00
88	2.239319450790698e+00	2.290867652767773e+00
93	1.941426777672198e+00	1.949844599758045e+00
98	1.674136842469698e+00	1.698243652461744e+00
103	1.435779203491698e+00	1.445439770745927e+00
108	1.369323749333198e+00	1.380384264602885e+00
113	1.195116562789698e+00	1.202264434617413e+00
118	1.011877089847698e+00	1.023292992280754e+00
123	9.077580710794309e-01	9.120108393559098e-01
128	7.886555530813782e-01	7.943282347242815e-01
133	7.670896390680191e-01	7.762471166286917e-01
138	7.105961159179637e-01	7.244359600749900e-01
143	6.340894173207365e-01	6.456542290346555e-01
148	6.174308114429455e-01	6.309573444801932e-01
153	5.761337590150069e-01	5.888436553555889e-01
158	4.980193778093324e-01	5.011872336272722e-01
163	4.769951008107061e-01	4.786300923226383e-01
168	4.342480511758362e-01	4.365158322401660e-01
173	3.621811780924779e-01	3.630780547701014e-01
178	3.264898989580739e-01	3.311311214825911e-01
183	2.730574285300147e-01	2.754228703338166e-01
188	2.162545152638982e-01	2.187761623949552e-01
193	1.901626109530712e-01	1.905460717963247e-01
272	1.861238649303932e-01	1.862087136662867e-01
331	1.790760811484127e-01	1.819700858609984e-01
351	1.720445001057687e-01	1.737800828749375e-01
373	1.587012337988152e-01	1.621810097358930e-01
403	1.347361484427020e-01	1.348962882591654e-01
440	1.070667611965161e-01	1.071519305237607e-01
459	1.038904123494482e-01	1.047128548050900e-01
460	1.007935280549359e-01	1.023292992280754e-01
461	9.483240778346591e-02	9.549925860214359e-02
462	8.380086593786296e-02	8.511380382023763e-02
467	7.859806755468701e-02	7.943282347242814e-02
894	7.260798679920633e-02	7.413102413009177e-02
899	6.166279869408120e-02	6.309573444801933e-02
904	4.767344112777017e-02	4.786300923226382e-02
920	4.583534032761494e-02	4.677351412871981e-02
931	4.495221238618063e-02	4.570881896148749e-02
936	3.345347091860629e-02	3.388441561392026e-02
952	2.556698520913681e-02	2.570395782768863e-02
968	2.263180023202160e-02	2.290867652767773e-02
984	1.741470530888956e-02	1.778279410038923e-02
1001	1.418394576229198e-02	1.445439770745927e-02
1382	1.398332133066360e-02	1.412537544622754e-02
1414	1.323720519455651e-02	1.348962882591653e-02
1449	1.203310664571133e-02	1.230268770812382e-02
1467	1.201390885574671e-02	1.202264434617413e-02
1476	1.139265711655446e-02	1.148153621496883e-02
15285	9.632908110149940e-03	9.772372209558112e-03
15305	9.132403974655867e-03	9.332543007969915e-03
15310	7.554342121787072e-03	7.585775750291836e-03
15790	7.398329496820732e-03	7.413102413009177e-03
17790	7.195952210719891e-03	7.244359600749898e-03
17795	6.776792109877472e-03	6.918309709189363e-03
17800	5.686527480722958e-03	5.754399373371567e-03
18588	5.616720205924519e-03	5.623413251903491e-03
18631	5.438275078888277e-03	5.495408738576248e-03
18656	5.212554794419288e-03	5.248074602497728e-03
18688	4.792058831407986e-03	4.897788193684461e-03
18723	4.016416771004505e-03	4.073802778041126e-03
18743	3.978206159319209e-03	3.981071705534973e-03
18750	3.728087414378356e-03	3.801893963205613e-03
26666	3.356689321441397e-03	3.388441561392024e-03
26671	1.956792081335479e-03	1.995262314968879e-03
26681	1.940876241246614e-03	1.949844599758046e-03
27207	1.897320467102670e-03	1.905460717963246e-03
27230	1.853849965800958e-03	1.862087136662868e-03
27256	1.766001588231925e-03	1.778279410038923e-03
27289	1.635026847895960e-03	1.659586907437561e-03
27323	1.546091559724627e-03	1.548816618912481e-03
27357	1.494040412141406e-03	1.513561248436209e-03
27391	1.440614559329645e-03	1.445439770745928e-03
27436	1.394692354825033e-03	1.412537544622754e-03
27462	1.348727002495997e-03	1.348962882591653e-03
45591	1.212797207892580e-03	1.230268770812381e-03
45596	9.074761781087126e-04	9.120108393559096e-04
45601	5.584413195781623e-04	5.623413251903491e-04
45835	5.301300902602613e-04	5.370317963702527e-04
45879	5.021048877008605e-04	5.128613839913648e-04
45941	5.011784063070346e-04	5.011872336272725e-04
46646	4.890609298119353e-04	4.897788193684461e-04
46696	4.752929634367353e-04	4.786300923226385e-04
46790	4.637495991333118e-04	4.677351412871981e-04
46936	4.561403661372809e-04	4.570881896148752e-04
55676	3.517224887098491e-04	3.548133892335753e-04
55715	2.988695750093529e-04	3.019951720402016e-04
55732	2.929729029086392e-04	2.951209226666387e-04
55797	2.883809422260519e-04	2.884031503126605e-04
69194	2.625816529659986e-04	2.630267991895381e-04
81506	2.569801179529430e-04	2.570395782768865e-04
83121	2.443008593147056e-04	2.454708915685031e-04
83143	1.941798242379722e-04	1.949844599758046e-04
83443	1.805564079998545e-04	1.819700858609983e-04
83448	1.745062018134735e-04	1.778279410038923e-04
83458	1.734327015123771e-04	1.737800828749376e-04
83556	1.692321007583653e-04	1.698243652461744e-04
83568	1.653738049600673e-04	1.659586907437562e-04
83585	1.587012394083098e-04	1.621810097358930e-04
83605	1.505137456364602e-04	1.513561248436209e-04
85192	1.421207418081938e-04	1.445439770745928e-04
85222	1.340858923142285e-04	1.348962882591653e-04
97512	1.308599491298690e-04	1.318256738556407e-04
98268	1.254432047423926e-04	1.258925411794167e-04
101347	1.197543412951863e-04	1.202264434617413e-04
113031	3.919196590551621e-05	3.981071705534969e-05
115024	1.795243862545703e-05	1.819700858609983e-05
115161	1.771019695306908e-05	1.778279410038923e-05
126307	1.630167369592872e-05	1.659586907437560e-05
126313	1.318409483463956e-05	1.348962882591653e-05
126332	8.334218765004842e-06	8.511380382023760e-06
126352	4.229929138621635e-06	4.265795188015926e-06
126672	4.160476636094756e-06	4.168693834703355e-06
126687	4.026636943876838e-06	4.073802778041131e-06
126692	3.959327546820823e-06	3.981071705534969e-06
126702	3.887940046132243e-06	3.890451449942805e-06
146462	3.793611356717186e-06	3.801893963205613e-06
147287	3.709554338704457e-06	3.715352290971728e-06
150602	3.625267456563996e-06	3.630780547701010e-06
153989	2.408232828488011e-06	2.454708915685028e-06
153994	2.365305674656426e-06	2.398832919019490e-06
153999	2.291921329833357e-06	2.344228815319923e-06
154004	2.288813303219506e-06	2.290867652767775e-06
159695	2.217999739650978e-06	2.238721138568338e-06
164520	2.043926003114649e-06	2.089296130854041e-06
164525	1.840904588212844e-06	1.862087136662866e-06
164530	1.814367694197294e-06	1.819700858609983e-06
168309	1.771743972200923e-06	1.778279410038923e-06
174982	1.715664510237858e-06	1.737800828749376e-06
190639	1.694637113303088e-06	1.698243652461746e-06
193479	1.658530904058431e-06	1.659586907437560e-06
200000	1.643685667795936e-06	1.659586907437560e-06
%
% index = 483, name = bbob_f008_i09_d02__bbob_f020_i10_d02
% instance = 4, reference value = 9.598929935836540e-01
% function evaluation | indicator value | target hit
1	4.238829914459826e+02	4.265795188015925e+02
20	4.168439161043474e+02	4.168693834703355e+02
22	3.962329636199978e+02	3.981071705534973e+02
23	3.699077719381565e+02	3.715352290971724e+02
28	3.411875633246316e+02	3.467368504525317e+02
33	2.930912382810927e+02	2.951209226666387e+02
38	2.852532070198067e+02	2.884031503126606e+02
43	2.654570875461512e+02	2.691534803926917e+02
48	2.571781072607457e+02	2.630267991895382e+02
53	2.522707365391236e+02	2.570395782768865e+02
58	2.509591865395086e+02	2.511886431509580e+02
191	2.430355627583941e+02	2.454708915685031e+02
210	2.361986001420266e+02	2.398832919019490e+02
231	2.229514906641191e+02	2.238721138568340e+02
253	1.981080690880607e+02	1.995262314968879e+02
282	1.672180815458231e+02	1.698243652461744e+02
597	1.567229485363796e+02	1.584893192461114e+02
602	1.294523515393616e+02	1.318256738556407e+02
607	1.125676175919417e+02	1.148153621496883e+02
612	9.242251258130415e+01	9.332543007969910e+01
617	7.682274966038965e+01	7.762471166286916e+01
622	6.402350093733165e+01	6.456542290346556e+01
627	5.800123774697415e+01	5.888436553555890e+01
632	5.347628749235765e+01	5.370317963702527e+01
637	4.359559274588465e+01	4.365158322401658e+01
642	4.020607706307515e+01	4.073802778041128e+01
647	3.686345239184915e+01	3.715352290971726e+01
652	2.838180506795415e+01	2.884031503126606e+01
663	2.230673510997566e+01	2.238721138568340e+01
668	1.729212272670365e+01	1.737800828749375e+01
673	1.205392020872565e+01	1.230268770812382e+01
678	9.889818266764154e+00	1.000000000000000e+01
683	9.060928442848654e+00	9.120108393559097e+00
688	6.640167470829654e+00	6.760829753919817e+00
693	5.728622381204653e+00	5.754399373371569e+00
698	4.172150287059154e+00	4.265795188015927e+00
703	2.231362147217154e+00	2.238721138568339e+00
708	1.785665574763654e+00	1.819700858609983e+00
713	1.154751099457154e+00	1.174897554939530e+00
718	5.985855747625799e-01	6.025595860743578e-01
723	4.129194678568820e-01	4.168693834703354e-01
728	2.137922127225979e-01	2.137962089502232e-01
733	1.793177378199328e-01	1.819700858609984e-01
738	1.773480495126727e-01	1.778279410038923e-01
1372	1.728747461083779e-01	1.737800828749375e-01
1426	1.697753401767959e-01	1.698243652461744e-01
4583	1.653040098322500e-01	1.659586907437560e-01
6143	1.617373974853104e-01	1.621810097358930e-01
6148	1.506974192868082e-01	1.513561248436208e-01
6153	1.281227327890027e-01	1.288249551693134e-01
6168	1.255202495336275e-01	1.258925411794167e-01
11722	1.226889638159228e-01	1.230268770812381e-01
11733	1.007661436051280e-01	1.023292992280754e-01
11739	9.997171674944394e-02	1.000000000000000e-01
11744	9.315717393356782e-02	9.332543007969910e-02
12018	6.148973813674630e-02	6.165950018614822e-02
12055	2.477569758646303e-02	2.511886431509579e-02
12098	2.120545409603891e-02	2.137962089502233e-02
12115	2.083481260635922e-02	2.089296130854040e-02
12122	2.028063041379335e-02	2.041737944669529e-02
12836	1.989093485813209e-02	1.995262314968880e-02
12887	1.937467494780065e-02	1.949844599758046e-02
12923	1.880450337193917e-02	1.905460717963247e-02
35175	1.795917328965557e-02	1.819700858609984e-02
35228	1.765352631982864e-02	1.778279410038923e-02
35338	1.735224549400782e-02	1.737800828749375e-02
72608	1.686886990436409e-02	1.698243652461744e-02
72805	1.626787573546706e-02	1.659586907437561e-02
72821	1.620222261803261e-02	1.621810097358930e-02
76545	7.406167267626329e-03	7.413102413009177e-03
76563	7.188574351006061e-03	7.244359600749898e-03
76605	6.871082619513413e-03	6.918309709189363e-03
76618	6.374755527552622e-03	6.456542290346556e-03
76623	6.233883691137088e-03	6.309573444801930e-03
76633	6.165189758775558e-03	6.165950018614822e-03
76836	4.984295303597230e-03	5.011872336272725e-03
76889	3.291515429547975e-03	3.311311214825911e-03
76933	2.759495294887726e-03	2.818382931264455e-03
76955	2.309601250151561e-03	2.344228815319923e-03
76976	1.968355143687983e-03	1.995262314968879e-03
77021	1.820144142095415e-03	1.862087136662868e-03
77041	1.797309402591374e-03	1.819700858609983e-03
77060	1.683115822155412e-03	1.698243652461744e-03
77079	1.579424930226669e-03	1.584893192461114e-03
77098	1.487356786534777e-03	1.513561248436209e-03
77117	1.389116409528990e-03	1.412537544622754e-03
77137	1.316949082517005e-03	1.318256738556408e-03
77179	1.278540740047629e-03	1.288249551693134e-03
77197	1.228342799865279e-03	1.230268770812381e-03
77227	1.201647265346883e-03	1.202264434617413e-03
77247	1.169219653359477e-03	1.174897554939529e-03
77281	1.139338691806824e-03	1.148153621496883e-03
77297	1.110600392133732e-03	1.122018454301963e-03
77313	1.083104325075634e-03	1.096478196143185e-03
77329	1.056927080018477e-03	1.071519305237606e-03
77345	1.030798511201469e-03	1.047128548050900e-03
77363	1.006012813781543e-03	1.023292992280754e-03
77379	9.826844938779500e-04	1.000000000000000e-03
77396	9.608790134613132e-04	9.772372209558111e-04
77413	9.406545328273230e-04	9.549925860214359e-04
77429	9.254729961660768e-04	9.332543007969915e-04
77445	9.057850981322169e-04	9.120108393559096e-04
77482	8.823739465363412e-04	8.912509381337459e-04
77532	8.635750104106776e-04	8.709635899560805e-04
77562	8.477957524369861e-04	8.511380382023768e-04
77586	8.257278636232268e-04	8.317637711026709e-04
77598	8.117715071296328e-04	8.128305161640995e-04
77622	7.917315085638199e-04	7.943282347242813e-04
77640	7.730441437283631e-04	7.762471166286919e-04
77682	7.536031349193451e-04	7.585775750291835e-04
77706	7.371300260935465e-04	7.413102413009177e-04
77730	7.218458892972457e-04	7.244359600749898e-04
77766	7.051015815211503e-04	7.079457843841380e-04
77862	6.918237678582573e-04	6.918309709189362e-04
77871	6.740593092866565e-04	6.760829753919819e-04
77899	6.596333078739969e-04	6.606934480075957e-04
77919	6.444159448304454e-04	6.456542290346556e-04
77928	6.306852773714233e-04	6.309573444801930e-04
77939	6.160134286096186e-04	6.165950018614823e-04
78023	6.021861870303402e-04	6.025595860743575e-04
78166	5.887083722019293e-04	5.888436553555889e-04
78215	5.752378969600125e-04	5.754399373371566e-04
78251	5.621843103837953e-04	5.623413251903491e-04
78485	5.494655938800275e-04	5.495408738576248e-04
78659	5.369381216911995e-04	5.370317963702527e-04
79097	5.247846357961938e-04	5.248074602497728e-04
80405	5.128561561127398e-04	5.128613839913648e-04
94985	2.617416823726959e-04	2.630267991895381e-04
94990	2.464672495871012e-04	2.511886431509580e-04
94995	2.405831914933376e-04	2.454708915685031e-04
95020	2.397083630949481e-04	2.398832919019490e-04
95091	2.166907422909148e-04	2.187761623949552e-04
95110	1.623625526018246e-04	1.659586907437562e-04
95133	1.176878926262281e-04	1.202264434617413e-04
95153	1.173678212319507e-04	1.174897554939529e-04
95179	1.141532499796538e-04	1.148153621496883e-04
95230	1.117300708656233e-04	1.122018454301963e-04
95264	1.085201854967854e-04	1.096478196143185e-04
95297	1.028014316013515e-04	1.047128548050900e-04
95331	9.294697984818523e-05	9.332543007969905e-05
95360	8.009698200761584e-05	8.128305161640995e-05
95395	7.865422089603502e-05	7.943282347242822e-05
98790	7.705189629669817e-05	7.762471166286911e-05
175061	7.498698489527555e-05	7.585775750291836e-05
175124	7.368076129166123e-05	7.413102413009176e-05
175153	7.126545677704765e-05	7.244359600749906e-05
175173	6.894458899797673e-05	6.918309709189363e-05
175196	6.676638794222978e-05	6.760829753919819e-05
175272	6.602489217744090e-05	6.606934480075965e-05
175338	6.452795855360627e-05	6.456542290346549e-05
175374	5.470157733378223e-05	5.495408738576248e-05
175408	4.382374309674919e-05	4.466835921509635e-05
175422	4.353889425934288e-05	4.365158322401657e-05
175429	4.243107802937018e-05	4.265795188015926e-05
175434	3.852104197188400e-05	3.890451449942805e-05
175439	3.409606281912225e-05	3.467368504525317e-05
175440	3.217834677515796e-05	3.235936569296281e-05
175450	3.089514431897644e-05	3.090295432513592e-05
200000	3.020558082167391e-05	3.090295432513592e-05
%
% index = 484, name = bbob_f008_i11_d02__bbob_f020_i12_d02
% instance = 5, reference value = 9.661104354719821e-01
% function evaluation | indicator value | target hit
1	3.782317800919198e+01	3.801893963205612e+01
21	3.695022976859448e+01	3.715352290971726e+01
22	3.609334827739248e+01	3.630780547701014e+01
23	3.442695442733098e+01	3.467368504525317e+01
28	3.253621181683048e+01	3.311311214825911e+01
33	2.925674298217848e+01	2.951209226666386e+01
38	2.624381991369048e+01	2.630267991895381e+01
43	2.348202320837398e+01	2.398832919019490e+01
48	2.095649467094148e+01	2.137962089502232e+01
53	1.865346573787498e+01	1.905460717963247e+01
58	1.778801628687248e+01	1.819700858609983e+01
63	1.728035818765698e+01	1.737800828749375e+01
68	1.605475145931098e+01	1.621810097358930e+01
73	1.555694493343698e+01	1.584893192461113e+01
78	1.529485326771798e+01	1.548816618912481e+01
163	1.510935841388048e+01	1.513561248436208e+01
204	1.453587177084098e+01	1.479108388168207e+01
224	1.390188754217098e+01	1.412537544622754e+01
246	1.270035887258748e+01	1.288249551693134e+01
265	1.251544257249948e+01	1.258925411794167e+01
267	1.197383355720148e+01	1.202264434617413e+01
268	1.128165285440598e+01	1.148153621496883e+01
273	1.066899486523898e+01	1.071519305237607e+01
510	9.527683048291982e+00	9.549925860214358e+00
515	8.401421050053482e+00	8.511380382023766e+00
520	7.558081988172981e+00	7.585775750291837e+00
525	6.802385660695982e+00	6.918309709189364e+00
530	6.270901697816981e+00	6.309573444801933e+00
535	6.019026673073482e+00	6.025595860743578e+00
540	5.851276031873981e+00	5.888436553555890e+00
994	5.748538828148982e+00	5.754399373371569e+00
1026	5.525680388326482e+00	5.623413251903491e+00
1048	5.239844226230481e+00	5.248074602497725e+00
1072	4.705448875001482e+00	4.786300923226384e+00
1102	4.044087225226981e+00	4.073802778041127e+00
1125	3.799958095246982e+00	3.801893963205611e+00
1365	3.460483560772982e+00	3.467368504525317e+00
1370	3.052457011700482e+00	3.090295432513591e+00
1375	2.714276481401482e+00	2.754228703338166e+00
1380	2.447500020427982e+00	2.454708915685031e+00
1385	2.258417084860482e+00	2.290867652767773e+00
1390	2.151502104520482e+00	2.187761623949553e+00
1395	2.075355078112482e+00	2.089296130854040e+00
1400	2.024545702670482e+00	2.041737944669529e+00
1405	1.987834977434482e+00	1.995262314968880e+00
1415	1.913748915097982e+00	1.949844599758045e+00
1420	1.846771557026982e+00	1.862087136662868e+00
1425	1.694010481247482e+00	1.698243652461744e+00
1430	1.499883201525482e+00	1.513561248436208e+00
1435	1.333523381204482e+00	1.348962882591654e+00
1440	1.200421571053982e+00	1.202264434617413e+00
1445	1.100997350943982e+00	1.122018454301963e+00
1450	1.015159180437982e+00	1.023292992280754e+00
1455	9.193260597877543e-01	9.332543007969910e-01
1460	8.322151090748640e-01	8.511380382023764e-01
1465	7.555159168678061e-01	7.585775750291838e-01
2240	7.084248670371363e-01	7.244359600749900e-01
2271	6.399989148127437e-01	6.456542290346555e-01
2290	6.306542054677851e-01	6.309573444801932e-01
2292	6.041755777758296e-01	6.165950018614822e-01
2293	5.723538502509204e-01	5.754399373371569e-01
2298	5.504563470307915e-01	5.623413251903491e-01
2645	5.208520091209792e-01	5.248074602497725e-01
2656	4.542723553714697e-01	4.570881896148750e-01
2672	4.336108784714646e-01	4.365158322401660e-01
2677	4.260194095026912e-01	4.265795188015927e-01
3042	4.164603650973996e-01	4.168693834703354e-01
3096	4.072595359036781e-01	4.073802778041127e-01
3118	3.980935823775880e-01	3.981071705534972e-01
3143	3.839209128532246e-01	3.890451449942806e-01
3175	3.726936889706313e-01	3.801893963205612e-01
3351	3.609579131398696e-01	3.630780547701014e-01
34044	3.486044414659951e-01	3.548133892335755e-01
34049	3.253461330993787e-01	3.311311214825911e-01
34054	3.220811345640185e-01	3.235936569296283e-01
34712	3.153766403863011e-01	3.162277660168379e-01
34754	3.055454725822652e-01	3.090295432513591e-01
34965	2.980317143861476e-01	3.019951720402016e-01
35118	2.907971779691294e-01	2.951209226666385e-01
35144	2.781413742154055e-01	2.818382931264454e-01
35169	2.535717359530272e-01	2.570395782768864e-01
35193	2.203825533769913e-01	2.238721138568339e-01
35216	1.895880612794181e-01	1.905460717963247e-01
35236	1.612582607610321e-01	1.621810097358930e-01
35255	1.354387889673546e-01	1.380384264602885e-01
35275	1.121456651588632e-01	1.122018454301964e-01
35296	9.136730820120254e-02	9.332543007969910e-02
35317	7.307264302051042e-02	7.413102413009177e-02
35339	5.721272158320712e-02	5.754399373371569e-02
35361	4.371535986528907e-02	4.466835921509630e-02
35384	3.248147812803059e-02	3.311311214825911e-02
35407	2.338721042447844e-02	2.344228815319923e-02
35431	1.628772457484762e-02	1.659586907437561e-02
35455	1.101793087645897e-02	1.122018454301964e-02
35480	7.390031235610994e-03	7.413102413009177e-03
35506	5.190991753473928e-03	5.248074602497728e-03
35539	4.179981692538415e-03	4.265795188015926e-03
35574	4.050112761413538e-03	4.073802778041126e-03
35626	3.968598894622088e-03	3.981071705534973e-03
42554	3.881624548213169e-03	3.890451449942805e-03
112515	3.781787246822432e-03	3.801893963205613e-03
112766	3.714541802162241e-03	3.715352290971724e-03
200000	3.677413744908264e-03	3.715352290971724e-03
%
% index = 485, name = bbob_f008_i13_d02__bbob_f020_i14_d02
% instance = 6, reference value = 9.880097320466400e-01
% function evaluation | indicator value | target hit
1	8.226452842607305e+03	8.317637711026709e+03
21	8.031718734989287e+03	8.128305161640995e+03
22	7.840272113298044e+03	7.943282347242814e+03
23	7.467102447289553e+03	7.585775750291836e+03
28	7.051243610889645e+03	7.079457843841381e+03
33	6.320687235292192e+03	6.456542290346556e+03
38	5.645691538352957e+03	5.754399373371566e+03
43	5.023419103879989e+03	5.128613839913648e+03
48	4.451172599573325e+03	4.466835921509631e+03
53	3.926415242416267e+03	3.981071705534973e+03
58	3.446714084525014e+03	3.467368504525317e+03
63	3.009647847827249e+03	3.019951720402016e+03
68	2.612777899826809e+03	2.630267991895381e+03
73	2.253727566706409e+03	2.290867652767773e+03
78	1.930300255461379e+03	1.949844599758045e+03
83	1.640496498315833e+03	1.659586907437561e+03
88	1.382386408816101e+03	1.412537544622754e+03
93	1.154251407916654e+03	1.174897554939529e+03
98	1.060320179413054e+03	1.071519305237606e+03
108	9.500886151705056e+02	9.549925860214360e+02
113	7.787100309583211e+02	7.943282347242813e+02
118	7.675391590296781e+02	7.762471166286920e+02
123	6.814143492421971e+02	6.918309709189363e+02
128	5.455177492774482e+02	5.495408738576248e+02
133	5.308569542089671e+02	5.370317963702527e+02
138	4.485295677027592e+02	4.570881896148752e+02
143	3.422823376519077e+02	3.467368504525317e+02
148	2.900790030640451e+02	2.951209226666387e+02
153	2.224914207150356e+02	2.238721138568340e+02
158	1.782888186573951e+02	1.819700858609983e+02
163	1.254138032727291e+02	1.258925411794168e+02
178	1.172581897253551e+02	1.174897554939529e+02
183	9.900015999829263e+01	1.000000000000000e+02
188	6.544820737962263e+01	6.606934480075961e+01
203	6.353756253922714e+01	6.456542290346556e+01
208	5.932524626909164e+01	6.025595860743578e+01
213	4.725360436555914e+01	4.786300923226383e+01
218	2.630351302624764e+01	2.691534803926915e+01
223	2.227972707264714e+01	2.238721138568340e+01
228	1.393345749331514e+01	1.412537544622754e+01
233	4.013678424014640e+00	4.073802778041127e+00
238	2.114760164548640e+00	2.137962089502232e+00
243	2.414263462417703e-01	2.454708915685030e-01
248	1.514013885535070e-02	1.548816618912481e-02
253	1.479438273916767e-02	1.513561248436208e-02
258	1.469281743283291e-02	1.479108388168207e-02
263	1.234791903067889e-02	1.258925411794167e-02
268	1.230232854329061e-02	1.230268770812382e-02
328	1.190140834382336e-02	1.202264434617413e-02
347	1.161645794429922e-02	1.174897554939530e-02
369	1.132653069805689e-02	1.148153621496883e-02
436	1.117238183286751e-02	1.122018454301964e-02
499	1.075108750313680e-02	1.096478196143185e-02
532	1.019965360351849e-02	1.023292992280754e-02
559	9.136564722718621e-03	9.332543007969915e-03
586	7.199189177924614e-03	7.244359600749898e-03
626	4.298381162207709e-03	4.365158322401661e-03
639	4.265414899277675e-03	4.265795188015926e-03
642	4.075390853762517e-03	4.168693834703355e-03
643	3.945144533545553e-03	3.981071705534973e-03
681	3.786724705342359e-03	3.801893963205613e-03
699	3.435057707478872e-03	3.467368504525317e-03
712	3.326892726655983e-03	3.388441561392024e-03
717	3.095924988781418e-03	3.162277660168379e-03
729	3.086849298225780e-03	3.090295432513592e-03
730	3.008146404252954e-03	3.019951720402016e-03
735	2.849672019892391e-03	2.884031503126605e-03
748	2.791782992797698e-03	2.818382931264455e-03
753	2.665498123518462e-03	2.691534803926917e-03
780	2.486758501611175e-03	2.511886431509579e-03
790	2.406613097448940e-03	2.454708915685031e-03
856	2.397180557718648e-03	2.398832919019490e-03
941	2.343644811984014e-03	2.344228815319923e-03
1218	2.290814891512727e-03	2.290867652767772e-03
1263	2.186770171465957e-03	2.187761623949552e-03
1283	2.136714552108510e-03	2.137962089502233e-03
1419	2.055855405608153e-03	2.089296130854039e-03
1446	1.972555955105815e-03	1.995262314968879e-03
1472	1.811886964465770e-03	1.819700858609983e-03
1491	1.520131333091035e-03	1.548816618912481e-03
1523	1.081767399918165e-03	1.096478196143185e-03
1567	8.363521785105243e-04	8.511380382023768e-04
1579	8.277407489570843e-04	8.317637711026709e-04
1581	8.078836494097574e-04	8.128305161640995e-04
1583	7.914736453082938e-04	7.943282347242813e-04
1629	7.751532276610851e-04	7.762471166286919e-04
1668	7.567748190422385e-04	7.585775750291835e-04
1763	7.399138690419305e-04	7.413102413009177e-04
1894	7.233132830385403e-04	7.244359600749898e-04
2099	7.078386971218764e-04	7.079457843841380e-04
5501	6.906314009232917e-04	6.918309709189362e-04
5557	6.722748519907285e-04	6.760829753919819e-04
5577	6.517247685304817e-04	6.606934480075957e-04
5597	6.133669101213712e-04	6.165950018614823e-04
5617	5.567595363562550e-04	5.623413251903491e-04
5683	3.138835674505458e-04	3.162277660168379e-04
5700	2.904531853658021e-04	2.951209226666387e-04
5751	2.489552009585783e-04	2.511886431509580e-04
7420	2.424457464731411e-04	2.454708915685031e-04
7897	2.349613958970709e-04	2.398832919019490e-04
7933	2.309146986201327e-04	2.344228815319923e-04
7968	2.262575938104527e-04	2.290867652767772e-04
8002	2.186774785865042e-04	2.187761623949552e-04
8031	2.102864299118323e-04	2.137962089502232e-04
9352	2.088309083233542e-04	2.089296130854039e-04
9413	1.991742124791696e-04	1.995262314968879e-04
9436	1.937692428471971e-04	1.949844599758046e-04
36971	1.344904557332161e-04	1.348962882591653e-04
37035	1.174958156059391e-04	1.202264434617413e-04
37045	1.174887531594226e-04	1.174897554939529e-04
37067	1.047893198791172e-04	1.071519305237606e-04
37094	9.224368746485467e-05	9.332543007969905e-05
37172	8.570596713419754e-05	8.709635899560814e-05
37239	7.996277542376973e-05	8.128305161640995e-05
37258	7.583905475716524e-05	7.585775750291836e-05
37320	7.235974784913779e-05	7.244359600749906e-05
37340	6.936114396494109e-05	7.079457843841373e-05
37359	6.637725462421695e-05	6.760829753919819e-05
37378	6.349243472769661e-05	6.456542290346549e-05
37397	6.065372907149147e-05	6.165950018614822e-05
37435	5.845713211538595e-05	5.888436553555884e-05
37453	5.607437275423344e-05	5.623413251903491e-05
37473	5.393919772844757e-05	5.495408738576248e-05
37493	5.287861731106958e-05	5.370317963702532e-05
37505	5.110042741607312e-05	5.128613839913648e-05
37517	4.929188518987271e-05	5.011872336272725e-05
37538	4.851971580488446e-05	4.897788193684466e-05
37556	4.700383064737412e-05	4.786300923226380e-05
37607	4.576031165159922e-05	4.677351412871981e-05
37628	4.457749543085310e-05	4.466835921509635e-05
37640	4.340739462249665e-05	4.365158322401657e-05
37677	4.169846991586290e-05	4.265795188015926e-05
37695	4.075835725714239e-05	4.168693834703355e-05
37713	3.991415398807430e-05	4.073802778041130e-05
37731	3.919086290482543e-05	3.981071705534969e-05
37748	3.846773358040512e-05	3.890451449942805e-05
37765	3.774640348364056e-05	3.801893963205612e-05
37782	3.695091354793956e-05	3.715352290971728e-05
37794	3.623559456145120e-05	3.630780547701010e-05
37824	3.479584297350069e-05	3.548133892335753e-05
37841	3.409660919317936e-05	3.467368504525317e-05
37858	3.341621205321665e-05	3.388441561392028e-05
37875	3.274829687971437e-05	3.311311214825908e-05
37934	3.218586955000546e-05	3.235936569296281e-05
37957	3.140488579422840e-05	3.162277660168380e-05
37970	3.084888682880482e-05	3.090295432513592e-05
38005	2.982936859596830e-05	3.019951720402019e-05
38006	2.937224537047367e-05	2.951209226666384e-05
38041	2.844712823824036e-05	2.884031503126606e-05
38042	2.797514713170912e-05	2.818382931264455e-05
38076	2.716429215732230e-05	2.754228703338169e-05
38089	2.678051537285953e-05	2.691534803926914e-05
38125	2.606366542790006e-05	2.630267991895381e-05
38161	2.569397076701563e-05	2.570395782768864e-05
38184	2.508431801917510e-05	2.511886431509582e-05
38231	2.443724304634909e-05	2.454708915685029e-05
38270	2.391047791627798e-05	2.398832919019490e-05
38288	2.337645645311692e-05	2.344228815319923e-05
38322	2.273181609802055e-05	2.290867652767775e-05
38346	2.226440816155417e-05	2.238721138568338e-05
38358	2.184152353057467e-05	2.187761623949552e-05
38399	2.128014584934501e-05	2.137962089502232e-05
38436	2.072088308036069e-05	2.089296130854041e-05
38443	2.036381880132776e-05	2.041737944669527e-05
38451	1.983243545766733e-05	1.995262314968879e-05
38453	1.948160189069181e-05	1.949844599758046e-05
38456	1.896256485600656e-05	1.905460717963248e-05
38469	1.845605515049531e-05	1.862087136662866e-05
38482	1.809563938870440e-05	1.819700858609983e-05
38484	1.777064942498630e-05	1.778279410038923e-05
38510	1.733679553805878e-05	1.737800828749376e-05
38534	1.686523076560587e-05	1.698243652461746e-05
38547	1.656283921624979e-05	1.659586907437560e-05
38567	1.609537493985069e-05	1.621810097358930e-05
38593	1.573782478414554e-05	1.584893192461114e-05
38601	1.537871857015816e-05	1.548816618912483e-05
38614	1.504989362688391e-05	1.513561248436207e-05
38628	1.473031578069772e-05	1.479108388168207e-05
38636	1.444376866210906e-05	1.445439770745928e-05
38667	1.405228511153211e-05	1.412537544622755e-05
38692	1.378660533501996e-05	1.380384264602884e-05
38740	1.348617585672507e-05	1.348962882591653e-05
38759	1.317310780302172e-05	1.318256738556407e-05
38802	1.287921137038683e-05	1.288249551693135e-05
38823	1.253939645540214e-05	1.258925411794166e-05
38832	1.229127104129812e-05	1.230268770812381e-05
38877	1.198652127865074e-05	1.202264434617413e-05
38882	1.170212850132302e-05	1.174897554939530e-05
38909	1.144630725291584e-05	1.148153621496882e-05
38955	1.119007600958177e-05	1.122018454301963e-05
38993	1.092832826687928e-05	1.096478196143185e-05
38998	1.070644246825569e-05	1.071519305237607e-05
39004	1.044271255890017e-05	1.047128548050899e-05
39009	1.022182166654506e-05	1.023292992280754e-05
39015	9.963896957398966e-06	1.000000000000000e-05
39020	9.752519255279424e-06	9.772372209558111e-06
98551	9.546610780120091e-06	9.549925860214369e-06
163097	9.323608953670792e-06	9.332543007969906e-06
200000	9.299400383522283e-06	9.332543007969906e-06
%
% index = 486, name = bbob_f008_i15_d02__bbob_f020_i16_d02
% instance = 7, reference value = 9.084305533376730e-01
% function evaluation | indicator value | target hit
1	7.947136265750356e-01	8.128305161640993e-01
13	7.943154903672325e-01	7.943282347242815e-01
19	7.690069379980061e-01	7.762471166286917e-01
20	7.429494628310226e-01	7.585775750291838e-01
21	6.904299563189722e-01	6.918309709189365e-01
22	5.880908826885809e-01	5.888436553555889e-01
23	4.230920886693434e-01	4.265795188015927e-01
28	3.457749655542914e-01	3.467368504525316e-01
311	2.550908898343434e-01	2.570395782768864e-01
1591	2.511711394254222e-01	2.511886431509580e-01
6034	2.417650725427014e-01	2.454708915685030e-01
6056	2.324868227026169e-01	2.344228815319922e-01
6081	2.141122434023073e-01	2.187761623949552e-01
6112	1.795689890735472e-01	1.819700858609984e-01
6146	1.573776927199358e-01	1.584893192461113e-01
6180	1.476765661385242e-01	1.479108388168208e-01
6212	1.374278084458976e-01	1.380384264602885e-01
6244	1.274139937301650e-01	1.288249551693134e-01
6764	1.255470798952926e-01	1.258925411794167e-01
12447	5.389458709271444e-02	5.495408738576246e-02
12479	3.516913178880776e-02	3.548133892335755e-02
36311	2.734621781919067e-02	2.754228703338166e-02
37085	2.260867956898394e-02	2.290867652767773e-02
37107	1.186043551743621e-02	1.202264434617413e-02
37158	1.091695628815081e-02	1.096478196143185e-02
37164	1.008251072864474e-02	1.023292992280754e-02
37165	9.926146684277160e-03	1.000000000000000e-02
37616	8.212486674325503e-03	8.317637711026709e-03
37636	7.263798084541029e-03	7.413102413009177e-03
37658	5.865917296899115e-03	5.888436553555890e-03
37676	5.338663240660457e-03	5.370317963702527e-03
37688	4.877970153727040e-03	4.897788193684461e-03
37707	4.455472385058279e-03	4.466835921509630e-03
37725	4.024842129945805e-03	4.073802778041126e-03
37766	3.622183465682660e-03	3.630780547701014e-03
37784	3.138963763961833e-03	3.162277660168379e-03
37803	2.892446591396869e-03	2.951209226666387e-03
37821	2.757440644136522e-03	2.818382931264455e-03
37844	2.643092566292693e-03	2.691534803926917e-03
37861	2.532878050290788e-03	2.570395782768865e-03
37873	2.427447188698695e-03	2.454708915685031e-03
37885	2.316508965297004e-03	2.344228815319923e-03
37886	2.193645305110348e-03	2.238721138568340e-03
37892	2.094174527514481e-03	2.137962089502233e-03
37904	1.994069823180289e-03	1.995262314968879e-03
37921	1.895051326908814e-03	1.905460717963246e-03
37940	1.802476071935843e-03	1.819700858609983e-03
37946	1.709260977400651e-03	1.737800828749376e-03
37976	1.624533228105740e-03	1.659586907437561e-03
37982	1.540756283110456e-03	1.548816618912481e-03
37988	1.473481583712188e-03	1.479108388168207e-03
38006	1.437316902625385e-03	1.445439770745928e-03
38018	1.403205685933773e-03	1.412537544622754e-03
38019	1.371927586996891e-03	1.380384264602885e-03
38026	1.343451768850867e-03	1.348962882591653e-03
38027	1.312859210536366e-03	1.318256738556408e-03
38028	1.284854009573455e-03	1.288249551693134e-03
38034	1.256600928074891e-03	1.258925411794167e-03
38035	1.229120746433554e-03	1.230268770812381e-03
38041	1.202220829924383e-03	1.202264434617413e-03
38043	1.150268144390676e-03	1.174897554939529e-03
38044	1.125392003887615e-03	1.148153621496883e-03
38045	1.100356551263060e-03	1.122018454301963e-03
38046	1.076291049693978e-03	1.096478196143185e-03
38047	1.052308109473654e-03	1.071519305237606e-03
38059	1.028424527481753e-03	1.047128548050900e-03
38071	1.005228024970828e-03	1.023292992280754e-03
38072	9.800488959758047e-04	1.000000000000000e-03
38073	9.564393581845687e-04	9.772372209558111e-04
38079	9.330907688884782e-04	9.332543007969915e-04
38091	9.108223377563007e-04	9.120108393559096e-04
38092	8.880922782423806e-04	8.912509381337459e-04
38121	8.668112029776021e-04	8.709635899560805e-04
38122	8.451847128422285e-04	8.511380382023768e-04
38123	8.239281055378855e-04	8.317637711026709e-04
38124	8.036948796681376e-04	8.128305161640995e-04
38131	7.856678435530506e-04	7.943282347242813e-04
38132	7.674620003982335e-04	7.762471166286919e-04
38138	7.532233421815304e-04	7.585775750291835e-04
38140	7.327742936399373e-04	7.413102413009177e-04
38146	7.242039264275801e-04	7.244359600749898e-04
38149	7.006004193146342e-04	7.079457843841380e-04
38152	6.858843205622689e-04	6.918309709189362e-04
38154	6.717102896501848e-04	6.760829753919819e-04
38156	6.551616702029639e-04	6.606934480075957e-04
38169	6.413748980248490e-04	6.456542290346556e-04
38171	6.275590249065210e-04	6.309573444801930e-04
38173	6.141069849553427e-04	6.165950018614823e-04
38175	6.008896807989661e-04	6.025595860743575e-04
38177	5.879923112807051e-04	5.888436553555889e-04
38179	5.753470680432970e-04	5.754399373371566e-04
38182	5.566618488431763e-04	5.623413251903491e-04
38184	5.447282155107702e-04	5.495408738576248e-04
38186	5.330070507102436e-04	5.370317963702527e-04
38188	5.212969274306367e-04	5.248074602497728e-04
38190	5.096435455913539e-04	5.128613839913648e-04
38197	4.981590132731029e-04	5.011872336272725e-04
38204	4.866990515642877e-04	4.897788193684461e-04
38211	4.754653906590134e-04	4.786300923226385e-04
38219	4.644096001071851e-04	4.677351412871981e-04
38221	4.534655081743777e-04	4.570881896148752e-04
38223	4.425660149290911e-04	4.466835921509630e-04
38225	4.320859499822305e-04	4.365158322401661e-04
38227	4.219624904940877e-04	4.265795188015926e-04
38229	4.119896135057477e-04	4.168693834703355e-04
38231	4.026970653389084e-04	4.073802778041126e-04
38238	3.969569856354660e-04	3.981071705534974e-04
38241	3.863982427956270e-04	3.890451449942805e-04
38282	3.776258522909526e-04	3.801893963205612e-04
38318	3.707298749715537e-04	3.715352290971724e-04
38322	3.622664480600335e-04	3.630780547701014e-04
38379	3.538720865794431e-04	3.548133892335753e-04
38384	3.453479020361083e-04	3.467368504525317e-04
38388	3.382923846543262e-04	3.388441561392024e-04
38393	3.296154027317977e-04	3.311311214825911e-04
38397	3.227439954736067e-04	3.235936569296281e-04
38401	3.160169325814310e-04	3.162277660168379e-04
38406	3.077550020464948e-04	3.090295432513592e-04
38410	3.012774411518260e-04	3.019951720402016e-04
38414	2.949508932519329e-04	2.951209226666387e-04
38419	2.871912943134269e-04	2.884031503126605e-04
38423	2.811967578286723e-04	2.818382931264455e-04
38427	2.752910595920088e-04	2.754228703338166e-04
38432	2.680669304930827e-04	2.691534803926917e-04
38436	2.623078926908828e-04	2.630267991895381e-04
38440	2.565920265201749e-04	2.570395782768865e-04
38444	2.509255961731238e-04	2.511886431509580e-04
38448	2.453308926213538e-04	2.454708915685031e-04
38452	2.397766636128562e-04	2.398832919019490e-04
38457	2.337850382564399e-04	2.344228815319923e-04
38461	2.284692815188727e-04	2.290867652767772e-04
38465	2.228427901833641e-04	2.238721138568340e-04
38469	2.177132735687870e-04	2.187761623949552e-04
38473	2.127439033786649e-04	2.137962089502232e-04
38478	2.079188159512801e-04	2.089296130854039e-04
38482	2.032430465199742e-04	2.041737944669530e-04
38509	1.992068548107850e-04	1.995262314968879e-04
38539	1.946685984095531e-04	1.949844599758046e-04
38615	1.899561629132851e-04	1.905460717963246e-04
38670	1.857746213951295e-04	1.862087136662868e-04
38700	1.816522175570601e-04	1.819700858609983e-04
38729	1.777635931649035e-04	1.778279410038923e-04
38739	1.735364863452160e-04	1.737800828749376e-04
38748	1.695788828569578e-04	1.698243652461744e-04
38757	1.656774770453229e-04	1.659586907437562e-04
38766	1.617819104184903e-04	1.621810097358930e-04
38774	1.584267086229829e-04	1.584893192461114e-04
38783	1.547156670628214e-04	1.548816618912481e-04
38814	1.510005676284010e-04	1.513561248436209e-04
38838	1.477630302710864e-04	1.479108388168207e-04
38847	1.442692043912563e-04	1.445439770745928e-04
38855	1.412439635933849e-04	1.412537544622754e-04
38864	1.379243250948514e-04	1.380384264602885e-04
38873	1.346398896512335e-04	1.348962882591653e-04
38881	1.317694958010707e-04	1.318256738556407e-04
38890	1.285614557448023e-04	1.288249551693134e-04
38898	1.257338842648448e-04	1.258925411794167e-04
38906	1.229328800040896e-04	1.230268770812381e-04
38914	1.201648697920499e-04	1.202264434617413e-04
38923	1.174368030695261e-04	1.174897554939529e-04
38931	1.147576437987574e-04	1.148153621496883e-04
38939	1.121425792053321e-04	1.122018454301963e-04
38947	1.095828129280552e-04	1.096478196143185e-04
38955	1.070900904736050e-04	1.071519305237606e-04
38964	1.046820810222115e-04	1.047128548050900e-04
38974	1.021380589302234e-04	1.023292992280754e-04
39059	9.996937341150147e-05	1.000000000000000e-04
39088	9.751977624317121e-05	9.772372209558111e-05
39157	9.548230854372619e-05	9.549925860214369e-05
39278	9.327946785753216e-05	9.332543007969905e-05
39336	9.118029791765903e-05	9.120108393559096e-05
39412	8.911227006891398e-05	8.912509381337459e-05
39468	8.704192801833877e-05	8.709635899560814e-05
39487	8.505528221414149e-05	8.511380382023759e-05
39505	8.309727356792251e-05	8.317637711026709e-05
39522	8.127768256804835e-05	8.128305161640995e-05
39540	7.938391415107660e-05	7.943282347242822e-05
39558	7.752663982851793e-05	7.762471166286911e-05
39575	7.580537997253778e-05	7.585775750291836e-05
39592	7.411522436873152e-05	7.413102413009176e-05
39610	7.237156967210279e-05	7.244359600749906e-05
39627	7.075915133736288e-05	7.079457843841373e-05
39645	6.910338409593653e-05	6.918309709189363e-05
39662	6.757655770717186e-05	6.760829753919819e-05
39679	6.605656653924097e-05	6.606934480075965e-05
39696	6.454664186550385e-05	6.456542290346549e-05
39732	6.304011210989113e-05	6.309573444801929e-05
39748	6.164487692827958e-05	6.165950018614822e-05
39765	6.017969646709975e-05	6.025595860743581e-05
39786	5.884641010378555e-05	5.888436553555884e-05
39802	5.751175684931553e-05	5.754399373371566e-05
39818	5.620611923595753e-05	5.623413251903491e-05
39834	5.492446391930361e-05	5.495408738576248e-05
39850	5.367999374572552e-05	5.370317963702532e-05
39866	5.247591987911360e-05	5.248074602497723e-05
39885	5.124245943455286e-05	5.128613839913648e-05
39988	5.008433237130294e-05	5.011872336272725e-05
40114	4.893282870388482e-05	4.897788193684466e-05
40184	4.785324676226388e-05	4.786300923226380e-05
40373	4.676102261169657e-05	4.677351412871981e-05
40461	4.569374010610083e-05	4.570881896148752e-05
40649	4.465608885895200e-05	4.466835921509635e-05
40685	4.364568671189062e-05	4.365158322401657e-05
40721	4.265294971828038e-05	4.265795188015926e-05
40757	4.167468895033277e-05	4.168693834703355e-05
40810	4.073765573309185e-05	4.073802778041130e-05
40862	3.978910143132008e-05	3.981071705534969e-05
40897	3.888461605638938e-05	3.890451449942805e-05
40932	3.799679038052339e-05	3.801893963205612e-05
40966	3.715323367881052e-05	3.715352290971728e-05
41001	3.630492105632932e-05	3.630780547701010e-05
41072	3.547026838623957e-05	3.548133892335753e-05
41107	3.466269686736023e-05	3.467368504525317e-05
41142	3.387620281170012e-05	3.388441561392028e-05
41177	3.309475550039576e-05	3.311311214825908e-05
41211	3.234022972797845e-05	3.235936569296281e-05
41244	3.161404513285504e-05	3.162277660168380e-05
41278	3.088764196113036e-05	3.090295432513592e-05
41310	3.019836953066513e-05	3.019951720402019e-05
41344	2.949235697724539e-05	2.951209226666384e-05
41376	2.882548289107056e-05	2.884031503126606e-05
41444	2.817498483065339e-05	2.818382931264455e-05
41476	2.753692748258540e-05	2.754228703338169e-05
41508	2.691381408648219e-05	2.691534803926914e-05
41541	2.629045268742747e-05	2.630267991895381e-05
41577	2.569495927673415e-05	2.570395782768864e-05
41704	2.511421338369235e-05	2.511886431509582e-05
41886	2.454255709405384e-05	2.454708915685029e-05
42005	2.398007828674498e-05	2.398832919019490e-05
42302	2.343366821011550e-05	2.344228815319923e-05
42417	2.290824295547722e-05	2.290867652767775e-05
42761	2.238193971781932e-05	2.238721138568338e-05
42866	2.187487587879122e-05	2.187761623949552e-05
42967	2.137583490202655e-05	2.137962089502232e-05
43059	2.089099837820907e-05	2.089296130854041e-05
43130	2.041695137322552e-05	2.041737944669527e-05
43201	1.994779586822482e-05	1.995262314968879e-05
43282	1.949346932250684e-05	1.949844599758046e-05
43351	1.905361154386220e-05	1.905460717963248e-05
43426	1.861657557777896e-05	1.862087136662866e-05
43506	1.819525094859387e-05	1.819700858609983e-05
43576	1.777810342196151e-05	1.778279410038923e-05
43645	1.737763199616271e-05	1.737800828749376e-05
43742	1.698176174602661e-05	1.698243652461746e-05
43812	1.659083171201559e-05	1.659586907437560e-05
43880	1.621298420895201e-05	1.621810097358930e-05
43946	1.584892032691076e-05	1.584893192461114e-05
44013	1.548286655084219e-05	1.548816618912483e-05
44078	1.513175820955226e-05	1.513561248436207e-05
44143	1.479033743989611e-05	1.479108388168207e-05
44219	1.444928947336166e-05	1.445439770745928e-05
44283	1.412060685457295e-05	1.412537544622755e-05
44347	1.379929034650562e-05	1.380384264602884e-05
44411	1.348571249182307e-05	1.348962882591653e-05
44503	1.317939346678898e-05	1.318256738556407e-05
44605	1.288089187867492e-05	1.288249551693135e-05
44735	1.258710378060357e-05	1.258925411794166e-05
44931	1.230033090404703e-05	1.230268770812381e-05
45068	1.202088964169512e-05	1.202264434617413e-05
45304	1.174871544151745e-05	1.174897554939530e-05
45511	1.148065166667323e-05	1.148153621496882e-05
45758	1.121938350312490e-05	1.122018454301963e-05
45940	1.096348053775120e-05	1.096478196143185e-05
46111	1.071495717164250e-05	1.071519305237607e-05
46271	1.047084497851625e-05	1.047128548050899e-05
46412	1.023216594298049e-05	1.023292992280754e-05
46552	9.998877963157682e-06	1.000000000000000e-05
102607	9.771842190198221e-06	9.772372209558111e-06
200000	9.754780246451489e-06	9.772372209558111e-06
%
% index = 487, name = bbob_f008_i17_d02__bbob_f020_i18_d02
% instance = 8, reference value = 9.999021828983040e-01
% function evaluation | indicator value | target hit
1	1.146880556713770e+01	1.148153621496883e+01
23	1.107838084218531e+01	1.122018454301964e+01
28	1.085566393420990e+01	1.096478196143185e+01
33	1.044713402008075e+01	1.047128548050900e+01
38	1.004711073981742e+01	1.023292992280754e+01
43	9.655720278861468e+00	9.772372209558107e+00
48	9.273145094113355e+00	9.332543007969910e+00
53	8.899580666649042e+00	8.912509381337454e+00
58	8.535188531931556e+00	8.709635899560805e+00
63	8.179990416244802e+00	8.317637711026711e+00
68	7.833488217066304e+00	7.943282347242816e+00
73	7.495010932946304e+00	7.585775750291837e+00
78	7.164518712861804e+00	7.244359600749901e+00
83	6.841780232775304e+00	6.918309709189364e+00
88	6.526583709838304e+00	6.606934480075959e+00
93	6.218787418482304e+00	6.309573444801933e+00
98	5.918353831997804e+00	6.025595860743578e+00
103	5.625357563085304e+00	5.754399373371569e+00
108	5.339963789443304e+00	5.370317963702527e+00
113	5.062381293251804e+00	5.128613839913648e+00
118	4.792801977657304e+00	4.897788193684462e+00
123	4.531342799467304e+00	4.570881896148751e+00
128	4.278006999319304e+00	4.365158322401660e+00
133	4.032676573130304e+00	4.073802778041127e+00
138	3.795139557654304e+00	3.801893963205611e+00
143	3.565145667146804e+00	3.630780547701014e+00
148	3.342474924293804e+00	3.388441561392026e+00
153	3.126999133281304e+00	3.162277660168380e+00
158	2.918717233034804e+00	2.951209226666386e+00
163	2.717752419079304e+00	2.754228703338166e+00
168	2.524310089220304e+00	2.570395782768863e+00
173	2.338606995647804e+00	2.344228815319922e+00
178	2.160789729086304e+00	2.187761623949553e+00
183	1.990863702296304e+00	1.995262314968880e+00
188	1.828656852296804e+00	1.862087136662868e+00
193	1.673854578858804e+00	1.698243652461744e+00
198	1.526154982675304e+00	1.548816618912481e+00
203	1.385420990563304e+00	1.412537544622754e+00
208	1.251550100542304e+00	1.258925411794167e+00
213	1.124707314601804e+00	1.148153621496883e+00
218	1.005038684260804e+00	1.023292992280754e+00
223	8.976415685866416e-01	9.120108393559098e-01
228	7.963359460214064e-01	8.128305161640993e-01
233	7.011114252863795e-01	7.079457843841379e-01
238	6.119958353490871e-01	6.165950018614822e-01
243	5.288842888560155e-01	5.370317963702527e-01
248	4.516850560247334e-01	4.570881896148750e-01
253	3.804382690257737e-01	3.890451449942806e-01
258	3.153435798334160e-01	3.162277660168379e-01
263	2.566786741058532e-01	2.570395782768864e-01
268	2.046509796034389e-01	2.089296130854039e-01
273	1.592663415212828e-01	1.621810097358930e-01
278	1.202939169192837e-01	1.230268770812381e-01
283	8.735312737048384e-02	8.912509381337455e-02
288	6.007260993710328e-02	6.025595860743578e-02
293	3.821841623300792e-02	3.890451449942807e-02
298	2.169952714671575e-02	2.187761623949553e-02
303	1.043780029253061e-02	1.047128548050900e-02
308	4.187191603172935e-03	4.265795188015926e-03
313	2.393947142465658e-03	2.398832919019490e-03
318	1.913471615170637e-03	1.949844599758046e-03
323	1.563412035629486e-03	1.584893192461114e-03
328	1.243872209745978e-03	1.258925411794167e-03
333	9.376364233404377e-04	9.549925860214359e-04
338	8.664317209020611e-04	8.709635899560805e-04
414	8.503928163471342e-04	8.511380382023768e-04
488	8.155381813728102e-04	8.317637711026709e-04
513	7.807529841967753e-04	7.943282347242813e-04
545	7.177029855782724e-04	7.244359600749898e-04
579	6.118081271848652e-04	6.165950018614823e-04
616	4.851207475886632e-04	4.897788193684461e-04
658	4.000238927986954e-04	4.073802778041126e-04
694	3.377862393435516e-04	3.388441561392024e-04
729	3.084853329990977e-04	3.090295432513592e-04
8012	3.019357741975703e-04	3.019951720402016e-04
8126	2.555875054803813e-04	2.570395782768865e-04
8141	2.504377198339069e-04	2.511886431509580e-04
8142	2.453486332886223e-04	2.454708915685031e-04
8143	2.368351479657971e-04	2.398832919019490e-04
8144	2.316836504149267e-04	2.344228815319923e-04
8210	2.287151387752040e-04	2.290867652767772e-04
8559	2.203677817125271e-04	2.238721138568340e-04
8564	2.173799103275531e-04	2.187761623949552e-04
8569	2.016648795744036e-04	2.041737944669530e-04
8579	1.987917338264200e-04	1.995262314968879e-04
8729	1.944795904609276e-04	1.949844599758046e-04
9072	1.479704954544525e-04	1.513561248436209e-04
9077	1.442736549730483e-04	1.445439770745928e-04
9192	1.398292280511138e-04	1.412537544622754e-04
9212	1.371163901238148e-04	1.380384264602885e-04
9712	1.345305553039911e-04	1.348962882591653e-04
9927	1.315965686922160e-04	1.318256738556407e-04
9932	1.282634268288119e-04	1.288249551693134e-04
10069	1.239542579754005e-04	1.258925411794167e-04
10092	1.139109919768844e-04	1.148153621496883e-04
10560	1.119875935515768e-04	1.122018454301963e-04
11954	1.056459306943980e-04	1.071519305237606e-04
12279	1.023052630869659e-04	1.023292992280754e-04
13257	7.699806749827953e-05	7.762471166286911e-05
13262	2.003585864562840e-05	2.041737944669527e-05
13272	1.949270789669555e-05	1.949844599758046e-05
14520	1.898924936105661e-05	1.905460717963248e-05
14551	1.704121906154210e-05	1.737800828749376e-05
14564	1.697566925806804e-05	1.698243652461746e-05
14567	1.655106102460557e-05	1.659586907437560e-05
14568	1.613920286425152e-05	1.621810097358930e-05
14569	1.555056762814200e-05	1.584893192461114e-05
14570	1.531081447392335e-05	1.548816618912483e-05
14576	1.214666013382715e-05	1.230268770812381e-05
14630	1.200818655999747e-05	1.202264434617413e-05
15683	1.150105762948161e-05	1.174897554939530e-05
15707	1.097768192193094e-05	1.122018454301963e-05
15738	1.021324339767204e-05	1.023292992280754e-05
17510	9.861434530522573e-06	1.000000000000000e-05
18746	9.742968027470766e-06	9.772372209558111e-06
18976	9.266702057919574e-06	9.332543007969906e-06
18981	9.108110244571144e-06	9.120108393559096e-06
19375	8.883213094001974e-06	8.912509381337459e-06
19380	8.644742382935000e-06	8.709635899560814e-06
19678	8.220536046099625e-06	8.317637711026709e-06
19683	7.870734026971249e-06	7.943282347242822e-06
22659	7.758598385532167e-06	7.762471166286911e-06
47111	6.980449631877050e-06	7.079457843841373e-06
47116	6.813875918498802e-06	6.918309709189363e-06
47121	6.513375501948637e-06	6.606934480075964e-06
52463	6.438404847264323e-06	6.456542290346549e-06
62622	6.010568507019975e-06	6.025595860743581e-06
63062	5.813443942903618e-06	5.888436553555884e-06
70280	5.752890826826729e-06	5.754399373371567e-06
76502	5.227735258683808e-06	5.248074602497723e-06
76575	5.124546271439989e-06	5.128613839913648e-06
76580	4.942529516993588e-06	5.011872336272725e-06
79290	4.893030314256919e-06	4.897788193684467e-06
79506	4.728646098017819e-06	4.786300923226380e-06
86398	4.654955068517097e-06	4.677351412871981e-06
96508	4.538734824643953e-06	4.570881896148752e-06
109479	4.436084457881684e-06	4.466835921509635e-06
112401	4.361101398342448e-06	4.365158322401657e-06
116654	4.187172046532517e-06	4.265795188015926e-06
122069	4.083834822643517e-06	4.168693834703355e-06
122074	4.056997852885935e-06	4.073802778041131e-06
128765	3.980839997086427e-06	3.981071705534969e-06
128770	3.526200156311887e-06	3.548133892335753e-06
128775	3.383397965905921e-06	3.388441561392028e-06
130928	3.215584980509334e-06	3.235936569296281e-06
141301	3.021476715492355e-06	3.090295432513592e-06
142971	2.901368657770576e-06	2.951209226666384e-06
142981	2.878215783819194e-06	2.884031503126606e-06
149755	2.791412335056975e-06	2.818382931264455e-06
149760	2.729027797188088e-06	2.754228703338169e-06
160029	2.690498872470748e-06	2.691534803926914e-06
167932	2.626718519804783e-06	2.630267991895382e-06
171082	2.482521450741793e-06	2.511886431509582e-06
171087	2.434270484408252e-06	2.454708915685028e-06
176043	2.371997964489836e-06	2.398832919019490e-06
177344	2.342144696632076e-06	2.344228815319923e-06
198450	2.203910854148283e-06	2.238721138568338e-06
199891	2.178249837947455e-06	2.187761623949552e-06
200000	2.177964690708301e-06	2.187761623949552e-06
%
% index = 488, name = bbob_f008_i19_d02__bbob_f020_i21_d02
% instance = 9, reference value = 7.975708042759670e-01
% function evaluation | indicator value | target hit
1	1.998353299858247e+04	2.041737944669527e+04
18	1.995158849438795e+04	1.995262314968879e+04
22	1.947534452050543e+04	1.949844599758046e+04
23	1.897343313599954e+04	1.905460717963248e+04
28	1.839957038364825e+04	1.862087136662866e+04
33	1.735257912026394e+04	1.737800828749376e+04
38	1.633545478311481e+04	1.659586907437560e+04
43	1.534910535865675e+04	1.548816618912483e+04
48	1.439396959823099e+04	1.445439770745928e+04
53	1.346987049994391e+04	1.348962882591653e+04
58	1.257608302748294e+04	1.258925411794166e+04
63	1.171161252240739e+04	1.174897554939530e+04
68	1.087559947425035e+04	1.096478196143185e+04
73	1.006770524166291e+04	1.023292992280754e+04
78	9.288319419781303e+03	9.332543007969914e+03
83	8.538480506733891e+03	8.709635899560806e+03
88	7.819508588908579e+03	7.943282347242814e+03
93	7.132478732186465e+03	7.244359600749898e+03
98	6.477760282941597e+03	6.606934480075957e+03
103	5.854854347773732e+03	5.888436553555890e+03
108	5.262653026253242e+03	5.370317963702527e+03
113	4.700046785528740e+03	4.786300923226385e+03
118	4.166602437807713e+03	4.168693834703355e+03
123	3.662938154219603e+03	3.715352290971724e+03
128	3.190523245940044e+03	3.235936569296281e+03
133	2.750930743804096e+03	2.754228703338166e+03
138	2.344937680526607e+03	2.398832919019490e+03
143	1.972068007146976e+03	1.995262314968879e+03
148	1.630998903485825e+03	1.659586907437561e+03
153	1.320698282027035e+03	1.348962882591653e+03
158	1.041075733209103e+03	1.047128548050900e+03
163	7.933337942859188e+02	7.943282347242813e+02
168	5.797182876270402e+02	5.888436553555890e+02
173	4.007019786586153e+02	4.073802778041126e+02
178	2.549360017769687e+02	2.570395782768865e+02
183	1.409147975016246e+02	1.412537544622754e+02
188	5.917092757693966e+01	6.025595860743578e+01
193	1.220248862554359e+01	1.230268770812382e+01
198	1.153005572899776e+00	1.174897554939530e+00
203	9.634502859199414e-01	9.772372209558107e-01
2140	8.997616089134670e-01	9.120108393559098e-01
2147	8.869107613834670e-01	8.912509381337456e-01
4786	8.594293418349670e-01	8.709635899560807e-01
4801	8.107001813464669e-01	8.128305161640993e-01
4816	7.791684519562614e-01	7.943282347242815e-01
4826	7.714772884012381e-01	7.762471166286917e-01
5808	7.539364470026155e-01	7.585775750291838e-01
5814	7.367888646820816e-01	7.413102413009175e-01
5826	7.039433443541893e-01	7.079457843841379e-01
5832	6.447199779530961e-01	6.456542290346555e-01
5851	5.568407451872329e-01	5.623413251903491e-01
5871	5.272494625942341e-01	5.370317963702527e-01
5896	5.190638841771821e-01	5.248074602497725e-01
6315	4.281435641441834e-01	4.365158322401660e-01
6329	4.259719099013672e-01	4.265795188015927e-01
6332	4.112371029848342e-01	4.168693834703354e-01
6333	3.954097086403085e-01	3.981071705534972e-01
6334	3.670652297637431e-01	3.715352290971726e-01
6335	3.240601957018241e-01	3.311311214825911e-01
6336	2.952612527693228e-01	3.019951720402016e-01
6342	2.859596439685846e-01	2.884031503126606e-01
6347	2.536054883160692e-01	2.570395782768864e-01
18876	2.473341834013780e-01	2.511886431509580e-01
18881	2.200357331233385e-01	2.238721138568339e-01
19397	2.162454447249973e-01	2.187761623949552e-01
19409	2.108539469044710e-01	2.137962089502232e-01
19429	1.949750290003134e-01	1.949844599758045e-01
19450	1.577212284599349e-01	1.584893192461113e-01
19473	1.482799295540526e-01	1.513561248436208e-01
22329	1.478031400471481e-01	1.479108388168208e-01
24969	1.366069188209186e-01	1.380384264602885e-01
24990	1.331779789657423e-01	1.348962882591654e-01
25010	1.304067458305979e-01	1.318256738556407e-01
25029	1.286371157242726e-01	1.288249551693134e-01
25101	1.253937050824778e-01	1.258925411794167e-01
25202	1.229211953536449e-01	1.230268770812381e-01
25303	1.202116143417807e-01	1.202264434617413e-01
39291	4.421660018592144e-02	4.466835921509630e-02
39329	2.211316270765251e-02	2.238721138568340e-02
39343	2.178072708058409e-02	2.187761623949553e-02
39345	2.083611457279688e-02	2.089296130854040e-02
39346	1.970045601418413e-02	1.995262314968880e-02
39347	1.785880194862899e-02	1.819700858609984e-02
39348	1.592509189982749e-02	1.621810097358930e-02
39349	1.571907253080551e-02	1.584893192461113e-02
39354	2.376460586107632e-03	2.398832919019490e-03
39359	1.946547604118942e-03	1.949844599758046e-03
39365	1.847052879773492e-03	1.862087136662868e-03
39371	1.711927556465542e-03	1.737800828749376e-03
39372	1.585991509167273e-03	1.621810097358930e-03
39377	1.584521308940934e-03	1.584893192461114e-03
39418	1.547033519614605e-03	1.548816618912481e-03
39474	1.207164869987620e-03	1.230268770812381e-03
39487	1.199509905368101e-03	1.202264434617413e-03
39505	1.174686040672057e-03	1.174897554939529e-03
73412	1.084719674938506e-03	1.096478196143185e-03
73417	8.311980623160187e-04	8.317637711026709e-04
87493	8.127446573981123e-04	8.128305161640995e-04
87513	7.928246174782050e-04	7.943282347242813e-04
89964	5.916924706368398e-04	6.025595860743575e-04
89987	5.734162734671866e-04	5.754399373371566e-04
90008	4.653205433489127e-04	4.677351412871981e-04
90029	4.048776257759013e-04	4.073802778041126e-04
90069	3.538495852238865e-04	3.548133892335753e-04
90088	3.122088584910365e-04	3.162277660168379e-04
90107	2.764633270262440e-04	2.818382931264455e-04
90126	2.436225242257173e-04	2.454708915685031e-04
90145	2.178548577064232e-04	2.187761623949552e-04
90180	2.050883583034624e-04	2.089296130854039e-04
90196	1.928463054086116e-04	1.949844599758046e-04
90213	1.811959421952336e-04	1.819700858609983e-04
90248	1.697274871682586e-04	1.698243652461744e-04
90265	1.594566198157565e-04	1.621810097358930e-04
90282	1.501071344742755e-04	1.513561248436209e-04
90298	1.417622088856207e-04	1.445439770745928e-04
90310	1.342273634303837e-04	1.348962882591653e-04
90327	1.275910827920335e-04	1.288249551693134e-04
90339	1.215972491949158e-04	1.230268770812381e-04
90356	1.159030972071040e-04	1.174897554939529e-04
90378	1.143864438767350e-04	1.148153621496883e-04
90390	1.111948367699123e-04	1.122018454301963e-04
90396	1.080648457613131e-04	1.096478196143185e-04
90402	1.050008110193845e-04	1.071519305237606e-04
90408	1.020070022987873e-04	1.023292992280754e-04
90414	9.908745948594699e-05	1.000000000000000e-04
90420	9.624649323569656e-05	9.772372209558111e-05
90426	9.348816497367629e-05	9.549925860214369e-05
90432	9.081646202968585e-05	9.120108393559096e-05
90438	8.823526858858788e-05	8.912509381337459e-05
90444	8.574841531239219e-05	8.709635899560814e-05
90450	8.335961940275638e-05	8.511380382023759e-05
90451	8.113966359024616e-05	8.128305161640995e-05
90469	7.737190160828078e-05	7.762471166286911e-05
90475	7.536036453881234e-05	7.585775750291836e-05
90481	7.345551047432952e-05	7.413102413009176e-05
90499	7.127651293514781e-05	7.244359600749906e-05
90505	6.959387527549765e-05	7.079457843841373e-05
90511	6.802655488191700e-05	6.918309709189363e-05
90512	6.648760059257963e-05	6.760829753919819e-05
90513	6.503825400638874e-05	6.606934480075965e-05
90514	6.368090921726743e-05	6.456542290346549e-05
90515	6.235204332061262e-05	6.309573444801929e-05
90518	6.097556674788951e-05	6.165950018614822e-05
90519	6.018520666806193e-05	6.025595860743581e-05
90521	5.862794526989568e-05	5.888436553555884e-05
90523	5.710375834655501e-05	5.754399373371566e-05
90525	5.580310883024353e-05	5.623413251903491e-05
90527	5.433248095498833e-05	5.495408738576248e-05
90528	5.361139796800085e-05	5.370317963702532e-05
90530	5.219902190312098e-05	5.248074602497723e-05
90532	5.082805186018557e-05	5.128613839913648e-05
90534	4.950047871676855e-05	5.011872336272725e-05
90535	4.885357202499829e-05	4.897788193684466e-05
90537	4.770509981977256e-05	4.786300923226380e-05
90550	4.643669848813925e-05	4.677351412871981e-05
90552	4.522602708700862e-05	4.570881896148752e-05
90553	4.463933124043695e-05	4.466835921509635e-05
90555	4.353726554384707e-05	4.365158322401657e-05
90557	4.249821903534734e-05	4.265795188015926e-05
90559	4.150076603304242e-05	4.168693834703355e-05
90561	4.050508429032096e-05	4.073802778041130e-05
90563	3.958829154715460e-05	3.981071705534969e-05
90565	3.872711225116898e-05	3.890451449942805e-05
90567	3.792294646831618e-05	3.801893963205612e-05
90569	3.715292953820892e-05	3.715352290971728e-05
90572	3.606954999801903e-05	3.630780547701010e-05
90574	3.538947705883366e-05	3.548133892335753e-05
90577	3.450087745660024e-05	3.467368504525317e-05
90582	3.376678552935442e-05	3.388441561392028e-05
90586	3.297836143079103e-05	3.311311214825908e-05
90590	3.220083015231801e-05	3.235936569296281e-05
90594	3.144068127791666e-05	3.162277660168380e-05
90597	3.088207985812996e-05	3.090295432513592e-05
90601	3.015343773415946e-05	3.019951720402019e-05
90606	2.945300000867235e-05	2.951209226666384e-05
90610	2.875906308386078e-05	2.884031503126606e-05
90614	2.808635105566726e-05	2.818382931264455e-05
90618	2.743134581384421e-05	2.754228703338169e-05
90622	2.679812799666337e-05	2.691534803926914e-05
90626	2.618878805205060e-05	2.630267991895381e-05
90630	2.559891538700398e-05	2.570395782768864e-05
90634	2.504985166396079e-05	2.511886431509582e-05
90638	2.451456710739208e-05	2.454708915685029e-05
90643	2.387826557070927e-05	2.398832919019490e-05
90647	2.340157199143267e-05	2.344228815319923e-05
90652	2.283516420775733e-05	2.290867652767775e-05
90657	2.231284396192468e-05	2.238721138568338e-05
90662	2.182769574343713e-05	2.187761623949552e-05
90667	2.135687601945158e-05	2.137962089502232e-05
90673	2.083801686258990e-05	2.089296130854041e-05
90680	2.038069526744124e-05	2.041737944669527e-05
90689	1.994139596450673e-05	1.995262314968879e-05
90699	1.945719457729922e-05	1.949844599758046e-05
90708	1.902484622384737e-05	1.905460717963248e-05
90718	1.857938370530832e-05	1.862087136662866e-05
90727	1.816754820149757e-05	1.819700858609983e-05
90736	1.776709877054916e-05	1.778279410038923e-05
90746	1.736381980887991e-05	1.737800828749376e-05
90756	1.694582565248126e-05	1.698243652461746e-05
90765	1.658451908626013e-05	1.659586907437560e-05
90775	1.619837111266342e-05	1.621810097358930e-05
90785	1.582791260001937e-05	1.584893192461114e-05
90795	1.548436749043702e-05	1.548816618912483e-05
90806	1.513120895024755e-05	1.513561248436207e-05
90818	1.476546157996861e-05	1.479108388168207e-05
90830	1.442831973552661e-05	1.445439770745928e-05
90842	1.411835820286367e-05	1.412537544622755e-05
90856	1.378752306380182e-05	1.380384264602884e-05
90870	1.348424991076680e-05	1.348962882591653e-05
90888	1.317752240148629e-05	1.318256738556407e-05
90913	1.287601443111797e-05	1.288249551693135e-05
90938	1.257843587187946e-05	1.258925411794166e-05
90962	1.229740023656056e-05	1.230268770812381e-05
90987	1.201453522925444e-05	1.202264434617413e-05
91012	1.174556187255593e-05	1.174897554939530e-05
91039	1.147489817876490e-05	1.148153621496882e-05
91065	1.121762327127573e-05	1.122018454301963e-05
91093	1.095646910387327e-05	1.096478196143185e-05
91122	1.070999014396445e-05	1.071519305237607e-05
91153	1.046723091457924e-05	1.047128548050899e-05
91186	1.023278515988046e-05	1.023292992280754e-05
91224	9.995068011137143e-06	1.000000000000000e-05
91265	9.768293690481933e-06	9.772372209558111e-06
91327	9.549037575995456e-06	9.549925860214369e-06
200000	9.537889065991401e-06	9.549925860214369e-06
%
% index = 489, name = bbob_f008_i21_d02__bbob_f020_i22_d02
% instance = 10, reference value = 9.997983798873080e-01
% function evaluation | indicator value | target hit
1	7.370583987396939e-01	7.413102413009175e-01
20	7.187783046575626e-01	7.244359600749900e-01
21	7.005086249601090e-01	7.079457843841379e-01
22	6.641529484643107e-01	6.760829753919817e-01
23	5.931784170133291e-01	6.025595860743578e-01
28	5.161713990279478e-01	5.248074602497725e-01
33	3.961955034036114e-01	3.981071705534972e-01
38	3.174673408618741e-01	3.235936569296283e-01
43	3.054851337397444e-01	3.090295432513591e-01
48	2.911452551232211e-01	2.951209226666385e-01
53	2.389208055740698e-01	2.398832919019490e-01
58	2.083141426111965e-01	2.089296130854039e-01
63	1.808464531282828e-01	1.819700858609984e-01
68	1.356066651761072e-01	1.380384264602885e-01
73	1.204560316105751e-01	1.230268770812381e-01
78	9.931047771797663e-02	1.000000000000000e-01
83	6.843864792108789e-02	6.918309709189366e-02
88	5.781808517951870e-02	5.888436553555890e-02
93	4.461846105277534e-02	4.466835921509630e-02
98	2.730142763420929e-02	2.754228703338166e-02
103	2.218513277325485e-02	2.238721138568340e-02
108	1.676986809555581e-02	1.698243652461744e-02
113	1.317069236742285e-02	1.318256738556407e-02
143	1.287328743287919e-02	1.288249551693134e-02
620	1.253046118182466e-02	1.258925411794167e-02
764	1.209357212917583e-02	1.230268770812382e-02
800	1.186955484978747e-02	1.202264434617413e-02
836	1.167498773847675e-02	1.174897554939530e-02
908	1.138598374587374e-02	1.148153621496883e-02
2376	1.120719486532673e-02	1.122018454301964e-02
3279	1.320683071251993e-03	1.348962882591653e-03
3284	1.310548420309421e-03	1.318256738556408e-03
3289	1.269447924411304e-03	1.288249551693134e-03
3359	1.249799535463114e-03	1.258925411794167e-03
3398	1.208157868265447e-03	1.230268770812381e-03
3422	1.183518240912673e-03	1.202264434617413e-03
3500	1.172329578852049e-03	1.174897554939529e-03
3618	1.121031638553038e-03	1.122018454301963e-03
3667	1.065232903257995e-03	1.071519305237606e-03
5035	1.029810021613176e-03	1.047128548050900e-03
5060	1.016865772205500e-03	1.023292992280754e-03
5091	9.906334605899181e-04	1.000000000000000e-03
5736	9.769981476460687e-04	9.772372209558111e-04
5958	9.363419761861946e-04	9.549925860214359e-04
5991	8.990223479884429e-04	9.120108393559096e-04
6019	8.257729388245760e-04	8.317637711026709e-04
6044	8.079583857231176e-04	8.128305161640995e-04
6087	7.903548259937665e-04	7.943282347242813e-04
6128	7.740659242533310e-04	7.762471166286919e-04
6436	7.319959680947008e-04	7.413102413009177e-04
6700	7.241868019444153e-04	7.244359600749898e-04
6960	7.041501888752633e-04	7.079457843841380e-04
7001	6.794060466694951e-04	6.918309709189362e-04
7022	6.468443526868040e-04	6.606934480075957e-04
7049	5.836065203101981e-04	5.888436553555889e-04
7084	4.961967354927266e-04	5.011872336272725e-04
7116	4.149142683664842e-04	4.168693834703355e-04
7158	3.405348269103214e-04	3.467368504525317e-04
7205	2.741237828769449e-04	2.754228703338166e-04
7257	2.162202791011758e-04	2.187761623949552e-04
7309	1.671306064268130e-04	1.698243652461744e-04
7324	1.655384176263430e-04	1.659586907437562e-04
7357	1.266580452889965e-04	1.288249551693134e-04
7371	1.257298058614520e-04	1.258925411794167e-04
7395	9.497682643755390e-05	9.549925860214369e-05
7411	9.300945472068278e-05	9.332543007969905e-05
7433	7.189203051571891e-05	7.244359600749906e-05
7448	7.055889563734041e-05	7.079457843841373e-05
7476	5.670196889928647e-05	5.754399373371566e-05
7490	5.606801045854315e-05	5.623413251903491e-05
7503	5.494129595506880e-05	5.495408738576248e-05
7534	4.813946482229436e-05	4.897788193684466e-05
7548	4.766020470725607e-05	4.786300923226380e-05
7551	4.673633951757239e-05	4.677351412871981e-05
7607	4.439961039481854e-05	4.466835921509635e-05
7623	4.352418112740786e-05	4.365158322401657e-05
8876	4.248501071968391e-05	4.265795188015926e-05
8913	3.978015989325456e-05	3.981071705534969e-05
9900	3.816548798418751e-05	3.890451449942805e-05
11245	3.462367154805079e-05	3.467368504525317e-05
11935	3.385368692265800e-05	3.388441561392028e-05
12704	3.273160626859895e-05	3.311311214825908e-05
12714	2.935913458479433e-05	2.951209226666384e-05
15405	2.869370306879393e-05	2.884031503126606e-05
15427	2.816934576443941e-05	2.818382931264455e-05
15449	2.732200243715788e-05	2.754228703338169e-05
15471	2.629131785303329e-05	2.630267991895381e-05
25996	2.491678658844698e-05	2.511886431509582e-05
26030	2.373805284483499e-05	2.398832919019490e-05
26064	2.257852370179947e-05	2.290867652767775e-05
26094	2.145641285622446e-05	2.187761623949552e-05
26128	1.998272413672453e-05	2.041737944669527e-05
26150	1.892799838199011e-05	1.905460717963248e-05
26179	1.789724646861224e-05	1.819700858609983e-05
26214	1.693360863941340e-05	1.698243652461746e-05
26243	1.609832366833430e-05	1.621810097358930e-05
26278	1.527611858220812e-05	1.548816618912483e-05
26311	1.462442234390071e-05	1.479108388168207e-05
26339	1.399334206442227e-05	1.412537544622755e-05
26384	1.345615231218567e-05	1.348962882591653e-05
26427	1.304885062691774e-05	1.318256738556407e-05
26448	1.268869773141112e-05	1.288249551693135e-05
26479	1.239623996807104e-05	1.258925411794166e-05
26506	1.211035635606539e-05	1.230268770812381e-05
26533	1.181562539165348e-05	1.202264434617413e-05
26560	1.152742126875328e-05	1.174897554939530e-05
26582	1.125175447280746e-05	1.148153621496882e-05
26604	1.096932629351954e-05	1.122018454301963e-05
26631	1.069102541551015e-05	1.071519305237607e-05
26658	1.042279799967627e-05	1.047128548050899e-05
26684	1.015736922327370e-05	1.023292992280754e-05
26705	9.906835507500489e-06	1.000000000000000e-05
26732	9.659246906990049e-06	9.772372209558111e-06
28622	9.549108961670605e-06	9.549925860214369e-06
42734	9.325076617217043e-06	9.332543007969906e-06
53494	9.104852081165404e-06	9.120108393559096e-06
56628	8.911645842712979e-06	8.912509381337459e-06
71777	8.705038206713311e-06	8.709635899560814e-06
81224	8.493570755052637e-06	8.511380382023760e-06
84044	8.298998199651741e-06	8.317637711026709e-06
92855	8.128193952350315e-06	8.128305161640995e-06
115318	7.891613195809555e-06	7.943282347242822e-06
125106	7.756510078560375e-06	7.762471166286911e-06
156743	7.571510520221203e-06	7.585775750291836e-06
158921	7.387346848020115e-06	7.413102413009177e-06
161497	7.243502136211610e-06	7.244359600749906e-06
181521	7.068964477330297e-06	7.079457843841373e-06
200000	6.968435455223521e-06	7.079457843841373e-06
