%
% index = 2025, name = bbob_f006_i02_d05__bbob_f020_i04_d05
% instance = 1, reference value = 9.490351944898160e-01
% function evaluation | indicator value | target hit
1	6.029294771020331e+01	6.165950018614822e+01
21	6.023646540743081e+01	6.025595860743578e+01
26	5.809163032596132e+01	5.888436553555890e+01
27	5.490993119117932e+01	5.495408738576246e+01
28	4.611418557904682e+01	4.677351412871981e+01
29	3.399175001022682e+01	3.467368504525317e+01
40	1.983900256751832e+01	1.995262314968880e+01
51	3.701444270894816e+00	3.715352290971725e+00
62	1.803192711409316e+00	1.819700858609983e+00
84	1.735964341468316e+00	1.737800828749375e+00
95	1.658001921066316e+00	1.659586907437561e+00
106	1.570846437704316e+00	1.584893192461114e+00
117	1.478421071559816e+00	1.479108388168207e+00
128	1.385688810788816e+00	1.412537544622754e+00
139	1.297952324469816e+00	1.318256738556407e+00
150	1.219503838810316e+00	1.230268770812382e+00
161	1.153184308945316e+00	1.174897554939530e+00
172	1.100241607522816e+00	1.122018454301963e+00
183	1.060433277296816e+00	1.071519305237606e+00
194	1.031413200397316e+00	1.047128548050900e+00
205	1.013136214903316e+00	1.023292992280754e+00
238	9.895984011633160e-01	1.000000000000000e+00
260	9.702099782213159e-01	9.772372209558107e-01
271	9.506132403908160e-01	9.549925860214360e-01
282	9.195720669272595e-01	9.332543007969910e-01
304	9.040010010680704e-01	9.120108393559098e-01
326	8.582955012373862e-01	8.709635899560807e-01
337	8.068304596463062e-01	8.128305161640993e-01
414	7.587751167646408e-01	7.762471166286917e-01
447	7.510442458849366e-01	7.585775750291838e-01
458	6.908906478422896e-01	6.918309709189365e-01
469	6.558692361622840e-01	6.606934480075960e-01
480	6.317867091934617e-01	6.456542290346555e-01
491	6.216424091974371e-01	6.309573444801932e-01
502	6.049437733998735e-01	6.165950018614822e-01
513	6.013468641568251e-01	6.025595860743578e-01
524	5.873243005462766e-01	5.888436553555889e-01
535	5.528895581860462e-01	5.623413251903491e-01
546	5.392448991314749e-01	5.495408738576245e-01
557	5.291637433780944e-01	5.370317963702527e-01
568	5.223318917595920e-01	5.248074602497725e-01
612	5.125874193526279e-01	5.128613839913648e-01
623	4.768623197991207e-01	4.786300923226383e-01
634	4.628546721165296e-01	4.677351412871982e-01
645	4.492316711623317e-01	4.570881896148750e-01
656	4.296404681842927e-01	4.365158322401660e-01
711	4.082842732382987e-01	4.168693834703354e-01
722	3.969744951437092e-01	3.981071705534972e-01
733	3.750238697173272e-01	3.801893963205612e-01
744	3.665018250586679e-01	3.715352290971726e-01
755	3.591052704037772e-01	3.630780547701014e-01
799	3.351469227181275e-01	3.388441561392025e-01
843	3.234693715056846e-01	3.235936569296283e-01
865	3.108099885733798e-01	3.162277660168379e-01
920	2.896144178691120e-01	2.951209226666385e-01
931	2.815215010007415e-01	2.818382931264454e-01
942	2.734919979999738e-01	2.754228703338166e-01
953	2.287636469265000e-01	2.290867652767773e-01
964	2.202762653212293e-01	2.238721138568339e-01
975	2.126654042512431e-01	2.137962089502232e-01
2624	2.080884735715884e-01	2.089296130854039e-01
2747	2.041560531392707e-01	2.041737944669530e-01
2924	1.967456523848768e-01	1.995262314968880e-01
3056	1.867403291014130e-01	1.905460717963247e-01
3076	1.860553445192348e-01	1.862087136662867e-01
3301	1.729635030842289e-01	1.737800828749375e-01
3461	1.635350819690219e-01	1.659586907437560e-01
3620	1.560228330061264e-01	1.584893192461113e-01
3746	1.332071663818025e-01	1.348962882591654e-01
3882	9.927424878674163e-02	1.000000000000000e-01
4029	7.695032064461849e-02	7.762471166286916e-02
4167	7.163990689767841e-02	7.244359600749903e-02
4303	6.198768842856550e-02	6.309573444801933e-02
4439	4.122929065071201e-02	4.168693834703355e-02
4607	3.239984376901739e-02	3.311311214825911e-02
4788	2.482589437026217e-02	2.511886431509579e-02
4936	1.724140465469570e-02	1.737800828749375e-02
5084	1.196431418575228e-02	1.202264434617413e-02
5254	8.338458959408990e-03	8.511380382023767e-03
5411	6.450262925015049e-03	6.456542290346556e-03
5601	5.657883586921431e-03	5.754399373371567e-03
5769	5.476759805700171e-03	5.495408738576248e-03
135081	5.348523415299677e-03	5.370317963702527e-03
135364	5.042187212584981e-03	5.128613839913648e-03
135500	4.852240830688248e-03	4.897788193684461e-03
135763	4.709160212074015e-03	4.786300923226385e-03
135888	4.401550790421704e-03	4.466835921509630e-03
136056	4.216858359577969e-03	4.265795188015926e-03
136246	4.073955450898059e-03	4.168693834703355e-03
136293	4.073769332242128e-03	4.073802778041126e-03
136405	3.841477737083321e-03	3.890451449942805e-03
136553	3.634131114852335e-03	3.715352290971724e-03
136755	3.481078739056898e-03	3.548133892335753e-03
136925	3.379616151120146e-03	3.388441561392024e-03
137093	3.271853520370960e-03	3.311311214825911e-03
137261	3.195839342199580e-03	3.235936569296281e-03
245357	3.012743555248720e-03	3.019951720402016e-03
245479	2.930473575814330e-03	2.951209226666387e-03
245622	2.790607284581581e-03	2.818382931264455e-03
245756	2.721377206821862e-03	2.754228703338166e-03
245890	2.590937107507130e-03	2.630267991895381e-03
246012	2.484180763534516e-03	2.511886431509579e-03
246133	2.383321188596743e-03	2.398832919019490e-03
246322	2.319295616816430e-03	2.344228815319923e-03
246466	2.207387158650986e-03	2.238721138568340e-03
246578	2.151897983889595e-03	2.187761623949552e-03
246689	2.085948314800024e-03	2.089296130854039e-03
246854	2.022793696683678e-03	2.041737944669530e-03
246977	1.967873844089141e-03	1.995262314968879e-03
247100	1.934683592950348e-03	1.949844599758046e-03
247265	1.881823802843963e-03	1.905460717963246e-03
247387	1.797431407237982e-03	1.819700858609983e-03
247552	1.734364075756889e-03	1.737800828749376e-03
247871	1.692420692622432e-03	1.698243652461744e-03
248116	1.617849525980097e-03	1.621810097358930e-03
248393	1.551178763234629e-03	1.584893192461114e-03
248570	1.502033839140271e-03	1.513561248436209e-03
248811	1.470195619167947e-03	1.479108388168207e-03
249161	1.424094831320333e-03	1.445439770745928e-03
249436	1.406121152488615e-03	1.412537544622754e-03
249789	1.376758891504792e-03	1.380384264602885e-03
250302	1.345566397799036e-03	1.348962882591653e-03
250803	1.314626031416632e-03	1.318256738556408e-03
251164	1.283963073456351e-03	1.288249551693134e-03
251645	1.253784007149927e-03	1.258925411794167e-03
252236	1.230102272285039e-03	1.230268770812381e-03
252836	1.200979257642509e-03	1.202264434617413e-03
253620	1.173116761388315e-03	1.174897554939529e-03
254247	1.145471341904902e-03	1.148153621496883e-03
255188	1.120591773469570e-03	1.122018454301963e-03
255845	1.094814120776610e-03	1.096478196143185e-03
256159	1.071243081023798e-03	1.071519305237606e-03
256621	1.043320089251454e-03	1.047128548050900e-03
256954	1.022358569998771e-03	1.023292992280754e-03
257144	9.920023981228043e-04	1.000000000000000e-03
257477	9.715636907977609e-04	9.772372209558111e-04
257703	9.535080581533073e-04	9.549925860214359e-04
258023	9.327704804412695e-04	9.332543007969915e-04
258500	9.028102001348293e-04	9.120108393559096e-04
258963	8.832792982607085e-04	8.912509381337459e-04
259058	8.709284664947248e-04	8.709635899560805e-04
259334	8.438335298993627e-04	8.511380382023768e-04
259827	8.226689048921321e-04	8.317637711026709e-04
259911	8.109552753676752e-04	8.128305161640995e-04
260178	7.941363123282752e-04	7.943282347242813e-04
260454	7.699987910246842e-04	7.762471166286919e-04
260714	7.569482190038501e-04	7.585775750291835e-04
261226	7.312699407757695e-04	7.413102413009177e-04
261397	7.178332561238454e-04	7.244359600749898e-04
261894	7.022047522013963e-04	7.079457843841380e-04
262294	6.871200162521518e-04	6.918309709189362e-04
262518	6.752119406316925e-04	6.760829753919819e-04
262859	6.529785441387048e-04	6.606934480075957e-04
262955	6.447044002133584e-04	6.456542290346556e-04
263468	6.299165079532987e-04	6.309573444801930e-04
263755	6.150628215796372e-04	6.165950018614823e-04
263969	6.010240002953804e-04	6.025595860743575e-04
264328	5.830146537630920e-04	5.888436553555889e-04
264686	5.740423569187136e-04	5.754399373371566e-04
265211	5.616667430966560e-04	5.623413251903491e-04
265966	5.458633334126661e-04	5.495408738576248e-04
266202	5.357222559113639e-04	5.370317963702527e-04
266847	5.243598016428930e-04	5.248074602497728e-04
267353	5.126671723044707e-04	5.128613839913648e-04
267874	5.007373487916356e-04	5.011872336272725e-04
268537	4.890719094255980e-04	4.897788193684461e-04
269508	4.780498566869795e-04	4.786300923226385e-04
270169	4.653426853995501e-04	4.677351412871981e-04
270528	4.565648830895386e-04	4.570881896148752e-04
271137	4.456954695641890e-04	4.466835921509630e-04
271793	4.343565510512848e-04	4.365158322401661e-04
272209	4.263142793725638e-04	4.265795188015926e-04
273119	4.159785530398752e-04	4.168693834703355e-04
273662	4.072810031860996e-04	4.073802778041126e-04
274228	3.979088539154407e-04	3.981071705534974e-04
274689	3.889505197735010e-04	3.890451449942805e-04
275211	3.790979570638120e-04	3.801893963205612e-04
275614	3.713854568461183e-04	3.715352290971724e-04
276399	3.617041837417068e-04	3.630780547701014e-04
276806	3.543313735075992e-04	3.548133892335753e-04
277396	3.465663911597083e-04	3.467368504525317e-04
278030	3.381373254215392e-04	3.388441561392024e-04
278732	3.298945640864970e-04	3.311311214825911e-04
279223	3.224328946158650e-04	3.235936569296281e-04
279779	3.157779753797385e-04	3.162277660168379e-04
280393	3.083565280573852e-04	3.090295432513592e-04
281124	3.014751251358971e-04	3.019951720402016e-04
281673	2.935804445508561e-04	2.951209226666387e-04
282217	2.883520045959820e-04	2.884031503126605e-04
283224	2.817815348223895e-04	2.818382931264455e-04
283921	2.752490824263765e-04	2.754228703338166e-04
284697	2.686998792008621e-04	2.691534803926917e-04
285313	2.626512338254061e-04	2.630267991895381e-04
286092	2.565641561834697e-04	2.570395782768865e-04
286812	2.498548719700455e-04	2.511886431509580e-04
287596	2.448588159883469e-04	2.454708915685031e-04
288446	2.394936721688001e-04	2.398832919019490e-04
289607	2.334776431023311e-04	2.344228815319923e-04
291009	2.283746661930763e-04	2.290867652767772e-04
292974	2.229919399862057e-04	2.238721138568340e-04
294932	2.184767833127710e-04	2.187761623949552e-04
297605	2.136532809791092e-04	2.137962089502232e-04
305083	2.089192379471916e-04	2.089296130854039e-04
311203	2.039957235662193e-04	2.041737944669530e-04
316489	1.995084906278866e-04	1.995262314968879e-04
322483	1.948490156110649e-04	1.949844599758046e-04
323670	1.903420987806603e-04	1.905460717963246e-04
325817	1.858755143205881e-04	1.862087136662868e-04
328141	1.817390117707651e-04	1.819700858609983e-04
329331	1.777397587446883e-04	1.778279410038923e-04
330381	1.736129356545435e-04	1.737800828749376e-04
331680	1.697895424659368e-04	1.698243652461744e-04
333517	1.658661873304990e-04	1.659586907437562e-04
334836	1.621040671663243e-04	1.621810097358930e-04
335946	1.583659155163231e-04	1.584893192461114e-04
337173	1.548423867181459e-04	1.548816618912481e-04
338440	1.512423965748244e-04	1.513561248436209e-04
339634	1.477011461006317e-04	1.479108388168207e-04
341034	1.443430731022932e-04	1.445439770745928e-04
342136	1.411669359708823e-04	1.412537544622754e-04
343205	1.378937316793838e-04	1.380384264602885e-04
344676	1.348314761497882e-04	1.348962882591653e-04
346012	1.316797250118240e-04	1.318256738556407e-04
347660	1.287016924389484e-04	1.288249551693134e-04
349515	1.257866365053095e-04	1.258925411794167e-04
351679	1.230096878345188e-04	1.230268770812381e-04
353971	1.202007603552380e-04	1.202264434617413e-04
357015	1.174716352546623e-04	1.174897554939529e-04
359620	1.147285806490927e-04	1.148153621496883e-04
360972	1.121954951717186e-04	1.122018454301963e-04
362993	1.096413047965150e-04	1.096478196143185e-04
365942	1.071087665186488e-04	1.071519305237606e-04
367168	1.046709874520380e-04	1.047128548050900e-04
368807	1.022680230385875e-04	1.023292992280754e-04
369965	9.999490923418008e-05	1.000000000000000e-04
371682	9.769275814652811e-05	9.772372209558111e-05
372902	9.544538038008810e-05	9.549925860214369e-05
373817	9.330031100396319e-05	9.332543007969905e-05
374820	9.117157864990677e-05	9.120108393559096e-05
375871	8.908324551082369e-05	8.912509381337459e-05
376895	8.705113353679739e-05	8.709635899560814e-05
377836	8.509634063913474e-05	8.511380382023759e-05
378793	8.317409872860004e-05	8.317637711026709e-05
380126	8.127553834846868e-05	8.128305161640995e-05
381373	7.942201307553631e-05	7.943282347242822e-05
382547	7.761490985636055e-05	7.762471166286911e-05
384668	7.585053154857135e-05	7.585775750291836e-05
387205	7.411073103946730e-05	7.413102413009176e-05
389595	7.242553162967180e-05	7.244359600749906e-05
391915	7.079119397113143e-05	7.079457843841373e-05
394170	6.917657584903925e-05	6.918309709189363e-05
396566	6.759325362104551e-05	6.760829753919819e-05
399668	6.605693823646952e-05	6.606934480075965e-05
402671	6.455401968141761e-05	6.456542290346549e-05
404077	6.308894204498650e-05	6.309573444801929e-05
404846	6.165631851517972e-05	6.165950018614822e-05
406184	6.025581927371348e-05	6.025595860743581e-05
407015	5.887210913191332e-05	5.888436553555884e-05
407791	5.753489153448310e-05	5.754399373371566e-05
408114	5.622695912921305e-05	5.623413251903491e-05
408685	5.494511316128659e-05	5.495408738576248e-05
409058	5.369192828108549e-05	5.370317963702532e-05
412070	5.247865855484424e-05	5.248074602497723e-05
413291	5.128169324453147e-05	5.128613839913648e-05
415075	5.011399365373315e-05	5.011872336272725e-05
418996	4.897621326693802e-05	4.897788193684466e-05
421207	4.786241619558762e-05	4.786300923226380e-05
425623	4.676990055929586e-05	4.677351412871981e-05
431349	4.570854903485078e-05	4.570881896148752e-05
433211	4.466728843177670e-05	4.466835921509635e-05
434343	4.365148448381984e-05	4.365158322401657e-05
435997	4.265534842939900e-05	4.265795188015926e-05
438005	4.168561441575402e-05	4.168693834703355e-05
442260	4.073640029167436e-05	4.073802778041130e-05
448176	3.980941723091824e-05	3.981071705534969e-05
453108	3.890388680471979e-05	3.890451449942805e-05
461868	3.801891730770279e-05	3.801893963205612e-05
466285	3.715332546994077e-05	3.715352290971728e-05
469707	3.630756263472978e-05	3.630780547701010e-05
477819	3.548116416152158e-05	3.548133892335753e-05
492869	3.467347635266460e-05	3.467368504525317e-05
500000	3.418648950859193e-05	3.467368504525317e-05
%
% index = 2026, name = bbob_f006_i03_d05__bbob_f020_i05_d05
% instance = 2, reference value = 9.792221067845570e-01
% function evaluation | indicator value | target hit
1	1.358712811572557e+00	1.380384264602885e+00
26	1.348523466266057e+00	1.348962882591654e+00
29	1.280569469092057e+00	1.288249551693134e+00
40	1.194639067980057e+00	1.202264434617413e+00
51	1.084675934276057e+00	1.096478196143185e+00
62	9.862538801550569e-01	1.000000000000000e+00
73	9.119516988669875e-01	9.120108393559098e-01
84	8.430026838448148e-01	8.511380382023764e-01
95	7.789741195250515e-01	7.943282347242815e-01
106	7.171515601756367e-01	7.244359600749900e-01
117	6.583873285008159e-01	6.606934480075960e-01
128	6.028253652970850e-01	6.165950018614822e-01
139	5.495986603110139e-01	5.623413251903491e-01
150	4.970843625899051e-01	5.011872336272722e-01
161	4.441786569826440e-01	4.466835921509631e-01
172	3.916331320087262e-01	3.981071705534972e-01
183	3.417789341058362e-01	3.467368504525316e-01
194	2.965379222378183e-01	3.019951720402016e-01
205	2.559811380604499e-01	2.570395782768864e-01
216	2.194417289736630e-01	2.238721138568339e-01
227	1.920528687624752e-01	1.949844599758045e-01
238	1.729551178663150e-01	1.737800828749375e-01
249	1.603809615062630e-01	1.621810097358930e-01
260	1.530305742024507e-01	1.548816618912481e-01
304	1.511817466347315e-01	1.513561248436208e-01
994	1.466138442090956e-01	1.479108388168208e-01
1123	1.432108703894822e-01	1.445439770745928e-01
1264	1.378190376464545e-01	1.380384264602885e-01
1429	1.283452071196701e-01	1.288249551693134e-01
1661	1.214966368120177e-01	1.230268770812381e-01
1959	1.182833092698640e-01	1.202264434617413e-01
2249	1.169222967614013e-01	1.174897554939529e-01
30793	1.121189748953191e-01	1.122018454301964e-01
30910	1.045167553316507e-01	1.047128548050900e-01
31018	9.014892638685368e-02	9.120108393559097e-02
31161	6.468936875887488e-02	6.606934480075961e-02
31296	2.741856893301164e-02	2.754228703338166e-02
31563	6.992593220703780e-03	7.079457843841380e-03
31934	4.486221976333749e-03	4.570881896148752e-03
31959	4.447526469101626e-03	4.466835921509630e-03
31961	4.329249146984737e-03	4.365158322401661e-03
31975	4.219087549928502e-03	4.265795188015926e-03
32255	4.164600398037011e-03	4.168693834703355e-03
34078	3.916747583711078e-03	3.981071705534973e-03
34089	3.886600181648325e-03	3.890451449942805e-03
34232	3.781419848073897e-03	3.801893963205613e-03
35097	3.704867551318825e-03	3.715352290971724e-03
35108	3.626218206567722e-03	3.630780547701014e-03
36424	3.537350390351079e-03	3.548133892335753e-03
36457	3.460071494027384e-03	3.467368504525317e-03
36556	3.376959652834577e-03	3.388441561392024e-03
36600	3.286686710903819e-03	3.311311214825911e-03
36655	3.229201455387964e-03	3.235936569296281e-03
37773	3.123466285972931e-03	3.162277660168379e-03
37817	3.089335146642003e-03	3.090295432513592e-03
40676	3.008783612280519e-03	3.019951720402016e-03
43155	2.622657332667200e-03	2.630267991895381e-03
43330	2.216925898086974e-03	2.238721138568340e-03
43517	1.890304940173060e-03	1.905460717963246e-03
44016	1.710719715844800e-03	1.737800828749376e-03
44189	1.619642603729154e-03	1.621810097358930e-03
44340	1.569570619593064e-03	1.584893192461114e-03
44503	1.541132049809990e-03	1.548816618912481e-03
44721	1.470411269852145e-03	1.479108388168207e-03
45027	1.382391151830253e-03	1.412537544622754e-03
45167	1.379875435910005e-03	1.380384264602885e-03
45330	1.298369146503719e-03	1.318256738556408e-03
45593	1.219660681888945e-03	1.230268770812381e-03
45784	1.199040073556978e-03	1.202264434617413e-03
46131	1.159745191040229e-03	1.174897554939529e-03
46280	1.132175180716621e-03	1.148153621496883e-03
46463	1.108833278170240e-03	1.122018454301963e-03
46734	1.072952217993084e-03	1.096478196143185e-03
47126	1.051525506502671e-03	1.071519305237606e-03
47220	1.028590478784563e-03	1.047128548050900e-03
47359	1.000566290658811e-03	1.023292992280754e-03
47509	9.998174193492915e-04	1.000000000000000e-03
47661	9.767124829540563e-04	9.772372209558111e-04
47961	9.411966012289330e-04	9.549925860214359e-04
48111	9.239061103247792e-04	9.332543007969915e-04
48205	9.064156765370424e-04	9.120108393559096e-04
48298	8.828750938256746e-04	8.912509381337459e-04
48677	8.707286535443171e-04	8.709635899560805e-04
49132	8.458102452800764e-04	8.511380382023768e-04
49459	8.296239571483621e-04	8.317637711026709e-04
49751	8.112033786266126e-04	8.128305161640995e-04
50223	7.924221148950528e-04	7.943282347242813e-04
50386	7.749499678867400e-04	7.762471166286919e-04
50699	7.582811393085365e-04	7.585775750291835e-04
51164	7.378729484127655e-04	7.413102413009177e-04
51511	7.193213191707404e-04	7.244359600749898e-04
51663	7.064084558410233e-04	7.079457843841380e-04
52200	6.907670545209799e-04	6.918309709189362e-04
52561	6.738247537809716e-04	6.760829753919819e-04
52943	6.578516197304207e-04	6.606934480075957e-04
53438	6.418878599057098e-04	6.456542290346556e-04
53724	6.285071121564512e-04	6.309573444801930e-04
54048	6.150090691785515e-04	6.165950018614823e-04
54863	6.019471178889679e-04	6.025595860743575e-04
55453	5.887123246699488e-04	5.888436553555889e-04
56514	5.740817102574125e-04	5.754399373371566e-04
57219	5.606758461040862e-04	5.623413251903491e-04
57435	5.489727129335265e-04	5.495408738576248e-04
57871	5.362531479398136e-04	5.370317963702527e-04
58453	5.236499348848511e-04	5.248074602497728e-04
59249	5.114474005474268e-04	5.128613839913648e-04
59733	4.999124193654225e-04	5.011872336272725e-04
60128	4.892783274073054e-04	4.897788193684461e-04
60891	4.777568234063390e-04	4.786300923226385e-04
61758	4.672167491115431e-04	4.677351412871981e-04
62289	4.569110420011846e-04	4.570881896148752e-04
63454	4.461161569734307e-04	4.466835921509630e-04
64151	4.358804554844831e-04	4.365158322401661e-04
65725	4.264012320971400e-04	4.265795188015926e-04
66231	4.168413123307735e-04	4.168693834703355e-04
66953	4.072554243211846e-04	4.073802778041126e-04
67823	3.978818459815514e-04	3.981071705534974e-04
68969	3.887606742577487e-04	3.890451449942805e-04
69540	3.798552276651490e-04	3.801893963205612e-04
70336	3.714858543403254e-04	3.715352290971724e-04
71700	3.630265521740172e-04	3.630780547701014e-04
74108	3.547175887811393e-04	3.548133892335753e-04
75367	3.467183140204444e-04	3.467368504525317e-04
76737	3.388271958393307e-04	3.388441561392024e-04
78312	3.310750895940684e-04	3.311311214825911e-04
80040	3.235517020049317e-04	3.235936569296281e-04
84077	3.161911004619933e-04	3.162277660168379e-04
86787	3.090089621773373e-04	3.090295432513592e-04
92254	3.019942753875737e-04	3.019951720402016e-04
100507	2.951172203798924e-04	2.951209226666387e-04
111500	2.884016104347520e-04	2.884031503126605e-04
137977	2.818382140702402e-04	2.818382931264455e-04
170860	2.693983406899525e-04	2.754228703338166e-04
170941	2.691468878619485e-04	2.691534803926917e-04
200716	2.405552252974230e-04	2.454708915685031e-04
201437	2.115058358659327e-04	2.137962089502232e-04
266509	1.974565451987598e-04	1.995262314968879e-04
269786	1.946051512869973e-04	1.949844599758046e-04
278280	1.550347726523293e-04	1.584893192461114e-04
278447	1.547912761521442e-04	1.548816618912481e-04
278845	1.364524075793128e-04	1.380384264602885e-04
278867	1.342118854630314e-04	1.348962882591653e-04
312268	1.176217572570470e-04	1.202264434617413e-04
312286	1.174425536819568e-04	1.174897554939529e-04
312290	1.147613935696956e-04	1.148153621496883e-04
312291	1.119162169774812e-04	1.122018454301963e-04
312292	1.062744093079937e-04	1.071519305237606e-04
312608	1.009369663251825e-04	1.023292992280754e-04
312629	9.960013118870403e-05	1.000000000000000e-04
312631	9.646296201892834e-05	9.772372209558111e-05
312954	9.531644151994367e-05	9.549925860214369e-05
500000	9.392108478645245e-05	9.549925860214369e-05
%
% index = 2027, name = bbob_f006_i07_d05__bbob_f020_i08_d05
% instance = 3, reference value = 9.840107816472300e-01
% function evaluation | indicator value | target hit
1	2.895090900794230e+00	2.951209226666386e+00
26	2.880554744393230e+00	2.884031503126606e+00
29	2.779953685425730e+00	2.818382931264454e+00
40	2.644681041971730e+00	2.691534803926916e+00
51	2.460126977756730e+00	2.511886431509580e+00
62	2.283593935310730e+00	2.290867652767773e+00
73	2.115160209567230e+00	2.137962089502232e+00
84	1.954867350105730e+00	1.995262314968880e+00
95	1.802712680461230e+00	1.819700858609983e+00
106	1.658685846879730e+00	1.659586907437561e+00
117	1.522798780320230e+00	1.548816618912481e+00
128	1.395062701466230e+00	1.412537544622754e+00
139	1.275436819837230e+00	1.288249551693134e+00
150	1.163834925851230e+00	1.174897554939530e+00
161	1.060220609848230e+00	1.071519305237606e+00
172	9.712477976496459e-01	9.772372209558107e-01
183	9.087436932455312e-01	9.120108393559098e-01
194	8.465067296200870e-01	8.511380382023764e-01
205	7.888017912630678e-01	7.943282347242815e-01
216	7.377035719222423e-01	7.413102413009175e-01
227	6.918359005678523e-01	7.079457843841379e-01
238	6.464608989468217e-01	6.606934480075960e-01
249	5.979186829060785e-01	6.025595860743578e-01
260	5.475732835118501e-01	5.495408738576245e-01
271	4.995388962736578e-01	5.011872336272722e-01
282	4.573534105969568e-01	4.677351412871982e-01
293	4.221361504186601e-01	4.265795188015927e-01
304	3.925236233562077e-01	3.981071705534972e-01
315	3.656753423918198e-01	3.715352290971726e-01
326	3.389995019615893e-01	3.467368504525316e-01
337	3.116783507950456e-01	3.162277660168379e-01
348	2.842413733473034e-01	2.884031503126606e-01
359	2.585157582853672e-01	2.630267991895382e-01
370	2.359394840044361e-01	2.398832919019490e-01
381	2.168185150898541e-01	2.187761623949552e-01
392	2.004147692764762e-01	2.041737944669530e-01
403	1.868409377353444e-01	1.905460717963247e-01
414	1.757148084226710e-01	1.778279410038923e-01
425	1.669383790086781e-01	1.698243652461744e-01
436	1.601623374042307e-01	1.621810097358930e-01
447	1.551201702156833e-01	1.584893192461113e-01
458	1.515427497136878e-01	1.548816618912481e-01
469	1.493260079607412e-01	1.513561248436208e-01
892	1.478825420297304e-01	1.479108388168208e-01
1100	1.423424540661504e-01	1.445439770745928e-01
1226	1.356789845587745e-01	1.380384264602885e-01
1321	1.275606920199827e-01	1.288249551693134e-01
1463	1.192096970600529e-01	1.202264434617413e-01
1596	1.132319123679919e-01	1.148153621496883e-01
1822	1.107789887702190e-01	1.122018454301964e-01
170235	1.096363921386720e-01	1.096478196143185e-01
170327	1.070590249327066e-01	1.071519305237607e-01
170406	1.036769583630723e-01	1.047128548050900e-01
170487	9.710096208011265e-02	9.772372209558107e-02
170625	8.467563279448820e-02	8.511380382023763e-02
170776	6.264286343640968e-02	6.309573444801933e-02
170929	4.307062049933463e-02	4.365158322401658e-02
171072	2.738176362797540e-02	2.754228703338166e-02
171248	1.551687472987628e-02	1.584893192461113e-02
171402	7.667822356030807e-03	7.762471166286920e-03
171612	3.367448545452345e-03	3.388441561392024e-03
171855	2.265739956543444e-03	2.290867652767772e-03
174245	2.236688017582589e-03	2.238721138568340e-03
205760	2.185060568748010e-03	2.187761623949552e-03
500000	2.160261937592223e-03	2.187761623949552e-03
%
% index = 2028, name = bbob_f006_i09_d05__bbob_f020_i10_d05
% instance = 4, reference value = 9.653936417644901e-01
% function evaluation | indicator value | target hit
1	6.429787146756990e+00	6.456542290346556e+00
28	6.291473147980990e+00	6.309573444801933e+00
29	6.154663827716490e+00	6.165950018614822e+00
40	5.831536213322990e+00	5.888436553555890e+00
51	5.392454574067990e+00	5.495408738576246e+00
62	4.974829651456990e+00	5.011872336272722e+00
73	4.578894419364490e+00	4.677351412871983e+00
84	4.204928094845990e+00	4.265795188015927e+00
95	3.854947246048990e+00	3.890451449942806e+00
106	3.529131883884490e+00	3.548133892335755e+00
117	3.227442259769490e+00	3.235936569296283e+00
128	2.949473543522990e+00	2.951209226666386e+00
139	2.694339816711490e+00	2.754228703338166e+00
150	2.460072117306990e+00	2.511886431509580e+00
161	2.245205718351490e+00	2.290867652767773e+00
172	2.048408214820490e+00	2.089296130854040e+00
183	1.868466036334490e+00	1.905460717963247e+00
194	1.704198104561490e+00	1.737800828749375e+00
205	1.554405575552490e+00	1.584893192461114e+00
216	1.417908922930490e+00	1.445439770745927e+00
227	1.293506000354990e+00	1.318256738556407e+00
238	1.180015345188990e+00	1.202264434617413e+00
249	1.076392966778990e+00	1.096478196143185e+00
260	9.819613901189900e-01	1.000000000000000e+00
271	8.983952275112252e-01	9.120108393559098e-01
282	8.222038659481945e-01	8.317637711026710e-01
293	7.529828773020527e-01	7.585775750291838e-01
304	6.927790418362583e-01	7.079457843841379e-01
315	6.726712878450115e-01	6.760829753919817e-01
326	6.396951780147406e-01	6.456542290346555e-01
337	5.971029339812342e-01	6.025595860743578e-01
348	5.626886039712838e-01	5.754399373371569e-01
359	5.341705487993866e-01	5.370317963702527e-01
370	5.109804459709519e-01	5.128613839913648e-01
381	4.953264143334154e-01	5.011872336272722e-01
392	4.604847505583357e-01	4.677351412871982e-01
403	4.430035216064363e-01	4.466835921509631e-01
414	4.341237575311647e-01	4.365158322401660e-01
425	4.255422489614291e-01	4.265795188015927e-01
436	4.051095830484206e-01	4.073802778041127e-01
458	3.969315769309396e-01	3.981071705534972e-01
524	3.826241243174449e-01	3.890451449942806e-01
535	3.760519840911911e-01	3.801893963205612e-01
601	3.672658108370579e-01	3.715352290971726e-01
623	3.625718044062795e-01	3.630780547701014e-01
689	3.520201593296843e-01	3.548133892335755e-01
700	3.457039114369939e-01	3.467368504525316e-01
920	3.367982430307528e-01	3.388441561392025e-01
99814	3.283421250615455e-01	3.311311214825911e-01
100324	3.227023812116063e-01	3.235936569296283e-01
100848	3.124366942183552e-01	3.162277660168379e-01
102006	2.949517878825317e-01	2.951209226666385e-01
102596	2.681075961878624e-01	2.691534803926916e-01
103166	2.344783413897742e-01	2.398832919019490e-01
103563	1.960783247613167e-01	1.995262314968880e-01
103991	1.602026544295655e-01	1.621810097358930e-01
104879	1.390318105768484e-01	1.412537544622754e-01
105817	1.232476957796492e-01	1.258925411794167e-01
105843	1.229299147082887e-01	1.230268770812381e-01
106970	1.137937728175935e-01	1.148153621496883e-01
107166	9.574845824217548e-02	9.772372209558107e-02
107430	6.519892717382580e-02	6.606934480075961e-02
107629	3.930358384626353e-02	3.981071705534973e-02
107895	2.183055185908478e-02	2.187761623949553e-02
108205	1.048883337069861e-02	1.071519305237606e-02
108470	5.057521373028062e-03	5.128613839913648e-03
109058	4.275425996921212e-03	4.365158322401661e-03
109083	4.261118327529845e-03	4.265795188015926e-03
112067	4.168391988620956e-03	4.168693834703355e-03
210222	4.055537472100745e-03	4.073802778041126e-03
210942	3.967505899041712e-03	3.981071705534973e-03
223718	3.871889937390183e-03	3.890451449942805e-03
224605	3.774732243154166e-03	3.801893963205613e-03
224946	3.702794124689546e-03	3.715352290971724e-03
225899	3.600482185500131e-03	3.630780547701014e-03
226775	3.492549202073647e-03	3.548133892335753e-03
226786	3.454049451845242e-03	3.467368504525317e-03
226808	3.326666887280005e-03	3.388441561392024e-03
226819	3.307157408896644e-03	3.311311214825911e-03
227508	3.152491009047687e-03	3.162277660168379e-03
227739	3.089334989138437e-03	3.090295432513592e-03
230657	2.957173472739161e-03	3.019951720402016e-03
230668	2.898065968156449e-03	2.951209226666387e-03
230723	2.883281327865972e-03	2.884031503126605e-03
230866	2.700339550942510e-03	2.754228703338166e-03
230921	2.688406915344443e-03	2.691534803926917e-03
230998	2.629452344423577e-03	2.630267991895381e-03
253238	2.569181059538073e-03	2.570395782768865e-03
500000	2.533049376667540e-03	2.570395782768865e-03
%
% index = 2029, name = bbob_f006_i11_d05__bbob_f020_i12_d05
% instance = 5, reference value = 9.995650243308620e-01
% function evaluation | indicator value | target hit
1	3.093649510655336e+01	3.162277660168379e+01
23	3.089870284964436e+01	3.090295432513591e+01
28	2.973843397681386e+01	3.019951720402016e+01
29	2.856358091106836e+01	2.884031503126606e+01
40	2.583081175746286e+01	2.630267991895381e+01
51	2.221265546844136e+01	2.238721138568340e+01
62	1.888708576640186e+01	1.905460717963247e+01
73	1.585743090600586e+01	1.621810097358930e+01
84	1.311961835458886e+01	1.318256738556407e+01
95	1.066285809665886e+01	1.071519305237607e+01
106	8.478524674251862e+00	8.511380382023766e+00
117	6.565479206983862e+00	6.606934480075959e+00
128	4.922154903510862e+00	5.011872336272722e+00
139	3.543633050691862e+00	3.548133892335755e+00
150	2.464772857945862e+00	2.511886431509580e+00
161	1.614427372408362e+00	1.621810097358930e+00
172	9.553013616315388e-01	9.772372209558107e-01
183	9.387058507477368e-01	9.549925860214360e-01
194	9.227707332804201e-01	9.332543007969910e-01
216	5.951492904555329e-01	6.025595860743578e-01
227	4.248852560414160e-01	4.265795188015927e-01
238	2.228177382391435e-01	2.238721138568339e-01
249	1.430490606278704e-01	1.445439770745928e-01
260	1.284926828829105e-01	1.288249551693134e-01
271	1.075662114254619e-01	1.096478196143185e-01
282	1.055835645456003e-01	1.071519305237607e-01
293	1.025420062767329e-01	1.047128548050900e-01
304	8.509598626254544e-02	8.511380382023763e-02
315	1.720877795939024e-02	1.737800828749375e-02
326	7.379772338196533e-03	7.413102413009177e-03
337	7.141337147104521e-03	7.244359600749898e-03
348	7.072223602105576e-03	7.079457843841380e-03
370	5.964117893795140e-03	6.025595860743574e-03
381	5.551001087486740e-03	5.623413251903491e-03
392	5.481056115919203e-03	5.495408738576248e-03
414	5.320990911585777e-03	5.370317963702527e-03
436	5.126101881227085e-03	5.128613839913648e-03
1366	4.988294321098374e-03	5.011872336272725e-03
3606	4.841942151473599e-03	4.897788193684461e-03
27635	4.744831032888031e-03	4.786300923226385e-03
27647	4.641226723506975e-03	4.677351412871981e-03
27658	4.424107262792298e-03	4.466835921509630e-03
27669	4.354889639336501e-03	4.365158322401661e-03
27713	4.247149747094725e-03	4.265795188015926e-03
27769	4.024263564929242e-03	4.073802778041126e-03
27846	3.893193874167755e-03	3.981071705534973e-03
28994	3.546085610681926e-03	3.548133892335753e-03
29184	3.194968850943503e-03	3.235936569296281e-03
29342	2.957656083307225e-03	3.019951720402016e-03
29488	2.748144268925889e-03	2.754228703338166e-03
29644	2.482764127350157e-03	2.511886431509579e-03
29811	2.376135626264042e-03	2.398832919019490e-03
33160	2.314940117940423e-03	2.344228815319923e-03
33484	2.263116505553664e-03	2.290867652767772e-03
33742	2.194541679978568e-03	2.238721138568340e-03
34130	2.098395132473563e-03	2.137962089502233e-03
34155	2.089021341879382e-03	2.089296130854039e-03
34177	1.961271813923804e-03	1.995262314968879e-03
36503	1.861406507001617e-03	1.862087136662868e-03
38623	1.794401331288942e-03	1.819700858609983e-03
38764	1.739067254683202e-03	1.778279410038923e-03
38784	1.737022358363594e-03	1.737800828749376e-03
42186	1.671266750483347e-03	1.698243652461744e-03
42493	1.596556837293983e-03	1.621810097358930e-03
42789	1.492557547725148e-03	1.513561248436209e-03
44543	1.423276547920516e-03	1.445439770745928e-03
71405	1.410945391607799e-03	1.412537544622754e-03
122095	1.377700703385831e-03	1.380384264602885e-03
122586	1.212112683088851e-03	1.230268770812381e-03
122610	1.199948053725031e-03	1.202264434617413e-03
122800	8.020429739126200e-04	8.128305161640995e-04
122960	7.094784917296426e-04	7.244359600749898e-04
122982	7.077917729062522e-04	7.079457843841380e-04
500000	6.928642422483478e-04	7.079457843841380e-04
%
% index = 2030, name = bbob_f006_i13_d05__bbob_f020_i14_d05
% instance = 6, reference value = 9.999508847091790e-01
% function evaluation | indicator value | target hit
1	9.648096482146009e+00	9.772372209558107e+00
27	9.520857884493246e+00	9.549925860214358e+00
29	9.144860034511732e+00	9.332543007969910e+00
40	8.557568683993669e+00	8.709635899560805e+00
51	7.760563858164399e+00	7.762471166286917e+00
62	7.002427717190207e+00	7.079457843841379e+00
73	6.285536003736179e+00	6.309573444801933e+00
84	5.607208839167178e+00	5.623413251903491e+00
95	5.051882071427679e+00	5.128613839913648e+00
106	4.449989594637679e+00	4.466835921509632e+00
117	3.889487175904179e+00	3.890451449942806e+00
128	3.369842065232179e+00	3.388441561392026e+00
139	3.067777263495179e+00	3.090295432513591e+00
150	2.615012314285679e+00	2.630267991895382e+00
161	2.204852313141679e+00	2.238721138568339e+00
172	1.837228263785179e+00	1.862087136662868e+00
183	1.511378603688179e+00	1.513561248436208e+00
194	1.227412321893179e+00	1.230268770812382e+00
205	9.854202131029570e-01	1.000000000000000e+00
216	7.835620817632812e-01	7.943282347242815e-01
227	6.146253986999535e-01	6.165950018614822e-01
238	4.805953141619477e-01	4.897788193684462e-01
260	4.742184435296944e-01	4.786300923226383e-01
282	3.908574226237536e-01	3.981071705534972e-01
293	3.048211179799676e-01	3.090295432513591e-01
304	2.512949114022055e-01	2.570395782768864e-01
315	2.494382834710362e-01	2.511886431509580e-01
326	2.273766267274659e-01	2.290867652767773e-01
348	2.186236766209471e-01	2.187761623949552e-01
359	2.079139917064096e-01	2.089296130854039e-01
381	1.874518783390097e-01	1.905460717963247e-01
392	1.586912480661412e-01	1.621810097358930e-01
403	1.450588746541457e-01	1.479108388168208e-01
414	1.362088130850350e-01	1.380384264602885e-01
436	1.020696236188726e-01	1.023292992280754e-01
447	8.746975620466446e-02	8.912509381337455e-02
458	8.029257850198057e-02	8.128305161640990e-02
469	6.893162207282144e-02	6.918309709189366e-02
480	6.001002121432752e-02	6.025595860743578e-02
491	5.779171611090606e-02	5.888436553555890e-02
502	5.530042454701511e-02	5.623413251903491e-02
513	4.901540533139670e-02	5.011872336272722e-02
524	3.111427877284345e-02	3.162277660168379e-02
535	2.261929172704380e-02	2.290867652767773e-02
546	2.095592748406927e-02	2.137962089502233e-02
557	1.679117504367955e-02	1.698243652461744e-02
568	1.320749616212513e-02	1.348962882591653e-02
579	8.948697609677536e-03	9.120108393559097e-03
590	2.823115209110494e-03	2.884031503126605e-03
601	2.185742305315097e-03	2.187761623949552e-03
612	9.850417277239565e-04	1.000000000000000e-03
623	6.519484557627742e-04	6.606934480075957e-04
634	6.065126300051071e-04	6.165950018614823e-04
645	6.025535691279726e-04	6.025595860743575e-04
656	5.559089713182974e-04	5.623413251903491e-04
667	3.369793093132012e-04	3.388441561392024e-04
700	3.307893987023469e-04	3.311311214825911e-04
810	3.231188273302710e-04	3.235936569296281e-04
1052	3.085768924816490e-04	3.090295432513592e-04
59359	3.016866050031819e-04	3.019951720402016e-04
167984	2.945250045335301e-04	2.951209226666387e-04
200826	2.846641197149502e-04	2.884031503126605e-04
200982	2.130909382975776e-04	2.137962089502232e-04
206895	1.810517383808996e-04	1.819700858609983e-04
207167	1.727395752832983e-04	1.737800828749376e-04
207666	1.695836789088467e-04	1.698243652461744e-04
263898	1.581969823588603e-04	1.584893192461114e-04
264162	1.464162018315340e-04	1.479108388168207e-04
264498	1.431183995973528e-04	1.445439770745928e-04
500000	1.424184250585769e-04	1.445439770745928e-04
%
% index = 2031, name = bbob_f006_i15_d05__bbob_f020_i16_d05
% instance = 7, reference value = 9.996484891262830e-01
% function evaluation | indicator value | target hit
1	1.167369087303840e+02	1.174897554939529e+02
40	1.126975621614896e+02	1.148153621496883e+02
51	1.055301075661224e+02	1.071519305237606e+02
62	9.518897234017690e+01	9.549925860214358e+01
73	8.397303569582124e+01	8.511380382023764e+01
84	7.446787823767679e+01	7.585775750291836e+01
95	6.805065598822969e+01	6.918309709189366e+01
106	6.437254633234768e+01	6.456542290346556e+01
117	6.162978304170889e+01	6.165950018614822e+01
128	5.765459091880042e+01	5.888436553555890e+01
139	5.178109027802077e+01	5.248074602497726e+01
150	4.548716958748525e+01	4.570881896148749e+01
161	4.041528145096350e+01	4.073802778041128e+01
172	3.633471528613078e+01	3.715352290971726e+01
183	3.184059884220478e+01	3.235936569296283e+01
194	2.719512163498828e+01	2.754228703338166e+01
205	2.417905028079328e+01	2.454708915685030e+01
216	2.182752420928428e+01	2.187761623949553e+01
227	1.717630073539478e+01	1.737800828749375e+01
238	1.336085733331278e+01	1.348962882591653e+01
249	1.246731216264128e+01	1.258925411794167e+01
260	8.908881555342283e+00	8.912509381337454e+00
271	6.863609294686783e+00	6.918309709189364e+00
282	6.724476803633783e+00	6.760829753919817e+00
293	4.751514598995783e+00	4.786300923226384e+00
304	3.591985783950283e+00	3.630780547701014e+00
315	2.522228255072283e+00	2.570395782768863e+00
326	1.620032713117283e+00	1.621810097358930e+00
337	1.097879186209283e+00	1.122018454301963e+00
348	7.335142007092581e-01	7.413102413009175e-01
359	6.395891692082785e-01	6.456542290346555e-01
370	4.412480145334327e-01	4.466835921509631e-01
381	3.823046327163320e-01	3.890451449942806e-01
392	1.587247831236088e-01	1.621810097358930e-01
403	7.119685421145949e-02	7.244359600749903e-02
414	5.246100988525515e-03	5.248074602497728e-03
425	4.762893787883082e-03	4.786300923226385e-03
469	4.665998198623789e-03	4.677351412871981e-03
524	4.543163107940007e-03	4.570881896148752e-03
568	4.274242515731386e-03	4.365158322401661e-03
579	4.230652378078403e-03	4.265795188015926e-03
601	4.059185908417917e-03	4.073802778041126e-03
612	3.945607948275920e-03	3.981071705534973e-03
623	3.816783449246297e-03	3.890451449942805e-03
634	3.550855252493434e-03	3.630780547701014e-03
645	3.150097310801403e-03	3.162277660168379e-03
656	2.692251986429750e-03	2.754228703338166e-03
667	2.662140001690960e-03	2.691534803926917e-03
689	2.587408756360543e-03	2.630267991895381e-03
711	2.531472977190474e-03	2.570395782768865e-03
7751	2.479842938525101e-03	2.511886431509579e-03
7958	2.449971756873337e-03	2.454708915685031e-03
11283	2.382513463442648e-03	2.398832919019490e-03
16714	2.343367284303843e-03	2.344228815319923e-03
20828	2.184694963485945e-03	2.187761623949552e-03
21184	1.831750203577842e-03	1.862087136662868e-03
21684	1.817682933708431e-03	1.819700858609983e-03
22454	1.724959394141634e-03	1.737800828749376e-03
22481	1.690414668226614e-03	1.698243652461744e-03
22493	1.659235858720409e-03	1.659586907437561e-03
42648	1.574740865627033e-03	1.584893192461114e-03
50357	1.512020391917890e-03	1.513561248436209e-03
50396	1.474525809907257e-03	1.479108388168207e-03
211235	1.444782911878217e-03	1.445439770745928e-03
219131	1.409232997479637e-03	1.412537544622754e-03
280055	1.363245921142120e-03	1.380384264602885e-03
280279	1.327758069526563e-03	1.348962882591653e-03
280507	1.277856999270299e-03	1.288249551693134e-03
280710	1.235896186408403e-03	1.258925411794167e-03
280900	1.173994711351267e-03	1.174897554939529e-03
281101	9.620472645065492e-04	9.772372209558111e-04
281304	7.135623871665775e-04	7.244359600749898e-04
281473	5.414539628874060e-04	5.495408738576248e-04
281663	4.298601172173511e-04	4.365158322401661e-04
281854	3.057568435455016e-04	3.090295432513592e-04
282046	2.969177667574430e-04	3.019951720402016e-04
282279	2.943202993254124e-04	2.951209226666387e-04
282301	2.827156950904186e-04	2.884031503126605e-04
282302	2.759238786018692e-04	2.818382931264455e-04
282886	2.753980316875237e-04	2.754228703338166e-04
283621	2.320099099836215e-04	2.344228815319923e-04
284180	2.074223224625138e-04	2.089296130854039e-04
285014	1.983008189436752e-04	1.995262314968879e-04
500000	1.971653032748488e-04	1.995262314968879e-04
%
% index = 2032, name = bbob_f006_i17_d05__bbob_f020_i18_d05
% instance = 8, reference value = 9.937950243174200e-01
% function evaluation | indicator value | target hit
1	2.001649615791920e+00	2.041737944669529e+00
26	1.990117604563420e+00	1.995262314968880e+00
29	1.912155780506420e+00	1.949844599758045e+00
40	1.810051558821920e+00	1.819700858609983e+00
51	1.670426870348920e+00	1.698243652461744e+00
62	1.536364584671920e+00	1.548816618912481e+00
73	1.407501386056420e+00	1.412537544622754e+00
84	1.284648636878920e+00	1.288249551693134e+00
95	1.168287246324420e+00	1.174897554939530e+00
106	1.057641551931420e+00	1.071519305237606e+00
117	9.578614192907497e-01	9.772372209558107e-01
128	8.707314201489624e-01	8.709635899560807e-01
139	7.876821378782396e-01	7.943282347242815e-01
150	7.059374489111417e-01	7.079457843841379e-01
161	6.262542033197693e-01	6.309573444801932e-01
172	5.527347468111914e-01	5.623413251903491e-01
183	4.871490985901322e-01	4.897788193684462e-01
194	4.273504883455419e-01	4.365158322401660e-01
205	3.724639643130311e-01	3.801893963205612e-01
216	3.245770907587532e-01	3.311311214825911e-01
227	2.844708744516308e-01	2.884031503126606e-01
238	2.511160994390135e-01	2.511886431509580e-01
249	2.248995502725697e-01	2.290867652767773e-01
260	2.071652217343752e-01	2.089296130854039e-01
271	1.974611639803635e-01	1.995262314968880e-01
282	1.890094815215811e-01	1.905460717963247e-01
293	1.823182219481708e-01	1.862087136662867e-01
304	1.772418714518493e-01	1.778279410038923e-01
348	1.729383289146988e-01	1.737800828749375e-01
359	1.691429725919970e-01	1.698243652461744e-01
392	1.656215674429428e-01	1.659586907437560e-01
425	1.613388820577530e-01	1.621810097358930e-01
491	1.574659969062393e-01	1.584893192461113e-01
1386	1.521598201273424e-01	1.548816618912481e-01
1538	1.491252651436156e-01	1.513561248436208e-01
1757	1.472776429138926e-01	1.479108388168208e-01
86775	1.425992749365130e-01	1.445439770745928e-01
86855	1.384642738965444e-01	1.412537544622754e-01
86892	1.303867911190636e-01	1.318256738556407e-01
86953	1.150076217704985e-01	1.174897554939529e-01
87060	8.724393792938956e-02	8.912509381337455e-02
87202	4.342002017170465e-02	4.365158322401658e-02
87367	1.328715682432946e-02	1.348962882591653e-02
87598	1.674834222512356e-03	1.698243652461744e-03
88269	1.612268703833797e-03	1.621810097358930e-03
88294	1.566674430949155e-03	1.584893192461114e-03
88295	1.546089636149106e-03	1.548816618912481e-03
88307	1.507428340261407e-03	1.513561248436209e-03
99667	1.467446448509713e-03	1.479108388168207e-03
100411	1.366555879665277e-03	1.380384264602885e-03
101314	1.300227437880497e-03	1.318256738556408e-03
110768	1.265044632837942e-03	1.288249551693134e-03
111960	1.230430314022479e-03	1.258925411794167e-03
112007	1.230239982106363e-03	1.230268770812381e-03
119616	1.190496328342006e-03	1.202264434617413e-03
119627	1.172983372657033e-03	1.174897554939529e-03
119638	1.146288531581607e-03	1.148153621496883e-03
119693	1.070838919447148e-03	1.071519305237606e-03
120547	1.045831497698657e-03	1.047128548050900e-03
120602	1.019600421193312e-03	1.023292992280754e-03
120646	9.848705698819460e-04	1.000000000000000e-03
120668	9.760467193129507e-04	9.772372209558111e-04
123267	9.545653945262078e-04	9.549925860214359e-04
124997	9.252270431223675e-04	9.332543007969915e-04
125107	9.116087548699525e-04	9.120108393559096e-04
126958	8.881269879091880e-04	8.912509381337459e-04
126980	8.686827084947168e-04	8.709635899560805e-04
127900	8.509769099022124e-04	8.511380382023768e-04
128340	7.674450180525927e-04	7.762471166286919e-04
128523	6.756804981339348e-04	6.760829753919819e-04
128630	6.504561632131312e-04	6.606934480075957e-04
128791	6.251867959128354e-04	6.309573444801930e-04
128907	6.004272281461276e-04	6.025595860743575e-04
129013	5.656237637242656e-04	5.754399373371566e-04
129139	5.478025641616480e-04	5.495408738576248e-04
129359	5.180367554119547e-04	5.248074602497728e-04
129497	4.928695643534597e-04	5.011872336272725e-04
130028	4.816871876108797e-04	4.897788193684461e-04
130180	4.680080518988383e-04	4.786300923226385e-04
130229	4.595163896323751e-04	4.677351412871981e-04
130277	4.470298888400448e-04	4.570881896148752e-04
130415	4.371145419396205e-04	4.466835921509630e-04
130475	4.303850593895264e-04	4.365158322401661e-04
130557	4.232904208493204e-04	4.265795188015926e-04
130626	4.141573177327551e-04	4.168693834703355e-04
130684	4.050375771578185e-04	4.073802778041126e-04
131028	3.957993313783437e-04	3.981071705534974e-04
131202	3.827368543958265e-04	3.890451449942805e-04
131251	3.789233272349923e-04	3.801893963205612e-04
131590	3.669462779991584e-04	3.715352290971724e-04
131693	3.627674699764327e-04	3.630780547701014e-04
131879	3.545144395582511e-04	3.548133892335753e-04
132188	3.445932567094356e-04	3.467368504525317e-04
132344	3.379013352414750e-04	3.388441561392024e-04
132972	3.284174776343463e-04	3.311311214825911e-04
133089	3.221467458300875e-04	3.235936569296281e-04
133209	3.151684414700595e-04	3.162277660168379e-04
133547	3.076657582405939e-04	3.090295432513592e-04
133655	3.019672534055884e-04	3.019951720402016e-04
133760	2.948412370255005e-04	2.951209226666387e-04
133945	2.879767883807727e-04	2.884031503126605e-04
134260	2.815739238625214e-04	2.818382931264455e-04
134813	2.751983065164554e-04	2.754228703338166e-04
135112	2.690564417280328e-04	2.691534803926917e-04
135760	2.627493188067653e-04	2.630267991895381e-04
136104	2.567494304523965e-04	2.570395782768865e-04
136329	2.508001729069065e-04	2.511886431509580e-04
136662	2.453104113532278e-04	2.454708915685031e-04
136843	2.395020867698161e-04	2.398832919019490e-04
137719	2.341596039575622e-04	2.344228815319923e-04
137963	2.289053618415027e-04	2.290867652767772e-04
138474	2.236670383143347e-04	2.238721138568340e-04
138972	2.186923736241519e-04	2.187761623949552e-04
139768	2.137177451611016e-04	2.137962089502232e-04
139976	2.088547785126238e-04	2.089296130854039e-04
140722	2.040626718459171e-04	2.041737944669530e-04
141040	1.994977176342783e-04	1.995262314968879e-04
142010	1.949141781807384e-04	1.949844599758046e-04
149002	1.905311768044538e-04	1.905460717963246e-04
151825	1.861826611295747e-04	1.862087136662868e-04
165741	1.819504597647681e-04	1.819700858609983e-04
169418	1.778245444523652e-04	1.778279410038923e-04
199609	1.737770507866943e-04	1.737800828749376e-04
255584	1.698243313106307e-04	1.698243652461744e-04
500000	1.669752616738629e-04	1.698243652461744e-04
%
% index = 2033, name = bbob_f006_i19_d05__bbob_f020_i21_d05
% instance = 9, reference value = 9.997086243892920e-01
% function evaluation | indicator value | target hit
1	1.769095017353136e+01	1.778279410038923e+01
27	1.736520325641523e+01	1.737800828749375e+01
29	1.650363019700042e+01	1.659586907437561e+01
40	1.547318850748488e+01	1.548816618912481e+01
51	1.417651649195235e+01	1.445439770745927e+01
62	1.191773912234472e+01	1.202264434617413e+01
73	9.395339233666897e+00	9.549925860214358e+00
84	8.295198803180678e+00	8.317637711026711e+00
95	8.008285007145933e+00	8.128305161640993e+00
106	6.353164571190302e+00	6.456542290346556e+00
117	4.620422378487761e+00	4.677351412871983e+00
128	4.143599275578270e+00	4.168693834703354e+00
139	2.859162421655918e+00	2.884031503126606e+00
150	2.175008047818799e+00	2.187761623949553e+00
161	1.484287966721339e+00	1.513561248436208e+00
172	9.882766860971158e-01	1.000000000000000e+00
183	8.407006420949463e-01	8.511380382023764e-01
194	6.470390568798818e-01	6.606934480075960e-01
205	4.760916013242521e-01	4.786300923226383e-01
216	3.354920044438052e-01	3.388441561392025e-01
227	2.461200825814190e-01	2.511886431509580e-01
238	2.006065890273983e-01	2.041737944669530e-01
249	1.967347622524945e-01	1.995262314968880e-01
260	1.484280851074655e-01	1.513561248436208e-01
271	1.097193095922192e-01	1.122018454301964e-01
282	1.071824755737175e-01	1.096478196143185e-01
293	7.847904347036561e-02	7.943282347242814e-02
304	6.081950345743825e-02	6.165950018614822e-02
315	5.713624961609987e-02	5.754399373371569e-02
326	4.135663767786280e-02	4.168693834703355e-02
337	3.258600533021294e-02	3.311311214825911e-02
348	3.149297210766244e-02	3.162277660168379e-02
359	2.354057475045124e-02	2.398832919019490e-02
370	1.820681561886006e-02	1.862087136662868e-02
381	1.778345760423083e-02	1.819700858609984e-02
392	1.194767492363402e-02	1.202264434617413e-02
403	9.125774388113239e-03	9.332543007969915e-03
414	8.966830247970958e-03	9.120108393559097e-03
425	5.195652956744512e-03	5.248074602497728e-03
436	3.724141966543693e-03	3.801893963205613e-03
447	3.141470531546897e-03	3.162277660168379e-03
480	3.087395856283037e-03	3.090295432513592e-03
568	3.018090762299530e-03	3.019951720402016e-03
678	2.947459335858160e-03	2.951209226666387e-03
843	2.880244722309966e-03	2.884031503126605e-03
1041	2.816317506585175e-03	2.818382931264455e-03
1514	2.747105351966761e-03	2.754228703338166e-03
1569	2.625634129243770e-03	2.630267991895381e-03
1636	2.530448745096225e-03	2.570395782768865e-03
2111	2.487202901979901e-03	2.511886431509579e-03
2122	2.397182863229541e-03	2.398832919019490e-03
2342	2.270222424898716e-03	2.290867652767772e-03
3212	1.943768587212458e-03	1.949844599758046e-03
3391	1.858311276326963e-03	1.862087136662868e-03
3894	1.720138715352593e-03	1.737800828749376e-03
3984	1.597132178858596e-03	1.621810097358930e-03
117724	1.581764149441778e-03	1.584893192461114e-03
130003	1.490719525055306e-03	1.513561248436209e-03
131933	1.452277406638003e-03	1.479108388168207e-03
133893	1.260222561884183e-03	1.288249551693134e-03
133940	1.257766095935975e-03	1.258925411794167e-03
139405	1.223102488640770e-03	1.230268770812381e-03
139692	9.998598519631585e-04	1.000000000000000e-03
140014	8.259693513945621e-04	8.317637711026709e-04
140314	7.613598694049539e-04	7.762471166286919e-04
140538	6.539623097240321e-04	6.606934480075957e-04
140752	5.134497261124471e-04	5.248074602497728e-04
140944	4.139464933552439e-04	4.168693834703355e-04
141092	3.515856067328738e-04	3.548133892335753e-04
141272	2.836064786798653e-04	2.884031503126605e-04
141293	2.813851179235272e-04	2.818382931264455e-04
141526	2.753935656304440e-04	2.754228703338166e-04
141852	2.685172213714448e-04	2.691534803926917e-04
141873	2.625254459814874e-04	2.630267991895381e-04
142019	2.406618492708512e-04	2.454708915685031e-04
142229	2.255494178119433e-04	2.290867652767772e-04
142443	2.223729116861417e-04	2.238721138568340e-04
154012	2.112059727576998e-04	2.137962089502232e-04
154325	2.031679688301313e-04	2.041737944669530e-04
202744	1.924356339751965e-04	1.949844599758046e-04
202745	1.902417676666879e-04	1.905460717963246e-04
325299	1.844578378897843e-04	1.862087136662868e-04
328171	1.801716035235712e-04	1.819700858609983e-04
330018	1.698894356861880e-04	1.737800828749376e-04
330038	1.697962109131756e-04	1.698243652461744e-04
500000	1.661268289994133e-04	1.698243652461744e-04
%
% index = 2034, name = bbob_f006_i21_d05__bbob_f020_i22_d05
% instance = 10, reference value = 9.944958871738130e-01
% function evaluation | indicator value | target hit
1	8.258168917037826e+02	8.317637711026708e+02
28	8.034149624157473e+02	8.128305161640995e+02
29	7.813891305739453e+02	7.943282347242813e+02
40	7.298245118235726e+02	7.413102413009177e+02
51	6.605864310676413e+02	6.606934480075957e+02
62	5.955583143183858e+02	6.025595860743575e+02
73	5.346700389071834e+02	5.370317963702527e+02
84	4.779243157384975e+02	4.786300923226385e+02
95	4.252987732273006e+02	4.265795188015925e+02
106	3.766777688574331e+02	3.801893963205613e+02
117	3.318979294119026e+02	3.388441561392024e+02
128	2.908272153957308e+02	2.951209226666387e+02
139	2.533581401604391e+02	2.570395782768865e+02
150	2.193368568849194e+02	2.238721138568340e+02
161	1.885507323281239e+02	1.905460717963246e+02
172	1.607938908848388e+02	1.621810097358930e+02
183	1.359046238844363e+02	1.380384264602885e+02
194	1.137263438975668e+02	1.148153621496883e+02
205	9.405942107092432e+01	9.549925860214358e+01
216	7.667125391407281e+01	7.762471166286916e+01
227	6.131692738382081e+01	6.165950018614822e+01
238	4.781173413488731e+01	4.786300923226383e+01
249	3.613814147738031e+01	3.630780547701014e+01
260	2.625719911530581e+01	2.630267991895381e+01
271	1.809419339228681e+01	1.819700858609983e+01
282	1.155371832857381e+01	1.174897554939530e+01
293	6.553847359699813e+00	6.606934480075959e+00
304	3.049406116630313e+00	3.090295432513591e+00
315	9.638378173301690e-01	9.772372209558107e-01
326	4.319646146663583e-01	4.365158322401660e-01
337	4.030224260759586e-01	4.073802778041127e-01
348	3.954378757602062e-01	3.981071705534972e-01
359	3.869173195465340e-01	3.890451449942806e-01
370	3.772205040088629e-01	3.801893963205612e-01
392	3.644965284232741e-01	3.715352290971726e-01
403	3.616897362827385e-01	3.630780547701014e-01
425	3.545369345238838e-01	3.548133892335755e-01
436	3.424541183920170e-01	3.467368504525316e-01
447	3.085686660033445e-01	3.090295432513591e-01
458	2.923670802739324e-01	2.951209226666385e-01
469	2.800428905265895e-01	2.818382931264454e-01
480	2.655493464471342e-01	2.691534803926916e-01
491	2.471417097747080e-01	2.511886431509580e-01
502	2.395727554334343e-01	2.398832919019490e-01
524	2.159346812898376e-01	2.187761623949552e-01
557	2.137784347862880e-01	2.137962089502232e-01
623	2.087489510452759e-01	2.089296130854039e-01
645	2.017747885911955e-01	2.041737944669530e-01
656	1.963851940899674e-01	1.995262314968880e-01
667	1.895270871764163e-01	1.905460717963247e-01
678	1.799058158455243e-01	1.819700858609984e-01
689	1.642037713806573e-01	1.659586907437560e-01
700	1.500705223996515e-01	1.513561248436208e-01
711	1.453799650779386e-01	1.479108388168208e-01
722	1.306312265549712e-01	1.318256738556407e-01
744	1.265773673530922e-01	1.288249551693134e-01
755	1.229984312529587e-01	1.230268770812381e-01
777	1.169816498301128e-01	1.174897554939529e-01
788	1.072813771375279e-01	1.096478196143185e-01
799	1.048501794283753e-01	1.071519305237607e-01
810	1.023698164604057e-01	1.047128548050900e-01
821	8.791926846691056e-02	8.912509381337455e-02
832	8.617447128991884e-02	8.709635899560805e-02
843	8.410283811661257e-02	8.511380382023763e-02
854	8.238470468441117e-02	8.317637711026708e-02
865	8.070817306983402e-02	8.128305161640990e-02
876	7.637667064014952e-02	7.762471166286916e-02
887	7.469352724992295e-02	7.585775750291836e-02
898	6.716173532383540e-02	6.760829753919818e-02
909	6.515354532489848e-02	6.606934480075961e-02
920	5.681142249230098e-02	5.754399373371569e-02
931	5.373292739748825e-02	5.495408738576246e-02
942	5.165732834967407e-02	5.248074602497726e-02
964	4.951307351480161e-02	5.011872336272722e-02
986	4.498140207605772e-02	4.570881896148749e-02
997	4.465084107389794e-02	4.466835921509630e-02
1052	4.362853384988641e-02	4.365158322401658e-02
1184	4.226875804661634e-02	4.265795188015926e-02
1833	4.168681736702817e-02	4.168693834703355e-02
2075	4.058771461507504e-02	4.073802778041128e-02
2152	3.980518088018259e-02	3.981071705534973e-02
2208	3.615539282861679e-02	3.630780547701014e-02
2274	3.546735402165713e-02	3.548133892335755e-02
67584	3.430418893980136e-02	3.467368504525317e-02
67712	3.364954384296581e-02	3.388441561392026e-02
67832	3.297398397191709e-02	3.311311214825911e-02
95453	3.185535756526114e-02	3.235936569296283e-02
96153	3.144565662582743e-02	3.162277660168379e-02
97693	3.085143385262801e-02	3.090295432513590e-02
141846	2.716322481936151e-02	2.754228703338166e-02
141847	2.667597941576449e-02	2.691534803926915e-02
153590	2.576038335319308e-02	2.630267991895381e-02
153842	2.550377668390336e-02	2.570395782768863e-02
500000	2.539185919664200e-02	2.570395782768863e-02
