%
% index = 2130, name = bbob_f008_i02_d05__bbob_f020_i04_d05
% instance = 1, reference value = 9.983421237857510e-01
% function evaluation | indicator value | target hit
1	6.132360651745392e+00	6.165950018614822e+00
27	5.999117859944269e+00	6.025595860743578e+00
28	5.868192130626451e+00	5.888436553555890e+00
29	5.613214690970576e+00	5.623413251903491e+00
40	5.034900178482905e+00	5.128613839913648e+00
51	4.301899605231144e+00	4.365158322401660e+00
62	3.664049054788536e+00	3.715352290971725e+00
73	3.112364084810251e+00	3.162277660168380e+00
84	2.629566160527251e+00	2.630267991895382e+00
95	2.208872965307251e+00	2.238721138568339e+00
106	1.844631557082751e+00	1.862087136662868e+00
117	1.531911803935751e+00	1.548816618912481e+00
128	1.266541624689751e+00	1.288249551693134e+00
139	1.045349557739251e+00	1.047128548050900e+00
150	8.829822734055023e-01	8.912509381337456e-01
161	7.572638098774495e-01	7.585775750291838e-01
172	6.442146138940474e-01	6.456542290346555e-01
183	5.430821617969036e-01	5.495408738576245e-01
194	4.542717277869142e-01	4.570881896148750e-01
205	3.775080425233778e-01	3.801893963205612e-01
216	3.131974850272151e-01	3.162277660168379e-01
227	2.622716467790640e-01	2.630267991895382e-01
238	2.228675676900600e-01	2.238721138568339e-01
249	1.889335732667219e-01	1.905460717963247e-01
260	1.751307530874918e-01	1.778279410038923e-01
271	1.614785592371862e-01	1.621810097358930e-01
282	1.468950174652085e-01	1.479108388168208e-01
293	1.327100753161243e-01	1.348962882591654e-01
304	1.237443625695329e-01	1.258925411794167e-01
315	1.177356517716046e-01	1.202264434617413e-01
326	1.117039718817145e-01	1.122018454301964e-01
337	9.393960657235645e-02	9.549925860214359e-02
348	7.598596364530519e-02	7.762471166286916e-02
359	6.743365520895761e-02	6.760829753919818e-02
370	5.880441274279946e-02	5.888436553555890e-02
381	4.359667680671309e-02	4.365158322401658e-02
392	3.745438741515705e-02	3.801893963205612e-02
403	3.607326234739294e-02	3.630780547701014e-02
414	3.534249318961047e-02	3.548133892335755e-02
1303	3.465035002075778e-02	3.467368504525317e-02
25056	3.382746020562566e-02	3.388441561392026e-02
25078	3.128200702010508e-02	3.162277660168379e-02
25089	2.953404148935168e-02	3.019951720402016e-02
25101	2.899494335795794e-02	2.951209226666385e-02
25112	2.871543650324637e-02	2.884031503126606e-02
30663	2.813060171423287e-02	2.818382931264454e-02
38019	2.719591252743414e-02	2.754228703338166e-02
38041	2.656628030935548e-02	2.691534803926915e-02
41725	2.621643889536573e-02	2.630267991895381e-02
41892	2.567219674962795e-02	2.570395782768863e-02
42001	2.501124964442913e-02	2.511886431509579e-02
42145	2.391532143831132e-02	2.398832919019490e-02
42404	2.272769054527990e-02	2.290867652767773e-02
42432	2.233347895108018e-02	2.238721138568340e-02
42433	2.165566196415680e-02	2.187761623949553e-02
43351	1.918647436656240e-02	1.949844599758046e-02
43362	1.715658451421154e-02	1.737800828749375e-02
43500	1.655446107711545e-02	1.659586907437561e-02
49300	1.563504941925764e-02	1.584893192461113e-02
49490	1.387993610176774e-02	1.412537544622754e-02
49749	1.104743673110820e-02	1.122018454301964e-02
50080	9.528019470630200e-03	9.549925860214359e-03
50105	9.315926532432406e-03	9.332543007969915e-03
50106	9.113577370036485e-03	9.120108393559097e-03
50107	8.737992273728845e-03	8.912509381337459e-03
50151	8.581806027910588e-03	8.709635899560805e-03
53180	6.956673519981083e-03	7.079457843841380e-03
53356	4.702063268761658e-03	4.786300923226385e-03
53524	3.451821618970619e-03	3.467368504525317e-03
53672	2.720103981110777e-03	2.754228703338166e-03
53855	2.043525905370158e-03	2.089296130854039e-03
53879	2.040955674725953e-03	2.041737944669530e-03
54037	1.427393486738593e-03	1.445439770745928e-03
54273	9.035493449458532e-04	9.120108393559096e-04
54564	6.341690469841010e-04	6.456542290346556e-04
54590	6.294222879859035e-04	6.309573444801930e-04
54877	5.863949612553432e-04	5.888436553555889e-04
54904	5.682744530844941e-04	5.754399373371566e-04
54959	5.588504214280032e-04	5.623413251903491e-04
62243	5.485509763828444e-04	5.495408738576248e-04
119966	5.315371874006214e-04	5.370317963702527e-04
119967	5.247781248954864e-04	5.248074602497728e-04
121819	5.126783414539648e-04	5.128613839913648e-04
129511	5.009057508909009e-04	5.011872336272725e-04
129696	4.881549737758561e-04	4.897788193684461e-04
149033	4.781821155600552e-04	4.786300923226385e-04
149535	4.651424475795585e-04	4.677351412871981e-04
150061	4.498623263075041e-04	4.570881896148752e-04
150192	4.441665524440586e-04	4.466835921509630e-04
220510	4.363128965327867e-04	4.365158322401661e-04
238996	4.264686423796071e-04	4.265795188015926e-04
239295	4.047042125290279e-04	4.073802778041126e-04
322948	3.916605732393608e-04	3.981071705534974e-04
322981	3.886255848045694e-04	3.890451449942805e-04
325021	3.797045722639947e-04	3.801893963205612e-04
325798	3.714990850961497e-04	3.715352290971724e-04
326685	3.622156863517523e-04	3.630780547701014e-04
326707	3.533319198086859e-04	3.548133892335753e-04
326729	3.446811556421236e-04	3.467368504525317e-04
328965	3.388316268353453e-04	3.388441561392024e-04
330678	3.005505704619660e-04	3.019951720402016e-04
331407	2.791081989821365e-04	2.818382931264455e-04
331552	2.694418369746376e-04	2.754228703338166e-04
331695	2.608942052647611e-04	2.630267991895381e-04
331827	2.508005553745196e-04	2.511886431509580e-04
331962	2.438686408957613e-04	2.454708915685031e-04
332095	2.379622332396858e-04	2.398832919019490e-04
332463	2.301595337360629e-04	2.344228815319923e-04
333112	2.260046379215508e-04	2.290867652767772e-04
333254	2.220832842321219e-04	2.238721138568340e-04
333811	2.167713430942797e-04	2.187761623949552e-04
334097	2.130791409913346e-04	2.137962089502232e-04
334808	2.085479119909861e-04	2.089296130854039e-04
335192	2.040849126049293e-04	2.041737944669530e-04
335930	1.992844414350214e-04	1.995262314968879e-04
336419	1.948848237472989e-04	1.949844599758046e-04
337478	1.904116723046023e-04	1.905460717963246e-04
338205	1.858512583703398e-04	1.862087136662868e-04
339842	1.817751307944260e-04	1.819700858609983e-04
340826	1.777062066871116e-04	1.778279410038923e-04
341932	1.736058070854751e-04	1.737800828749376e-04
343836	1.696030636191281e-04	1.698243652461744e-04
347018	1.657902638794173e-04	1.659586907437562e-04
349035	1.619935741199452e-04	1.621810097358930e-04
353525	1.584643724064083e-04	1.584893192461114e-04
358683	1.548712269104913e-04	1.548816618912481e-04
365443	1.513024733987844e-04	1.513561248436209e-04
374025	1.478842696120974e-04	1.479108388168207e-04
388219	1.445361894688579e-04	1.445439770745928e-04
407312	1.412523733388404e-04	1.412537544622754e-04
445110	1.380381716831192e-04	1.380384264602885e-04
491804	1.215469138855507e-04	1.230268770812381e-04
491961	4.410664247134211e-05	4.466835921509635e-05
492110	3.934596773058630e-05	3.981071705534969e-05
500000	3.905280044458337e-05	3.981071705534969e-05
%
% index = 2131, name = bbob_f008_i03_d05__bbob_f020_i05_d05
% instance = 2, reference value = 9.896479536559750e-01
% function evaluation | indicator value | target hit
1	1.068296614143975e+00	1.071519305237606e+00
28	1.032019717275975e+00	1.047128548050900e+00
29	9.967819271104750e-01	1.000000000000000e+00
40	9.632765180699321e-01	9.772372209558107e-01
51	9.166056178457275e-01	9.332543007969910e-01
62	8.646518384701485e-01	8.709635899560807e-01
73	8.092659063024162e-01	8.128305161640993e-01
84	7.520342528898498e-01	7.585775750291838e-01
95	6.942985542283795e-01	7.079457843841379e-01
106	6.371769299126517e-01	6.456542290346555e-01
117	5.815869219650163e-01	5.888436553555889e-01
128	5.282679704002167e-01	5.370317963702527e-01
139	4.778002081417216e-01	4.786300923226383e-01
150	4.306181925548425e-01	4.365158322401660e-01
161	3.870216377070212e-01	3.890451449942806e-01
172	3.471874813465661e-01	3.548133892335755e-01
183	3.111866736884720e-01	3.162277660168379e-01
194	2.790059002937376e-01	2.818382931264454e-01
205	2.505708622573681e-01	2.511886431509580e-01
216	2.257642548236507e-01	2.290867652767773e-01
227	2.044316508377325e-01	2.089296130854039e-01
238	1.863780831044370e-01	1.905460717963247e-01
249	1.710924989280438e-01	1.737800828749375e-01
260	1.578905020754581e-01	1.584893192461113e-01
271	1.466998302369803e-01	1.479108388168208e-01
282	1.375064370189807e-01	1.380384264602885e-01
293	1.301632808499568e-01	1.318256738556407e-01
304	1.237271344793573e-01	1.258925411794167e-01
315	1.179300590586311e-01	1.202264434617413e-01
326	1.127392448333443e-01	1.148153621496883e-01
337	1.081529515255052e-01	1.096478196143185e-01
348	1.040752830687147e-01	1.047128548050900e-01
359	1.003942766858523e-01	1.023292992280754e-01
370	9.697490961611732e-02	9.772372209558107e-02
381	9.372975874333345e-02	9.549925860214359e-02
392	9.210544708645196e-02	9.332543007969910e-02
447	8.986770538847388e-02	9.120108393559097e-02
513	8.851377467627830e-02	8.912509381337455e-02
667	8.628249602463900e-02	8.709635899560805e-02
810	8.423945855837078e-02	8.511380382023763e-02
3122	8.183955111431884e-02	8.317637711026708e-02
3492	7.888554343638010e-02	7.943282347242814e-02
3800	7.341183206644852e-02	7.413102413009177e-02
4141	6.407994779963955e-02	6.456542290346556e-02
4473	5.598921177454108e-02	5.623413251903491e-02
4829	4.972537632583107e-02	5.011872336272722e-02
5041	4.495826086443622e-02	4.570881896148749e-02
5221	4.141114762417131e-02	4.168693834703355e-02
5566	3.884222869338461e-02	3.890451449942807e-02
5890	3.703395616241367e-02	3.715352290971726e-02
6203	3.579856058245456e-02	3.630780547701014e-02
6461	3.498291609412307e-02	3.548133892335755e-02
6829	3.446447197305125e-02	3.467368504525317e-02
7858	3.385582157428990e-02	3.388441561392026e-02
58520	2.700823477095371e-02	2.754228703338166e-02
58872	1.645646263381639e-02	1.659586907437561e-02
59611	8.226971391412596e-03	8.317637711026709e-03
60011	3.256627067700357e-03	3.311311214825911e-03
60645	1.370796175965028e-03	1.380384264602885e-03
61260	1.341094656585939e-03	1.348962882591653e-03
127407	1.316400240184312e-03	1.318256738556408e-03
127616	1.286843100119284e-03	1.288249551693134e-03
128558	1.256399281332810e-03	1.258925411794167e-03
128789	1.228682158172845e-03	1.230268770812381e-03
129984	1.190903412778055e-03	1.202264434617413e-03
130017	1.163071587975573e-03	1.174897554939529e-03
130105	1.141579218516209e-03	1.148153621496883e-03
131421	1.121455193539345e-03	1.122018454301963e-03
131586	1.084301101816343e-03	1.096478196143185e-03
131718	1.063238450578874e-03	1.071519305237606e-03
132290	1.043235304620915e-03	1.047128548050900e-03
133705	1.022402310532300e-03	1.023292992280754e-03
133991	9.952335330634110e-04	1.000000000000000e-03
138603	9.720564693278533e-04	9.772372209558111e-04
138614	9.519423622811329e-04	9.549925860214359e-04
140018	9.286898597775650e-04	9.332543007969915e-04
140913	8.612975569107784e-04	8.709635899560805e-04
141211	8.011147425300846e-04	8.128305161640995e-04
141387	7.436398186624338e-04	7.585775750291835e-04
142397	7.033379260883432e-04	7.079457843841380e-04
142740	6.719041241262103e-04	6.760829753919819e-04
142927	6.377778268041867e-04	6.456542290346556e-04
143149	6.099666462259234e-04	6.165950018614823e-04
143371	5.854112689632762e-04	5.888436553555889e-04
143690	5.633822366177821e-04	5.754399373371566e-04
143923	5.619400898941862e-04	5.623413251903491e-04
144667	5.441699307877634e-04	5.495408738576248e-04
144931	5.282609494171586e-04	5.370317963702527e-04
145215	5.129615864072345e-04	5.248074602497728e-04
145521	4.982003629130372e-04	5.011872336272725e-04
145618	4.841130000475813e-04	4.897788193684461e-04
145714	4.701146404094692e-04	4.786300923226385e-04
145944	4.561831382926540e-04	4.570881896148752e-04
146206	4.425715458254986e-04	4.466835921509630e-04
146468	4.296021418925822e-04	4.365158322401661e-04
147093	4.196967483780512e-04	4.265795188015926e-04
147324	4.103772428157848e-04	4.168693834703355e-04
147478	4.038306290977678e-04	4.073802778041126e-04
148348	3.911840891525076e-04	3.981071705534974e-04
148489	3.819059568895833e-04	3.890451449942805e-04
148711	3.733986469897088e-04	3.801893963205612e-04
148898	3.656535003460082e-04	3.715352290971724e-04
149271	3.564720308285585e-04	3.630780547701014e-04
149469	3.501884564154345e-04	3.548133892335753e-04
149634	3.440865917456737e-04	3.467368504525317e-04
150337	3.369635488988942e-04	3.388441561392024e-04
150577	3.309035107859071e-04	3.311311214825911e-04
150964	3.204388678089698e-04	3.235936569296281e-04
151933	3.158840733663570e-04	3.162277660168379e-04
152290	3.081093389051270e-04	3.090295432513592e-04
152624	3.004921888862810e-04	3.019951720402016e-04
152992	2.931407171125056e-04	2.951209226666387e-04
153226	2.861076634440574e-04	2.884031503126605e-04
153515	2.791915766335862e-04	2.818382931264455e-04
153692	2.723292176254333e-04	2.754228703338166e-04
154233	2.679136793595216e-04	2.691534803926917e-04
154501	2.611864526655960e-04	2.630267991895381e-04
154931	2.541533317679256e-04	2.570395782768865e-04
155095	2.510156559200061e-04	2.511886431509580e-04
156191	2.444726061338054e-04	2.454708915685031e-04
156917	2.394500187214987e-04	2.398832919019490e-04
157579	2.336124051385280e-04	2.344228815319923e-04
158149	2.277327987518785e-04	2.290867652767772e-04
158408	2.234736352217936e-04	2.238721138568340e-04
158697	2.177521521034009e-04	2.187761623949552e-04
159266	2.131357669273859e-04	2.137962089502232e-04
160182	2.077380571321452e-04	2.089296130854039e-04
161427	2.030064621771910e-04	2.041737944669530e-04
162019	1.993046134378673e-04	1.995262314968879e-04
162362	1.947807188009687e-04	1.949844599758046e-04
162927	1.894983132294525e-04	1.905460717963246e-04
163149	1.860204003402144e-04	1.862087136662868e-04
164137	1.815912433127398e-04	1.819700858609983e-04
165266	1.774302311502440e-04	1.778279410038923e-04
165750	1.735869318554295e-04	1.737800828749376e-04
166228	1.689283457722013e-04	1.698243652461744e-04
166809	1.653777439056814e-04	1.659586907437562e-04
167359	1.618497992833534e-04	1.621810097358930e-04
167899	1.584285068607638e-04	1.584893192461114e-04
168240	1.547502099681353e-04	1.548816618912481e-04
168894	1.505204681012673e-04	1.513561248436209e-04
169308	1.471603645247788e-04	1.479108388168207e-04
169866	1.438915401155150e-04	1.445439770745928e-04
171315	1.408704225573931e-04	1.412537544622754e-04
172019	1.378291758910022e-04	1.380384264602885e-04
172837	1.346933318044918e-04	1.348962882591653e-04
173503	1.317939765050902e-04	1.318256738556407e-04
173947	1.286597408879375e-04	1.288249551693134e-04
174428	1.256911093374669e-04	1.258925411794167e-04
175837	1.229280410807165e-04	1.230268770812381e-04
177340	1.199191799848842e-04	1.202264434617413e-04
178657	1.171505818393648e-04	1.174897554939529e-04
179411	1.145035505807357e-04	1.148153621496883e-04
179752	1.121656350961953e-04	1.122018454301963e-04
180549	1.094254003630724e-04	1.096478196143185e-04
182106	1.068762466623907e-04	1.071519305237606e-04
184117	1.045547571233429e-04	1.047128548050900e-04
185192	1.021375902879873e-04	1.023292992280754e-04
185950	9.982007744613330e-05	1.000000000000000e-04
186749	9.758256654301967e-05	9.772372209558111e-05
187328	9.544042180653634e-05	9.549925860214369e-05
188144	9.326445565627228e-05	9.332543007969905e-05
188769	9.119490997921975e-05	9.120108393559096e-05
189772	8.898249224886801e-05	8.912509381337459e-05
190733	8.701119184673090e-05	8.709635899560814e-05
192423	8.508530590511931e-05	8.511380382023759e-05
193617	8.303516648366926e-05	8.317637711026709e-05
194637	8.120634158703677e-05	8.128305161640995e-05
195426	7.938118992445453e-05	7.943282347242822e-05
196238	7.754757324895944e-05	7.762471166286911e-05
197396	7.582758254187638e-05	7.585775750291836e-05
198992	7.405037120888913e-05	7.413102413009176e-05
200613	7.237728202924565e-05	7.244359600749906e-05
201495	7.079127513309746e-05	7.079457843841373e-05
203145	6.912264099256937e-05	6.918309709189363e-05
204293	6.755773407352006e-05	6.760829753919819e-05
206043	6.605174406160153e-05	6.606934480075965e-05
208793	6.455856078335653e-05	6.456542290346549e-05
210402	6.306524255328405e-05	6.309573444801929e-05
211688	6.163161309979959e-05	6.165950018614822e-05
212558	6.023081757455806e-05	6.025595860743581e-05
213091	5.884154078128478e-05	5.888436553555884e-05
213712	5.749320547854264e-05	5.754399373371566e-05
214756	5.620190135535719e-05	5.623413251903491e-05
217543	5.491702663984466e-05	5.495408738576248e-05
220036	5.369479699024460e-05	5.370317963702532e-05
221503	5.245003889997601e-05	5.248074602497723e-05
222596	5.128073322635540e-05	5.128613839913648e-05
224668	5.010332507726645e-05	5.011872336272725e-05
227137	4.897379273127722e-05	4.897788193684466e-05
229537	4.784688711489959e-05	4.786300923226380e-05
231138	4.676296061545404e-05	4.677351412871981e-05
232693	4.569049867442221e-05	4.570881896148752e-05
236128	4.466383598178414e-05	4.466835921509635e-05
238312	4.364532811973465e-05	4.365158322401657e-05
239409	4.264877070969675e-05	4.265795188015926e-05
240925	4.168150705630147e-05	4.168693834703355e-05
241835	4.073311612229347e-05	4.073802778041130e-05
242798	3.979793443320556e-05	3.981071705534969e-05
246308	3.890145099971765e-05	3.890451449942805e-05
250225	3.801587490770419e-05	3.801893963205612e-05
252537	3.715055530606470e-05	3.715352290971728e-05
256375	3.630136353061086e-05	3.630780547701010e-05
260926	3.547610969312220e-05	3.548133892335753e-05
264051	3.466999641721369e-05	3.467368504525317e-05
267874	3.388193734699119e-05	3.388441561392028e-05
271727	3.311077287504460e-05	3.311311214825908e-05
272861	3.235740030771428e-05	3.235936569296281e-05
274233	3.161981021326810e-05	3.162277660168380e-05
279345	3.090214505641065e-05	3.090295432513592e-05
283828	3.019760985911724e-05	3.019951720402019e-05
288888	2.951141437690374e-05	2.951209226666384e-05
294320	2.883960083843728e-05	2.884031503126606e-05
300923	2.818323169795356e-05	2.818382931264455e-05
303927	2.754166081520015e-05	2.754228703338169e-05
307618	2.691514370500858e-05	2.691534803926914e-05
315522	2.630233337819199e-05	2.630267991895381e-05
324848	2.570375613275555e-05	2.570395782768864e-05
333645	2.511877967525944e-05	2.511886431509582e-05
346337	2.454697976927989e-05	2.454708915685029e-05
451265	2.286390145811446e-05	2.290867652767775e-05
453551	2.012512633386976e-05	2.041737944669527e-05
453574	1.784838311114090e-05	1.819700858609983e-05
457181	1.776956455157297e-05	1.778279410038923e-05
480693	1.700446433217095e-05	1.737800828749376e-05
480820	1.636231826718237e-05	1.659586907437560e-05
480950	1.595744783056130e-05	1.621810097358930e-05
485848	1.584678619659385e-05	1.584893192461114e-05
500000	1.584650603225768e-05	1.584893192461114e-05
%
% index = 2132, name = bbob_f008_i07_d05__bbob_f020_i08_d05
% instance = 3, reference value = 9.990184329159980e-01
% function evaluation | indicator value | target hit
1	3.170998008802498e+00	3.235936569296283e+00
25	3.158714934988998e+00	3.162277660168380e+00
28	3.073808619703998e+00	3.090295432513591e+00
29	2.979049143170498e+00	3.019951720402016e+00
40	2.760312016351998e+00	2.818382931264454e+00
51	2.473503507581998e+00	2.511886431509580e+00
62	2.211429019622998e+00	2.238721138568339e+00
73	1.972355272636498e+00	1.995262314968880e+00
84	1.754728014878498e+00	1.778279410038923e+00
95	1.557074671209498e+00	1.584893192461114e+00
106	1.378001585654498e+00	1.380384264602885e+00
117	1.215992744921998e+00	1.230268770812382e+00
128	1.068249227666998e+00	1.071519305237606e+00
139	9.366145949470888e-01	9.549925860214360e-01
150	8.170410270866645e-01	8.317637711026710e-01
161	7.066656700673991e-01	7.079457843841379e-01
172	6.067119839554875e-01	6.165950018614822e-01
183	5.185362162945913e-01	5.248074602497725e-01
194	4.417310648331170e-01	4.466835921509631e-01
205	3.740800478617334e-01	3.801893963205612e-01
216	3.152700507372002e-01	3.162277660168379e-01
227	2.652613958438527e-01	2.691534803926916e-01
238	2.594995080606767e-01	2.630267991895382e-01
249	2.402645472880458e-01	2.454708915685030e-01
260	2.221822992013093e-01	2.238721138568339e-01
271	2.083535803600636e-01	2.089296130854039e-01
282	1.816868867756627e-01	1.819700858609984e-01
315	1.766264216447847e-01	1.778279410038923e-01
370	1.735209779401384e-01	1.737800828749375e-01
425	1.676677709484642e-01	1.698243652461744e-01
436	1.629979820232291e-01	1.659586907437560e-01
447	1.614998023032248e-01	1.621810097358930e-01
469	1.554415328343642e-01	1.584893192461113e-01
480	1.475846456989163e-01	1.479108388168208e-01
491	1.296848447022435e-01	1.318256738556407e-01
502	1.246595393975786e-01	1.258925411794167e-01
513	1.170973901916318e-01	1.174897554939529e-01
524	1.028254701120632e-01	1.047128548050900e-01
535	9.522934378614634e-02	9.549925860214359e-02
546	8.088514248083767e-02	8.128305161640990e-02
557	7.494477829263257e-02	7.585775750291836e-02
568	6.974077296729420e-02	7.079457843841380e-02
579	6.536838552135793e-02	6.606934480075961e-02
590	5.559963078758390e-02	5.623413251903491e-02
601	5.161523900414899e-02	5.248074602497726e-02
612	4.803142153409501e-02	4.897788193684462e-02
623	3.887286610364427e-02	3.890451449942807e-02
634	3.570418099769002e-02	3.630780547701014e-02
645	3.278168075956289e-02	3.311311214825911e-02
656	2.951172429831617e-02	2.951209226666385e-02
667	2.689361423506631e-02	2.691534803926915e-02
678	2.593166957079951e-02	2.630267991895381e-02
689	2.404833474250112e-02	2.454708915685030e-02
700	2.344054512136085e-02	2.344228815319923e-02
744	2.206496779252398e-02	2.238721138568340e-02
755	1.884602524506640e-02	1.905460717963247e-02
788	1.860041112326150e-02	1.862087136662868e-02
810	1.741374830273013e-02	1.778279410038923e-02
821	1.726304028933823e-02	1.737800828749375e-02
942	1.697773716199991e-02	1.698243652461744e-02
1019	1.528526566519639e-02	1.548816618912481e-02
1751	1.510960754347002e-02	1.513561248436208e-02
1960	1.468483220155969e-02	1.479108388168207e-02
2134	1.413795669731155e-02	1.445439770745927e-02
2310	1.310648789442947e-02	1.318256738556407e-02
2499	1.126899903270628e-02	1.148153621496883e-02
2756	8.323632574094186e-03	8.511380382023767e-03
2781	8.314107518913927e-03	8.317637711026709e-03
3059	5.880704811433435e-03	5.888436553555890e-03
4037	5.597455367890913e-03	5.623413251903491e-03
91088	4.608522845403806e-03	4.677351412871981e-03
91322	2.943902708763102e-03	2.951209226666387e-03
91557	1.656385743999844e-03	1.659586907437561e-03
91736	8.326677552427109e-04	8.511380382023768e-04
92042	3.960147223465160e-04	3.981071705534974e-04
92439	2.598684760861669e-04	2.630267991895381e-04
92509	2.569027805721102e-04	2.570395782768865e-04
93030	2.394671960488370e-04	2.398832919019490e-04
93687	2.278398671302639e-04	2.290867652767772e-04
94349	2.210774456216091e-04	2.238721138568340e-04
94880	2.159931841967389e-04	2.187761623949552e-04
95462	2.120730091493828e-04	2.137962089502232e-04
95981	2.089229316872832e-04	2.089296130854039e-04
96849	2.040811989955094e-04	2.041737944669530e-04
104633	1.994524882776849e-04	1.995262314968879e-04
105343	1.831727791722360e-04	1.862087136662868e-04
105982	1.819341774493832e-04	1.819700858609983e-04
136608	1.605302843192824e-04	1.621810097358930e-04
136822	1.437159063909510e-04	1.445439770745928e-04
136999	1.285534089441320e-04	1.288249551693134e-04
137890	1.166752893738687e-04	1.174897554939529e-04
138294	1.122578068064595e-04	1.148153621496883e-04
138514	1.080654242023860e-04	1.096478196143185e-04
138748	1.046228374314007e-04	1.047128548050900e-04
138990	1.006606157816226e-04	1.023292992280754e-04
139209	9.670764869917914e-05	9.772372209558111e-05
139362	9.297425663667980e-05	9.332543007969905e-05
139609	8.986783829700862e-05	9.120108393559096e-05
140395	8.656151654118371e-05	8.709635899560814e-05
140904	8.339956475178489e-05	8.511380382023759e-05
141406	8.128227599357718e-05	8.128305161640995e-05
141638	7.860902686318560e-05	7.943282347242822e-05
142129	7.612548951885234e-05	7.762471166286911e-05
142914	7.560897631331276e-05	7.585775750291836e-05
143212	7.361275246098309e-05	7.413102413009176e-05
143854	7.139680217782551e-05	7.244359600749906e-05
143994	7.036628651058141e-05	7.079457843841373e-05
144281	6.838894416916208e-05	6.918309709189363e-05
144499	6.742554550187574e-05	6.760829753919819e-05
144758	6.577216648528950e-05	6.606934480075965e-05
145117	6.434351233142177e-05	6.456542290346549e-05
145552	6.246406339160959e-05	6.309573444801929e-05
145707	6.158699204661389e-05	6.165950018614822e-05
146506	5.973733615105559e-05	6.025595860743581e-05
147096	5.825684929205988e-05	5.888436553555884e-05
147781	5.740858782832259e-05	5.754399373371566e-05
149606	5.604666385583545e-05	5.623413251903491e-05
150460	5.450743614676679e-05	5.495408738576248e-05
151668	5.326100686287027e-05	5.370317963702532e-05
152239	5.229423204433647e-05	5.248074602497723e-05
154545	5.124189380589783e-05	5.128613839913648e-05
155269	4.998688635737825e-05	5.011872336272725e-05
155989	4.885026683643101e-05	4.897788193684466e-05
156638	4.783172026290305e-05	4.786300923226380e-05
157436	4.655432214040189e-05	4.677351412871981e-05
158299	4.550329126640218e-05	4.570881896148752e-05
159453	4.465730241731691e-05	4.466835921509635e-05
162292	4.355782779841277e-05	4.365158322401657e-05
165062	4.263760011880002e-05	4.265795188015926e-05
166997	4.167624668938164e-05	4.168693834703355e-05
170527	4.069472327261625e-05	4.073802778041130e-05
174424	3.978650207747680e-05	3.981071705534969e-05
175871	3.886969759203662e-05	3.890451449942805e-05
177233	3.798973460777955e-05	3.801893963205612e-05
179390	3.710077842067339e-05	3.715352290971728e-05
183728	3.630490345585269e-05	3.630780547701010e-05
191945	3.546207795301903e-05	3.548133892335753e-05
199246	3.466937641460888e-05	3.467368504525317e-05
205248	3.387877921989801e-05	3.388441561392028e-05
208568	3.311143945405881e-05	3.311311214825908e-05
212682	3.235120868383401e-05	3.235936569296281e-05
228367	3.161693093323148e-05	3.162277660168380e-05
245384	3.090086566726047e-05	3.090295432513592e-05
250069	3.019780885016310e-05	3.019951720402019e-05
267964	2.951131298778442e-05	2.951209226666384e-05
292848	2.883962631838877e-05	2.884031503126606e-05
330174	2.818380497315864e-05	2.818382931264455e-05
404552	2.727364584320657e-05	2.754228703338169e-05
432556	2.532598046911527e-05	2.570395782768864e-05
432567	2.379013372988403e-05	2.398832919019490e-05
432688	2.232299717463970e-05	2.238721138568338e-05
432809	1.990426661147016e-05	1.995262314968879e-05
455912	1.822210043556094e-05	1.862087136662866e-05
455956	1.812275163970423e-05	1.819700858609983e-05
500000	1.812223902597498e-05	1.819700858609983e-05
%
% index = 2133, name = bbob_f008_i09_d05__bbob_f020_i10_d05
% instance = 4, reference value = 9.996739435829600e-01
% function evaluation | indicator value | target hit
1	1.209179008525263e+02	1.230268770812381e+02
27	1.197134719086545e+02	1.202264434617413e+02
29	1.161490858364290e+02	1.174897554939529e+02
40	1.105672238631084e+02	1.122018454301963e+02
51	1.029766109077712e+02	1.047128548050900e+02
62	9.573413724287906e+01	9.772372209558107e+01
73	8.882971501718542e+01	8.912509381337455e+01
84	8.225227313060174e+01	8.317637711026708e+01
95	7.598896759741578e+01	7.762471166286916e+01
106	7.002630340183603e+01	7.079457843841381e+01
117	6.435231302306269e+01	6.456542290346556e+01
128	5.895812313299713e+01	6.025595860743578e+01
139	5.383772517674543e+01	5.495408738576246e+01
150	4.898619619059991e+01	5.011872336272722e+01
161	4.439779982824607e+01	4.466835921509630e+01
172	4.006538451376535e+01	4.073802778041128e+01
183	3.598139894704964e+01	3.630780547701014e+01
194	3.213959671935455e+01	3.235936569296283e+01
205	2.853607186576225e+01	2.884031503126606e+01
216	2.516882138515705e+01	2.570395782768863e+01
227	2.203600003816588e+01	2.238721138568340e+01
238	1.913409500630988e+01	1.949844599758045e+01
249	1.645787656463037e+01	1.659586907437561e+01
260	1.400203201472675e+01	1.412537544622754e+01
271	1.176228722057575e+01	1.202264434617413e+01
282	9.738176629123020e+00	9.772372209558107e+00
293	7.925632013650875e+00	7.943282347242816e+00
304	6.316833674335353e+00	6.456542290346556e+00
315	4.906088089499966e+00	5.011872336272722e+00
326	3.693455071314057e+00	3.715352290971725e+00
337	2.665101250844668e+00	2.691534803926916e+00
348	1.809709255429960e+00	1.819700858609983e+00
359	1.117011957023960e+00	1.122018454301963e+00
370	8.122150612928513e-01	8.128305161640993e-01
381	5.613169206526231e-01	5.623413251903491e-01
392	3.591716360949064e-01	3.630780547701014e-01
403	2.571847889919840e-01	2.630267991895382e-01
414	2.542440439453950e-01	2.570395782768864e-01
425	2.163784995056743e-01	2.187761623949552e-01
436	1.619052339239612e-01	1.621810097358930e-01
458	1.384118047970107e-01	1.412537544622754e-01
469	1.299770043337429e-01	1.318256738556407e-01
480	1.128467148511152e-01	1.148153621496883e-01
491	8.166149846388437e-02	8.317637711026708e-02
502	7.556623809274754e-02	7.585775750291836e-02
513	5.589447012717885e-02	5.623413251903491e-02
524	5.484771482647455e-02	5.495408738576246e-02
535	5.191517310569449e-02	5.248074602497726e-02
546	4.215012260483397e-02	4.265795188015926e-02
557	2.792949690091651e-02	2.818382931264454e-02
568	2.590324929119991e-02	2.630267991895381e-02
579	2.535577002033307e-02	2.570395782768863e-02
590	2.302828557771797e-02	2.344228815319923e-02
601	2.008672168741377e-02	2.041737944669529e-02
612	1.808824619287552e-02	1.819700858609984e-02
623	1.564487893544286e-02	1.584893192461113e-02
634	1.390710204955237e-02	1.412537544622754e-02
645	1.376503040318944e-02	1.380384264602885e-02
656	1.344563256542752e-02	1.348962882591653e-02
667	1.219075228057442e-02	1.230268770812382e-02
678	1.190337750156778e-02	1.202264434617413e-02
689	1.166973999072962e-02	1.174897554939530e-02
700	1.129515928960012e-02	1.148153621496883e-02
711	1.076902719209827e-02	1.096478196143185e-02
722	9.355889304922704e-03	9.549925860214359e-03
733	7.042312977108667e-03	7.079457843841380e-03
744	5.927266306802736e-03	6.025595860743574e-03
755	5.137449255860349e-03	5.248074602497728e-03
766	3.708133744836251e-03	3.715352290971724e-03
777	3.595733694109038e-03	3.630780547701014e-03
1542	3.514573831119305e-03	3.548133892335753e-03
1716	3.426732145083489e-03	3.467368504525317e-03
1903	3.254623640581933e-03	3.311311214825911e-03
2103	2.934127133755959e-03	2.951209226666387e-03
2391	2.439591997411839e-03	2.454708915685031e-03
3083	2.269710499866240e-03	2.290867652767772e-03
29293	2.177902797937059e-03	2.187761623949552e-03
38614	2.136271531196221e-03	2.137962089502233e-03
38781	1.965544636335581e-03	1.995262314968879e-03
39027	1.789750878556706e-03	1.819700858609983e-03
39321	1.721909451445236e-03	1.737800828749376e-03
39677	1.668018346587474e-03	1.698243652461744e-03
40089	1.632378992516226e-03	1.659586907437561e-03
40416	1.595809203978282e-03	1.621810097358930e-03
40742	1.565928399598571e-03	1.584893192461114e-03
41124	1.541669538671187e-03	1.548816618912481e-03
42044	1.511874607010966e-03	1.513561248436209e-03
78004	1.273189138303765e-03	1.288249551693134e-03
78027	1.252866102036343e-03	1.258925411794167e-03
78029	1.192664839185453e-03	1.202264434617413e-03
78030	1.122857490656659e-03	1.148153621496883e-03
78285	1.088644876662603e-03	1.096478196143185e-03
78740	1.070953415894582e-03	1.071519305237606e-03
280390	1.013242890040345e-03	1.023292992280754e-03
280556	9.305181877070634e-04	9.332543007969915e-04
280811	9.051508473240100e-04	9.120108393559096e-04
281356	8.911514252858410e-04	8.912509381337459e-04
289603	8.544798396322717e-04	8.709635899560805e-04
290226	7.353016044490124e-04	7.413102413009177e-04
290237	6.842895463239351e-04	6.918309709189362e-04
290292	6.718933459285426e-04	6.760829753919819e-04
316817	6.576374038173016e-04	6.606934480075957e-04
316819	6.400426041721641e-04	6.456542290346556e-04
316820	6.271040416105933e-04	6.309573444801930e-04
317360	6.152106623182885e-04	6.165950018614823e-04
500000	6.151000084991809e-04	6.165950018614823e-04
%
% index = 2134, name = bbob_f008_i11_d05__bbob_f020_i12_d05
% instance = 5, reference value = 9.998571379787200e-01
% function evaluation | indicator value | target hit
1	2.264338640931872e+01	2.290867652767773e+01
28	2.226244357322545e+01	2.238721138568340e+01
40	2.099130957569107e+01	2.137962089502232e+01
51	1.976158696754822e+01	1.995262314968880e+01
62	1.857255106041972e+01	1.862087136662868e+01
73	1.742120902535422e+01	1.778279410038923e+01
84	1.630752621729922e+01	1.659586907437561e+01
95	1.522898777665272e+01	1.548816618912481e+01
106	1.418461592971822e+01	1.445439770745927e+01
117	1.317465965451522e+01	1.318256738556407e+01
128	1.219993207324022e+01	1.230268770812382e+01
139	1.126112386422422e+01	1.148153621496883e+01
150	1.035815893432772e+01	1.047128548050900e+01
161	9.490158663114720e+00	9.549925860214358e+00
172	8.656476402722721e+00	8.709635899560805e+00
183	7.857371672514219e+00	7.943282347242816e+00
194	7.093725575152220e+00	7.244359600749901e+00
205	6.366602244201720e+00	6.456542290346556e+00
216	5.676267819235720e+00	5.754399373371569e+00
227	5.022162776032220e+00	5.128613839913648e+00
238	4.404323604317719e+00	4.466835921509632e+00
249	3.824052706827720e+00	3.890451449942806e+00
260	3.283347926862720e+00	3.311311214825911e+00
271	2.783433570600720e+00	2.818382931264454e+00
282	2.324426709485720e+00	2.344228815319922e+00
293	1.907035720757720e+00	1.949844599758045e+00
304	1.533597231188220e+00	1.548816618912481e+00
315	1.206078566894720e+00	1.230268770812382e+00
326	9.252272030891237e-01	9.332543007969910e-01
337	6.912824870655692e-01	6.918309709189365e-01
348	5.034218599032876e-01	5.128613839913648e-01
359	3.609505605382306e-01	3.630780547701014e-01
370	2.598774175336356e-01	2.630267991895382e-01
381	1.930946465292135e-01	1.949844599758045e-01
392	1.440012004866796e-01	1.445439770745928e-01
403	1.036439283184535e-01	1.047128548050900e-01
414	7.314005053017603e-02	7.413102413009177e-02
425	5.368124495014426e-02	5.370317963702527e-02
436	5.063072992013617e-02	5.128613839913648e-02
447	5.010721875586333e-02	5.011872336272722e-02
36786	4.893833347224685e-02	4.897788193684462e-02
36949	4.684286645497937e-02	4.786300923226382e-02
37087	4.451822398875749e-02	4.466835921509630e-02
37205	4.009048597677534e-02	4.073802778041128e-02
37325	3.209766064694064e-02	3.235936569296283e-02
37448	1.935235640532684e-02	1.949844599758046e-02
37617	4.964588782255031e-03	5.011872336272725e-03
37642	4.858657259543597e-03	4.897788193684461e-03
37821	6.793104455954380e-04	6.918309709189362e-04
37843	6.749950475453126e-04	6.760829753919819e-04
37846	6.463361214238406e-04	6.606934480075957e-04
37847	6.428687717324744e-04	6.456542290346556e-04
37859	5.904702007495377e-04	6.025595860743575e-04
37873	5.854550041911599e-04	5.888436553555889e-04
38334	5.448032468022834e-04	5.495408738576248e-04
38335	4.801622898022995e-04	4.897788193684461e-04
38361	4.382681637136177e-04	4.466835921509630e-04
41771	4.154779315793666e-04	4.168693834703355e-04
42078	3.312434924572782e-04	3.388441561392024e-04
42099	3.311123133127314e-04	3.311311214825911e-04
42357	2.727003678617557e-04	2.754228703338166e-04
42380	2.685980885803740e-04	2.691534803926917e-04
48046	2.628384604584921e-04	2.630267991895381e-04
54048	2.568359673950082e-04	2.570395782768865e-04
59715	2.511822428212795e-04	2.511886431509580e-04
231466	2.357211498262846e-04	2.398832919019490e-04
231510	2.341332516699879e-04	2.344228815319923e-04
266602	2.042048974594257e-04	2.089296130854039e-04
266621	2.041727291246520e-04	2.041737944669530e-04
266978	1.883517946554836e-04	1.905460717963246e-04
377281	1.768057008049162e-04	1.778279410038923e-04
420288	1.683337941484897e-04	1.698243652461744e-04
435226	9.005134428408113e-05	9.120108393559096e-05
435597	7.660200934078709e-05	7.762471166286911e-05
435619	7.560996081001914e-05	7.585775750291836e-05
435643	7.369587406602651e-05	7.413102413009176e-05
436280	7.233165809761299e-05	7.244359600749906e-05
500000	7.186831943106764e-05	7.244359600749906e-05
%
% index = 2135, name = bbob_f008_i13_d05__bbob_f020_i14_d05
% instance = 6, reference value = 9.942327854233870e-01
% function evaluation | indicator value | target hit
1	2.882565624844887e+00	2.884031503126606e+00
28	2.814770414963887e+00	2.818382931264454e+00
29	2.748146474101887e+00	2.754228703338166e+00
40	2.592864513455387e+00	2.630267991895382e+00
51	2.386219248023387e+00	2.398832919019490e+00
62	2.193962930429387e+00	2.238721138568339e+00
73	2.015352754121387e+00	2.041737944669529e+00
84	1.849804880656887e+00	1.862087136662868e+00
95	1.696776013568387e+00	1.698243652461744e+00
106	1.555636039247887e+00	1.584893192461114e+00
117	1.425714265978887e+00	1.445439770745927e+00
128	1.306485686107387e+00	1.318256738556407e+00
139	1.195101826623887e+00	1.202264434617413e+00
150	1.090468678275887e+00	1.096478196143185e+00
161	9.923466547191060e-01	1.000000000000000e+00
172	9.039705634141243e-01	9.120108393559098e-01
183	8.190497189026050e-01	8.317637711026710e-01
194	7.381904613032344e-01	7.413102413009175e-01
205	6.615441387130205e-01	6.760829753919817e-01
216	5.894110950643111e-01	6.025595860743578e-01
227	5.213036390531448e-01	5.248074602497725e-01
238	4.573824749234564e-01	4.677351412871982e-01
249	3.992485596823312e-01	4.073802778041127e-01
260	3.473926217746270e-01	3.548133892335755e-01
271	3.006791408002538e-01	3.019951720402016e-01
282	2.619824043061710e-01	2.630267991895382e-01
293	2.524583053784217e-01	2.570395782768864e-01
304	2.210796744465170e-01	2.238721138568339e-01
315	1.906546936416165e-01	1.949844599758045e-01
326	1.904738331480327e-01	1.905460717963247e-01
348	1.837842112334851e-01	1.862087136662867e-01
359	1.819137401990905e-01	1.819700858609984e-01
381	1.697057166637221e-01	1.698243652461744e-01
414	1.649297343326181e-01	1.659586907437560e-01
436	1.591389104036124e-01	1.621810097358930e-01
447	1.468306303076501e-01	1.479108388168208e-01
469	1.445158676872104e-01	1.445439770745928e-01
480	1.402599091879095e-01	1.412537544622754e-01
513	1.191336061095124e-01	1.202264434617413e-01
535	1.171873537739619e-01	1.174897554939529e-01
546	1.037458441420125e-01	1.047128548050900e-01
656	1.023109767058502e-01	1.023292992280754e-01
1555	9.914394227372025e-02	1.000000000000000e-01
1739	9.606749671443482e-02	9.772372209558107e-02
1981	9.012166538857791e-02	9.120108393559097e-02
2225	7.903725545756179e-02	7.943282347242814e-02
2493	5.991936203323622e-02	6.025595860743578e-02
2795	4.314868175024900e-02	4.365158322401658e-02
3020	3.014259608432879e-02	3.019951720402016e-02
3200	2.032862398211632e-02	2.041737944669529e-02
3380	1.313908807369624e-02	1.318256738556407e-02
3560	8.064908330267184e-03	8.128305161640995e-03
3739	4.665203152220632e-03	4.677351412871981e-03
3918	2.570846255906312e-03	2.630267991895381e-03
3953	2.570337331983863e-03	2.570395782768865e-03
4097	1.467605045579523e-03	1.479108388168207e-03
4321	1.079872012522132e-03	1.096478196143185e-03
4711	1.071334020678605e-03	1.071519305237606e-03
25498	1.040654618932546e-03	1.047128548050900e-03
25873	1.023042397879648e-03	1.023292992280754e-03
30538	9.946199960534363e-04	1.000000000000000e-03
103860	9.765541260998711e-04	9.772372209558111e-04
103904	9.534759880057697e-04	9.549925860214359e-04
103981	9.330645639615831e-04	9.332543007969915e-04
104898	8.867429978921537e-04	8.912509381337459e-04
105064	8.601104488823452e-04	8.709635899560805e-04
105243	8.432026291581574e-04	8.511380382023768e-04
105715	8.299166815194381e-04	8.317637711026709e-04
124154	8.106219074397458e-04	8.128305161640995e-04
124530	7.477846172728730e-04	7.585775750291835e-04
124696	7.060641400488121e-04	7.079457843841380e-04
124886	6.669290868587252e-04	6.760829753919819e-04
125066	6.338273328684307e-04	6.456542290346556e-04
125268	6.110005382625738e-04	6.165950018614823e-04
125614	5.991632265597291e-04	6.025595860743575e-04
134004	5.874580171273402e-04	5.888436553555889e-04
137083	5.747373054673099e-04	5.754399373371566e-04
137827	5.621400182820313e-04	5.623413251903491e-04
137904	5.486249218601413e-04	5.495408738576248e-04
139100	5.089662759486524e-04	5.128613839913648e-04
139267	4.966912756386721e-04	5.011872336272725e-04
139489	4.564419521209118e-04	4.570881896148752e-04
139655	4.050747398480770e-04	4.073802778041126e-04
139821	3.900776582784760e-04	3.981071705534974e-04
139976	3.484755744308510e-04	3.548133892335753e-04
140242	3.267381022645788e-04	3.311311214825911e-04
140419	3.195245861024043e-04	3.235936569296281e-04
140585	3.051206900823722e-04	3.090295432513592e-04
141302	2.986051521552957e-04	3.019951720402016e-04
141712	2.912561450333362e-04	2.951209226666387e-04
141867	2.875886140826234e-04	2.884031503126605e-04
142198	2.754983724512217e-04	2.818382931264455e-04
142407	2.710692674372517e-04	2.754228703338166e-04
142616	2.668726014248834e-04	2.691534803926917e-04
142836	2.622612330357432e-04	2.630267991895381e-04
143142	2.496928223607586e-04	2.511886431509580e-04
143295	2.386394826884297e-04	2.398832919019490e-04
143612	2.319372520221963e-04	2.344228815319923e-04
143920	2.215299198374820e-04	2.238721138568340e-04
144634	2.179408566760355e-04	2.187761623949552e-04
144787	2.083332089247714e-04	2.089296130854039e-04
145259	2.031468345897736e-04	2.041737944669530e-04
146039	1.983220779838701e-04	1.995262314968879e-04
146681	1.922852032794076e-04	1.949844599758046e-04
146867	1.893356735556129e-04	1.905460717963246e-04
147526	1.810168542013546e-04	1.819700858609983e-04
147656	1.747311818334207e-04	1.778279410038923e-04
147786	1.715630803132973e-04	1.737800828749376e-04
148081	1.697323274210127e-04	1.698243652461744e-04
148724	1.627986794208169e-04	1.659586907437562e-04
148866	1.612672852534525e-04	1.621810097358930e-04
149007	1.575661868444822e-04	1.584893192461114e-04
150384	1.521574334754083e-04	1.548816618912481e-04
150689	1.508796526934475e-04	1.513561248436209e-04
151646	1.468385099484548e-04	1.479108388168207e-04
151926	1.435291378030223e-04	1.445439770745928e-04
152379	1.412405246211668e-04	1.412537544622754e-04
152681	1.375788177852000e-04	1.380384264602885e-04
152983	1.344629810703379e-04	1.348962882591653e-04
153632	1.292564477781699e-04	1.318256738556407e-04
153761	1.276568240939913e-04	1.288249551693134e-04
154186	1.234950099687770e-04	1.258925411794167e-04
154337	1.211415304859242e-04	1.230268770812381e-04
154684	1.196351889581893e-04	1.202264434617413e-04
154975	1.169959769490303e-04	1.174897554939529e-04
155484	1.139381746647627e-04	1.148153621496883e-04
157077	1.117257071719946e-04	1.122018454301963e-04
157881	1.096195538622391e-04	1.096478196143185e-04
158686	1.068076176843347e-04	1.071519305237606e-04
159085	1.040441176936024e-04	1.047128548050900e-04
159644	1.018742997501709e-04	1.023292992280754e-04
160018	9.958154987799173e-05	1.000000000000000e-04
160510	9.671581361325732e-05	9.772372209558111e-05
160616	9.520753006408977e-05	9.549925860214369e-05
161253	9.286868229796408e-05	9.332543007969905e-05
162148	9.069189464150362e-05	9.120108393559096e-05
162768	8.898594714590313e-05	8.912509381337459e-05
163590	8.678142465712302e-05	8.709635899560814e-05
164449	8.490752566370219e-05	8.511380382023759e-05
164800	8.278369975756039e-05	8.317637711026709e-05
165217	8.115135105113414e-05	8.128305161640995e-05
166041	7.935035402928392e-05	7.943282347242822e-05
167307	7.731163356317072e-05	7.762471166286911e-05
168509	7.572445190162647e-05	7.585775750291836e-05
169798	7.392506115500019e-05	7.413102413009176e-05
170925	7.235644207037595e-05	7.244359600749906e-05
171867	7.076558262597565e-05	7.079457843841373e-05
172554	6.909417492551029e-05	6.918309709189363e-05
173830	6.757799339907056e-05	6.760829753919819e-05
176162	6.570812194162112e-05	6.606934480075965e-05
176583	6.442199768852408e-05	6.456542290346549e-05
177442	6.300646395573928e-05	6.309573444801929e-05
178721	6.164098671002094e-05	6.165950018614822e-05
179854	6.010585241189581e-05	6.025595860743581e-05
181068	5.887668242188226e-05	5.888436553555884e-05
181924	5.752510020740065e-05	5.754399373371566e-05
183798	5.609297416386827e-05	5.623413251903491e-05
184998	5.474053532750212e-05	5.495408738576248e-05
186486	5.367330772731993e-05	5.370317963702532e-05
187735	5.242400936922298e-05	5.248074602497723e-05
189186	5.122871558937980e-05	5.128613839913648e-05
190378	5.005017825232549e-05	5.011872336272725e-05
192046	4.896642972218590e-05	4.897788193684466e-05
193564	4.781558902544614e-05	4.786300923226380e-05
194294	4.675842558232723e-05	4.677351412871981e-05
194887	4.569832970757748e-05	4.570881896148752e-05
195861	4.449658080085683e-05	4.466835921509635e-05
196612	4.357919895436879e-05	4.365158322401657e-05
198432	4.260573115688615e-05	4.265795188015926e-05
199084	4.159885992505163e-05	4.168693834703355e-05
200435	4.060371894509807e-05	4.073802778041130e-05
202042	3.978222367939654e-05	3.981071705534969e-05
203228	3.890096888103933e-05	3.890451449942805e-05
204677	3.798098579632647e-05	3.801893963205612e-05
206267	3.713170492269935e-05	3.715352290971728e-05
207528	3.626899324205013e-05	3.630780547701010e-05
209274	3.546553808686514e-05	3.548133892335753e-05
210795	3.464939595598793e-05	3.467368504525317e-05
212718	3.384281356466623e-05	3.388441561392028e-05
213642	3.302339129829246e-05	3.311311214825908e-05
214893	3.230983394186815e-05	3.235936569296281e-05
217014	3.159003335706512e-05	3.162277660168380e-05
218990	3.086667633822593e-05	3.090295432513592e-05
221983	3.017724764564633e-05	3.019951720402019e-05
223859	2.950886941288644e-05	2.951209226666384e-05
225994	2.883105433837407e-05	2.884031503126606e-05
227557	2.816757211565601e-05	2.818382931264455e-05
228305	2.751010468293735e-05	2.754228703338169e-05
229032	2.691466044035806e-05	2.691534803926914e-05
230395	2.628735808030136e-05	2.630267991895381e-05
231940	2.568392807389408e-05	2.570395782768864e-05
233427	2.511762564150199e-05	2.511886431509582e-05
235770	2.452515831041779e-05	2.454708915685029e-05
238915	2.396779754276768e-05	2.398832919019490e-05
240853	2.343974690388606e-05	2.344228815319923e-05
242557	2.290744438948611e-05	2.290867652767775e-05
243915	2.238433550305619e-05	2.238721138568338e-05
245498	2.187329370884061e-05	2.187761623949552e-05
248187	2.136144888531533e-05	2.137962089502232e-05
250347	2.088394421673190e-05	2.089296130854041e-05
252453	2.041662063412275e-05	2.041737944669527e-05
254088	1.993932873978199e-05	1.995262314968879e-05
256470	1.948375228344457e-05	1.949844599758046e-05
259000	1.905062261942092e-05	1.905460717963248e-05
261206	1.861855878115826e-05	1.862087136662866e-05
263269	1.819196411656510e-05	1.819700858609983e-05
264658	1.777989802120850e-05	1.778279410038923e-05
265677	1.737395147105580e-05	1.737800828749376e-05
267285	1.697925149080071e-05	1.698243652461746e-05
270111	1.659311340329594e-05	1.659586907437560e-05
273538	1.621743231650097e-05	1.621810097358930e-05
277481	1.584439403579108e-05	1.584893192461114e-05
278681	1.548603592338438e-05	1.548816618912483e-05
280316	1.513474741976495e-05	1.513561248436207e-05
281829	1.478847689195817e-05	1.479108388168207e-05
284625	1.445211363726440e-05	1.445439770745928e-05
287376	1.412452541937892e-05	1.412537544622755e-05
289286	1.380282032348301e-05	1.380384264602884e-05
292075	1.348860247751826e-05	1.348962882591653e-05
294900	1.317999001626546e-05	1.318256738556407e-05
296635	1.288139107902264e-05	1.288249551693135e-05
297895	1.258773577550443e-05	1.258925411794166e-05
298452	1.230244266814395e-05	1.230268770812381e-05
298571	1.202218950391298e-05	1.202264434617413e-05
299891	1.174814711657479e-05	1.174897554939530e-05
302031	1.148063436873237e-05	1.148153621496882e-05
306385	1.121941171700058e-05	1.122018454301963e-05
307726	1.096464305683220e-05	1.096478196143185e-05
308857	1.071475142511158e-05	1.071519305237607e-05
310794	1.046961565631666e-05	1.047128548050899e-05
313278	1.023200282423975e-05	1.023292992280754e-05
316410	9.999153458561949e-06	1.000000000000000e-05
319867	9.771306956340986e-06	9.772372209558111e-06
323230	9.549628317673253e-06	9.549925860214369e-06
324666	9.332418911545126e-06	9.332543007969906e-06
324964	9.119414841496365e-06	9.120108393559096e-06
325579	8.912005402095247e-06	8.912509381337459e-06
332110	8.709379728522038e-06	8.709635899560814e-06
333844	8.511006825751011e-06	8.511380382023760e-06
335445	8.317500181487247e-06	8.317637711026709e-06
338288	8.128129743267820e-06	8.128305161640995e-06
344459	7.942947464423256e-06	7.943282347242822e-06
350654	7.762425697444009e-06	7.762471166286911e-06
352825	7.585627339712353e-06	7.585775750291836e-06
354799	7.413046376303356e-06	7.413102413009177e-06
362902	7.244338944167872e-06	7.244359600749906e-06
500000	7.180288039143612e-06	7.244359600749906e-06
%
% index = 2136, name = bbob_f008_i15_d05__bbob_f020_i16_d05
% instance = 7, reference value = 9.758292782846600e-01
% function evaluation | indicator value | target hit
1	3.421053663561361e+01	3.467368504525317e+01
26	3.388281477410072e+01	3.388441561392025e+01
28	3.291401157268756e+01	3.311311214825911e+01
29	3.165535552492693e+01	3.235936569296283e+01
40	2.877277513196287e+01	2.884031503126606e+01
51	2.504957138079486e+01	2.511886431509580e+01
62	2.171578831383566e+01	2.187761623949553e+01
73	1.874304821773116e+01	1.905460717963247e+01
84	1.610357449606566e+01	1.621810097358930e+01
95	1.377075186384616e+01	1.380384264602885e+01
106	1.171914738706416e+01	1.174897554939530e+01
117	9.924725789726160e+00	1.000000000000000e+01
128	8.364634411164660e+00	8.511380382023766e+00
139	7.017015018872161e+00	7.079457843841379e+00
150	5.861202071859160e+00	5.888436553555890e+00
161	4.873666305395660e+00	4.897788193684462e+00
172	4.037531871905160e+00	4.073802778041127e+00
183	3.337764689643660e+00	3.388441561392026e+00
194	2.741660825662660e+00	2.754228703338166e+00
205	2.236023089186660e+00	2.238721138568339e+00
216	2.155469311331160e+00	2.187761623949553e+00
227	1.669928466257160e+00	1.698243652461744e+00
238	1.485024757420660e+00	1.513561248436208e+00
249	1.335109954694160e+00	1.348962882591654e+00
260	1.248336564370660e+00	1.258925411794167e+00
282	1.225172975022660e+00	1.230268770812382e+00
381	1.197171309514160e+00	1.202264434617413e+00
458	1.174817262797160e+00	1.174897554939530e+00
22943	1.129294962484160e+00	1.148153621496883e+00
22954	1.080865959661660e+00	1.096478196143185e+00
22965	9.858852391281601e-01	1.000000000000000e+00
22976	7.891098761181004e-01	7.943282347242815e-01
22999	7.644123428659571e-01	7.762471166286917e-01
27294	7.536594061849652e-01	7.585775750291838e-01
27564	7.226928982989205e-01	7.244359600749900e-01
27741	6.869456804904726e-01	6.918309709189365e-01
28046	6.383740352137213e-01	6.456542290346555e-01
28085	6.152572523716695e-01	6.165950018614822e-01
46952	5.935176654020029e-01	6.025595860743578e-01
46963	5.727962968890645e-01	5.754399373371569e-01
46986	5.264092710115190e-01	5.370317963702527e-01
46997	4.416966908020008e-01	4.466835921509631e-01
47043	3.777888051800037e-01	3.801893963205612e-01
47077	3.684821486277950e-01	3.715352290971726e-01
47088	3.585610656175077e-01	3.630780547701014e-01
47099	3.436956398828707e-01	3.467368504525316e-01
47133	3.267658902904583e-01	3.311311214825911e-01
47144	2.762197434738726e-01	2.818382931264454e-01
50731	2.700172151785035e-01	2.754228703338166e-01
50813	2.689254848771364e-01	2.691534803926916e-01
69488	2.553978580088282e-01	2.570395782768864e-01
69499	2.317593908330717e-01	2.344228815319922e-01
69510	1.990700035850266e-01	1.995262314968880e-01
72946	1.929326511190186e-01	1.949844599758045e-01
73379	1.904378324819249e-01	1.905460717963247e-01
83669	1.736504497936869e-01	1.737800828749375e-01
83716	1.627087627492273e-01	1.659586907437560e-01
83761	1.614437975441951e-01	1.621810097358930e-01
89700	1.577573411572871e-01	1.584893192461113e-01
92371	1.547386728461784e-01	1.548816618912481e-01
92695	1.499595429707931e-01	1.513561248436208e-01
94477	1.467497465454052e-01	1.479108388168208e-01
108307	1.426744543950251e-01	1.445439770745928e-01
108318	1.313158212033217e-01	1.318256738556407e-01
108329	1.263460774378066e-01	1.288249551693134e-01
108340	1.246493084546544e-01	1.258925411794167e-01
108351	1.228863361867013e-01	1.230268770812381e-01
127127	1.188964187755505e-01	1.202264434617413e-01
127138	1.094338988408275e-01	1.096478196143185e-01
144423	1.004152971312001e-01	1.023292992280754e-01
161993	9.982404436615866e-02	1.000000000000000e-01
162499	9.609967495852012e-02	9.772372209558107e-02
164428	9.539976786797755e-02	9.549925860214359e-02
183963	9.016072983509760e-02	9.120108393559097e-02
183974	7.883689506292246e-02	7.943282347242814e-02
204629	7.559944328658585e-02	7.585775750291836e-02
205206	7.008904942636351e-02	7.079457843841380e-02
205601	6.023211798367800e-02	6.025595860743578e-02
205846	5.112582687525014e-02	5.128613839913648e-02
206156	4.301175639263854e-02	4.365158322401658e-02
206500	3.611025100898813e-02	3.630780547701014e-02
206800	3.062919238865780e-02	3.090295432513590e-02
207023	2.673830278500833e-02	2.691534803926915e-02
207236	2.453672053996425e-02	2.454708915685030e-02
231303	2.371214519796527e-02	2.398832919019490e-02
231338	2.342336669137812e-02	2.344228815319923e-02
231350	2.220296929202303e-02	2.238721138568340e-02
231362	2.187710325943959e-02	2.187761623949553e-02
231395	2.087760252574677e-02	2.089296130854040e-02
231406	1.999544980913759e-02	2.041737944669529e-02
231418	1.993781014751339e-02	1.995262314968880e-02
231429	1.899573826621181e-02	1.905460717963247e-02
231440	1.610345774102229e-02	1.621810097358930e-02
231441	1.515667457904690e-02	1.548816618912481e-02
231442	1.504205507673562e-02	1.513561248436208e-02
231475	1.471128766591612e-02	1.479108388168207e-02
231487	1.439580124433548e-02	1.445439770745927e-02
231498	1.400969859693313e-02	1.412537544622754e-02
231509	1.373862250922575e-02	1.380384264602885e-02
231520	1.328538078779218e-02	1.348962882591653e-02
231531	1.247418207105100e-02	1.258925411794167e-02
231542	1.090194914689224e-02	1.096478196143185e-02
231565	1.068952538795853e-02	1.071519305237606e-02
231576	9.835194163442473e-03	1.000000000000000e-02
231588	9.346665268065824e-03	9.549925860214359e-03
231589	9.328305240762780e-03	9.332543007969915e-03
231611	8.737660453349894e-03	8.912509381337459e-03
231622	6.531106680372933e-03	6.606934480075957e-03
231623	5.919291612734079e-03	6.025595860743574e-03
231624	5.844866403411864e-03	5.888436553555890e-03
231668	5.720924083660206e-03	5.754399373371567e-03
231679	5.330272848629192e-03	5.370317963702527e-03
231680	4.960703000785660e-03	5.011872336272725e-03
231692	4.885159866808042e-03	4.897788193684461e-03
231736	4.629063209630635e-03	4.677351412871981e-03
231737	4.429516721720317e-03	4.466835921509630e-03
245066	4.364735859889723e-03	4.365158322401661e-03
273125	4.156409074357881e-03	4.168693834703355e-03
273323	3.662117761184636e-03	3.715352290971724e-03
273477	2.711567269357951e-03	2.754228703338166e-03
380594	2.688615834030572e-03	2.691534803926917e-03
382855	2.577887087513830e-03	2.630267991895381e-03
462572	2.534166768165758e-03	2.570395782768865e-03
462594	2.507266689725673e-03	2.511886431509579e-03
500000	2.465137554727659e-03	2.511886431509579e-03
%
% index = 2137, name = bbob_f008_i17_d05__bbob_f020_i18_d05
% instance = 8, reference value = 9.992397531410731e-01
% function evaluation | indicator value | target hit
1	2.664678992263573e+00	2.691534803926916e+00
28	2.596860725913073e+00	2.630267991895382e+00
29	2.530568833107573e+00	2.570395782768863e+00
40	2.376462035108073e+00	2.398832919019490e+00
51	2.171716970733073e+00	2.187761623949553e+00
62	1.981746673338573e+00	1.995262314968880e+00
73	1.805712299875073e+00	1.819700858609983e+00
84	1.642812773736073e+00	1.659586907437561e+00
95	1.492283161366573e+00	1.513561248436208e+00
106	1.353241873576573e+00	1.380384264602885e+00
117	1.224813824915073e+00	1.230268770812382e+00
128	1.106364283356073e+00	1.122018454301963e+00
139	9.976398330971837e-01	1.000000000000000e+00
150	9.129290282598019e-01	9.332543007969910e-01
161	8.307258611121013e-01	8.317637711026710e-01
172	7.517310145694007e-01	7.585775750291838e-01
183	6.765021134010095e-01	6.918309709189365e-01
194	6.054531600493580e-01	6.165950018614822e-01
205	5.388724437189385e-01	5.495408738576245e-01
216	4.769615497474918e-01	4.786300923226383e-01
227	4.198603520962080e-01	4.265795188015927e-01
238	3.676329835053336e-01	3.715352290971726e-01
249	3.202413959391810e-01	3.235936569296283e-01
260	2.775543605000692e-01	2.818382931264454e-01
271	2.393907256762595e-01	2.398832919019490e-01
282	2.055447447852313e-01	2.089296130854039e-01
293	1.757735773789684e-01	1.778279410038923e-01
304	1.498062674211659e-01	1.513561248436208e-01
315	1.273847215579723e-01	1.288249551693134e-01
326	1.082621011748793e-01	1.096478196143185e-01
337	9.551562999770680e-02	9.772372209558107e-02
348	8.280200591950226e-02	8.317637711026708e-02
359	7.026552032692357e-02	7.079457843841380e-02
370	6.606392510602277e-02	6.606934480075961e-02
381	5.795791952435669e-02	5.888436553555890e-02
392	5.057770918574367e-02	5.128613839913648e-02
403	4.345446478887027e-02	4.365158322401658e-02
425	3.913793371183383e-02	3.981071705534973e-02
436	3.393177694541538e-02	3.467368504525317e-02
447	3.347052564136910e-02	3.388441561392026e-02
458	3.074576631332793e-02	3.090295432513590e-02
469	2.829279990832734e-02	2.884031503126606e-02
480	2.504280305082041e-02	2.511886431509579e-02
502	2.420459227826732e-02	2.454708915685030e-02
513	2.193417109895957e-02	2.238721138568340e-02
524	2.187394472037962e-02	2.187761623949553e-02
546	2.097145671508949e-02	2.137962089502233e-02
557	1.900194521926002e-02	1.905460717963247e-02
579	1.827202524186655e-02	1.862087136662868e-02
590	1.816311518950875e-02	1.819700858609984e-02
601	1.777061701187133e-02	1.778279410038923e-02
612	1.589081509466628e-02	1.621810097358930e-02
623	1.577130624276901e-02	1.584893192461113e-02
645	1.469385258665801e-02	1.479108388168207e-02
656	1.303354953289082e-02	1.318256738556407e-02
678	1.270618984008276e-02	1.288249551693134e-02
689	1.191185915876936e-02	1.202264434617413e-02
700	1.065317203429172e-02	1.071519305237606e-02
744	1.037215711817341e-02	1.047128548050900e-02
755	9.711837141135771e-03	9.772372209558112e-03
766	9.042040631321524e-03	9.120108393559097e-03
777	7.657032283479137e-03	7.762471166286920e-03
1259	7.574114627110218e-03	7.585775750291836e-03
1449	7.348906833333002e-03	7.413102413009177e-03
1547	7.053393726409452e-03	7.079457843841380e-03
1669	6.479188811752579e-03	6.606934480075957e-03
1781	5.403144473572596e-03	5.495408738576248e-03
1938	4.341331976611684e-03	4.365158322401661e-03
2073	3.402446685153326e-03	3.467368504525317e-03
2230	2.589163096866964e-03	2.630267991895381e-03
2440	1.903403617412702e-03	1.905460717963246e-03
2618	1.342584930287605e-03	1.348962882591653e-03
2850	9.010917875510449e-04	9.120108393559096e-04
3038	5.718350618832968e-04	5.754399373371566e-04
3259	3.454139520225885e-04	3.467368504525317e-04
3581	2.100575869975474e-04	2.137962089502232e-04
3852	1.519224893926641e-04	1.548816618912481e-04
4362	1.481843311741393e-04	1.513561248436209e-04
4385	1.477803944313072e-04	1.479108388168207e-04
4389	1.438052734114015e-04	1.445439770745928e-04
5008	1.400115285014047e-04	1.412537544622754e-04
6635	1.378343251440262e-04	1.380384264602885e-04
23368	1.347833441397439e-04	1.348962882591653e-04
23662	1.299988175024192e-04	1.318256738556407e-04
30680	1.284570792975392e-04	1.288249551693134e-04
30746	1.256805959017893e-04	1.258925411794167e-04
102401	1.202204061460099e-04	1.202264434617413e-04
120285	1.172594585866493e-04	1.174897554939529e-04
120296	1.146058333735267e-04	1.148153621496883e-04
122137	1.056334212513610e-04	1.071519305237606e-04
122311	9.848297394854377e-05	1.000000000000000e-04
122474	9.161926153822275e-05	9.332543007969905e-05
122626	8.484902712602160e-05	8.511380382023759e-05
122778	7.860323466979402e-05	7.943282347242822e-05
122964	7.251904561855760e-05	7.413102413009176e-05
123117	6.721901331152580e-05	6.760829753919819e-05
123304	6.215902232153958e-05	6.309573444801929e-05
123436	5.998319232403126e-05	6.025595860743581e-05
123788	5.824080210314886e-05	5.888436553555884e-05
123938	5.651222085067964e-05	5.754399373371566e-05
124077	5.479947085762493e-05	5.495408738576248e-05
124227	5.309335121816972e-05	5.370317963702532e-05
124322	5.141548992970701e-05	5.248074602497723e-05
124472	4.976178802928999e-05	5.011872336272725e-05
124600	4.814683354203986e-05	4.897788193684466e-05
124750	4.655236916695227e-05	4.677351412871981e-05
124834	4.501131921352819e-05	4.570881896148752e-05
124984	4.351056542850618e-05	4.365158322401657e-05
125091	4.207051643578819e-05	4.265795188015926e-05
125264	4.132846494397935e-05	4.168693834703355e-05
125542	3.992064759006375e-05	4.073802778041130e-05
125672	3.859480352419453e-05	3.890451449942805e-05
125835	3.732098823883145e-05	3.801893963205612e-05
125943	3.613922181100460e-05	3.630780547701010e-05
126118	3.500909900566729e-05	3.548133892335753e-05
126226	3.439046819420088e-05	3.467368504525317e-05
126638	3.366988512421010e-05	3.388441561392028e-05
126966	3.273875608833521e-05	3.311311214825908e-05
127048	3.231400982262045e-05	3.235936569296281e-05
127223	3.146667597653252e-05	3.162277660168380e-05
127398	3.062465014580518e-05	3.090295432513592e-05
127573	2.979094809718585e-05	3.019951720402019e-05
127655	2.937652729528839e-05	2.951209226666384e-05
127829	2.856056439803911e-05	2.884031503126606e-05
127922	2.815865167093978e-05	2.818382931264455e-05
128086	2.736425927163388e-05	2.754228703338169e-05
128228	2.658727072213374e-05	2.691534803926914e-05
128310	2.620485587478960e-05	2.630267991895381e-05
128511	2.570392297451818e-05	2.570395782768864e-05
128826	2.496059747392199e-05	2.511886431509582e-05
129014	2.424026038028160e-05	2.454708915685029e-05
129119	2.385473629273882e-05	2.398832919019490e-05
129609	2.315939500396880e-05	2.344228815319923e-05
129704	2.282212900805991e-05	2.290867652767775e-05
129971	2.224011007989635e-05	2.238721138568338e-05
130410	2.160743173784674e-05	2.187761623949552e-05
130560	2.130494909213798e-05	2.137962089502232e-05
130828	2.072300085931289e-05	2.089296130854041e-05
131097	2.017867106318683e-05	2.041737944669527e-05
131460	1.987778368139903e-05	1.995262314968879e-05
131768	1.948058852940804e-05	1.949844599758046e-05
132471	1.899625576928798e-05	1.905460717963248e-05
132785	1.857487113143819e-05	1.862087136662866e-05
133085	1.815534181670575e-05	1.819700858609983e-05
133374	1.773859231524177e-05	1.778279410038923e-05
133637	1.732557349465313e-05	1.737800828749376e-05
133859	1.691798568581593e-05	1.698243652461746e-05
134423	1.650919422746533e-05	1.659586907437560e-05
134574	1.621232384907412e-05	1.621810097358930e-05
134834	1.581744180700895e-05	1.584893192461114e-05
135343	1.539393988581050e-05	1.548816618912483e-05
135550	1.511237269646859e-05	1.513561248436207e-05
135851	1.474730836770188e-05	1.479108388168207e-05
136305	1.438773564077511e-05	1.445439770745928e-05
136652	1.404087958600808e-05	1.412537544622755e-05
136931	1.378982427235886e-05	1.380384264602884e-05
137464	1.346353781295218e-05	1.348962882591653e-05
137792	1.315515115496435e-05	1.318256738556407e-05
138484	1.288201745208717e-05	1.288249551693135e-05
139251	1.258881386678734e-05	1.258925411794166e-05
139664	1.228058124314035e-05	1.230268770812381e-05
140933	1.201812809936698e-05	1.202264434617413e-05
141983	1.174642675949578e-05	1.174897554939530e-05
142537	1.148057353672627e-05	1.148153621496882e-05
142963	1.121784234192624e-05	1.122018454301963e-05
143119	1.095921052352011e-05	1.096478196143185e-05
143347	1.070310382922379e-05	1.071519305237607e-05
143527	1.045250484976723e-05	1.047128548050899e-05
143743	1.023129954169644e-05	1.023292992280754e-05
144039	9.991291967104132e-06	1.000000000000000e-05
144668	9.751157532766896e-06	9.772372209558111e-06
145147	9.546462243825715e-06	9.549925860214369e-06
145673	9.326279776789015e-06	9.332543007969906e-06
146233	9.114570928892007e-06	9.120108393559096e-06
147309	8.910640858283969e-06	8.912509381337459e-06
148047	8.699926189903451e-06	8.709635899560814e-06
148788	8.503670749226977e-06	8.511380382023760e-06
150592	8.311104093938759e-06	8.317637711026709e-06
152772	8.125465388419961e-06	8.128305161640995e-06
154754	7.940096669600827e-06	7.943282347242822e-06
155128	7.757581025447102e-06	7.762471166286911e-06
155640	7.583700387558956e-06	7.585775750291836e-06
155767	7.407146411009258e-06	7.413102413009177e-06
156224	7.241613754427334e-06	7.244359600749906e-06
156616	7.076434797692599e-06	7.079457843841373e-06
157697	6.914868394325424e-06	6.918309709189363e-06
158565	6.756999481161152e-06	6.760829753919819e-06
159548	6.605472836263004e-06	6.606934480075964e-06
161093	6.453026806574336e-06	6.456542290346549e-06
162729	6.308658047293747e-06	6.309573444801930e-06
167560	6.164350409454400e-06	6.165950018614822e-06
169723	6.025269902565356e-06	6.025595860743581e-06
169843	5.888264093867335e-06	5.888436553555884e-06
170279	5.754110874445217e-06	5.754399373371567e-06
171368	5.622119573667206e-06	5.623413251903491e-06
172999	5.494777258752137e-06	5.495408738576248e-06
174800	5.369530617249652e-06	5.370317963702533e-06
177662	5.247735115898600e-06	5.248074602497723e-06
186769	5.128534103615578e-06	5.128613839913648e-06
187500	5.011865910953262e-06	5.011872336272725e-06
189046	4.897478941501276e-06	4.897788193684467e-06
192164	4.786294109826450e-06	4.786300923226380e-06
205215	4.677321501667109e-06	4.677351412871981e-06
209155	4.570828512573399e-06	4.570881896148752e-06
214038	4.466812623893368e-06	4.466835921509635e-06
234331	4.365143884577094e-06	4.365158322401657e-06
443739	1.476052742921397e-06	1.479108388168207e-06
443896	1.340622432177696e-06	1.348962882591653e-06
443917	1.313155930104948e-06	1.318256738556407e-06
443918	1.287754024859034e-06	1.288249551693135e-06
443919	1.243149348795214e-06	1.258925411794166e-06
443920	1.178761263154193e-06	1.202264434617413e-06
443921	1.149252425669545e-06	1.174897554939530e-06
443933	1.020114282823670e-06	1.023292992280754e-06
444137	9.376751571865682e-07	9.549925860214369e-07
500000	9.373391635092432e-07	9.549925860214369e-07
%
% index = 2138, name = bbob_f008_i19_d05__bbob_f020_i21_d05
% instance = 9, reference value = 8.815065816687671e-01
% function evaluation | indicator value | target hit
1	2.569745886775552e+03	2.570395782768865e+03
27	2.493856793494974e+03	2.511886431509580e+03
28	2.419221378402962e+03	2.454708915685031e+03
29	2.273721384214521e+03	2.290867652767773e+03
40	1.944419329155776e+03	1.949844599758045e+03
51	1.530494093788348e+03	1.548816618912481e+03
62	1.174908612102849e+03	1.202264434617413e+03
73	8.741091110401231e+02	8.912509381337459e+02
84	6.238555511282065e+02	6.309573444801930e+02
95	4.179586537729577e+02	4.265795188015925e+02
106	2.538355528883448e+02	2.570395782768865e+02
117	1.315075218593383e+02	1.318256738556407e+02
128	5.010163046109577e+01	5.011872336272722e+01
139	8.004648249769266e+00	8.128305161640993e+00
150	9.416642439152669e-01	9.549925860214360e-01
161	8.684306683403740e-01	8.709635899560807e-01
205	8.163788584613453e-01	8.317637711026710e-01
216	7.791151716790288e-01	7.943282347242815e-01
227	6.843119337658143e-01	6.918309709189365e-01
249	3.892364795670390e-01	3.981071705534972e-01
260	3.888636270514277e-01	3.890451449942806e-01
315	3.800731757498126e-01	3.801893963205612e-01
6154	3.130560443742477e-01	3.162277660168379e-01
6332	2.626952164488594e-01	2.630267991895382e-01
6369	2.560045542802956e-01	2.570395782768864e-01
30436	2.431815376657135e-01	2.454708915685030e-01
30627	2.321254911433984e-01	2.344228815319922e-01
30843	2.287041323611146e-01	2.290867652767773e-01
500000	2.243991709141828e-01	2.290867652767773e-01
%
% index = 2139, name = bbob_f008_i21_d05__bbob_f020_i22_d05
% instance = 10, reference value = 9.986983327650401e-01
% function evaluation | indicator value | target hit
1	4.844756082463323e-01	4.897788193684462e-01
26	4.773393470310745e-01	4.786300923226383e-01
28	4.564159860870647e-01	4.570881896148750e-01
29	4.297204216286743e-01	4.365158322401660e-01
40	3.714078875640667e-01	3.715352290971726e-01
51	3.056797122628846e-01	3.090295432513591e-01
62	2.815488613609379e-01	2.818382931264454e-01
73	2.660182901168440e-01	2.691534803926916e-01
84	2.314556420258260e-01	2.344228815319922e-01
95	1.984759728741353e-01	1.995262314968880e-01
106	1.923234016039651e-01	1.949844599758045e-01
117	1.566411926067142e-01	1.584893192461113e-01
128	1.322190440102411e-01	1.348962882591654e-01
139	1.251919154300745e-01	1.258925411794167e-01
150	1.215135489385255e-01	1.230268770812381e-01
161	1.013787329004219e-01	1.023292992280754e-01
172	8.464710933080910e-02	8.511380382023763e-02
183	7.412709012617769e-02	7.413102413009177e-02
194	6.929059467888432e-02	7.079457843841380e-02
205	5.346497644090431e-02	5.370317963702527e-02
216	4.353290427789314e-02	4.365158322401658e-02
238	4.140197727747419e-02	4.168693834703355e-02
249	3.802690120595931e-02	3.890451449942807e-02
260	3.647016720900909e-02	3.715352290971726e-02
271	3.349707154167514e-02	3.388441561392026e-02
282	3.140305399042609e-02	3.162277660168379e-02
293	2.992169804257816e-02	3.019951720402016e-02
304	2.762275017655025e-02	2.818382931264454e-02
315	2.484002305523514e-02	2.511886431509579e-02
326	2.322028047997327e-02	2.344228815319923e-02
337	2.196991703545847e-02	2.238721138568340e-02
348	1.740099481853830e-02	1.778279410038923e-02
359	1.485680527572975e-02	1.513561248436208e-02
370	1.395432752178016e-02	1.412537544622754e-02
381	1.275034609916015e-02	1.288249551693134e-02
392	9.448695561284914e-03	9.549925860214359e-03
403	9.192487567315166e-03	9.332543007969915e-03
414	9.112661370736075e-03	9.120108393559097e-03
436	8.674210647773295e-03	8.709635899560805e-03
447	8.229053543444165e-03	8.317637711026709e-03
943	8.120356672319917e-03	8.128305161640995e-03
1140	7.849040458361989e-03	7.943282347242814e-03
1313	7.545445366438419e-03	7.585775750291836e-03
1489	6.959792830056766e-03	7.079457843841380e-03
1675	5.880851360355321e-03	5.888436553555890e-03
1839	4.117951701347988e-03	4.168693834703355e-03
1994	2.031982443473246e-03	2.041737944669530e-03
2096	1.190450832429524e-03	1.202264434617413e-03
2277	1.105877810413936e-03	1.122018454301963e-03
2302	1.094027830627620e-03	1.096478196143185e-03
2326	1.070913221994152e-03	1.071519305237606e-03
26782	1.040784123397920e-03	1.047128548050900e-03
27012	1.019526204314003e-03	1.023292992280754e-03
27279	9.980266851419284e-04	1.000000000000000e-03
31858	8.199833215257746e-04	8.317637711026709e-04
33025	7.995754979843728e-04	8.128305161640995e-04
33098	7.937660049945894e-04	7.943282347242813e-04
73043	7.761919210623747e-04	7.762471166286919e-04
73196	7.427630010586883e-04	7.585775750291835e-04
73281	7.152637861752575e-04	7.244359600749898e-04
86620	6.687725137642930e-04	6.760829753919819e-04
86631	6.559410495075024e-04	6.606934480075957e-04
87888	6.455918606055322e-04	6.456542290346556e-04
90032	6.245683136616442e-04	6.309573444801930e-04
90043	6.115298455973139e-04	6.165950018614823e-04
90054	5.957755273316989e-04	6.025595860743575e-04
90187	5.780298983337762e-04	5.888436553555889e-04
90298	5.727939968875884e-04	5.754399373371566e-04
90755	5.309594788744931e-04	5.370317963702527e-04
90919	5.092009217370075e-04	5.128613839913648e-04
91806	4.959875091659072e-04	5.011872336272725e-04
91913	4.853625949436946e-04	4.897788193684461e-04
92379	4.773908463844290e-04	4.786300923226385e-04
92607	4.637347831089045e-04	4.677351412871981e-04
92756	4.523250956660618e-04	4.570881896148752e-04
93002	4.421352791448285e-04	4.466835921509630e-04
94472	4.358356999027979e-04	4.365158322401661e-04
94992	4.248732410048195e-04	4.265795188015926e-04
96411	4.154421165167843e-04	4.168693834703355e-04
97016	4.072438748665697e-04	4.073802778041126e-04
98622	3.976505859145663e-04	3.981071705534974e-04
100868	3.890045074879112e-04	3.890451449942805e-04
103864	3.800223427091742e-04	3.801893963205612e-04
109106	3.715239283091920e-04	3.715352290971724e-04
122729	3.630742143593269e-04	3.630780547701014e-04
227797	3.406507091555655e-04	3.467368504525317e-04
227953	3.297448349910415e-04	3.311311214825911e-04
227978	3.220302469157943e-04	3.235936569296281e-04
227991	3.105673750672944e-04	3.162277660168379e-04
228270	3.061952209930663e-04	3.090295432513592e-04
321085	2.764494128578709e-04	2.818382931264455e-04
388687	2.749420077552411e-04	2.754228703338166e-04
500000	2.744505450440471e-04	2.754228703338166e-04
