%
% index = 2610, name = bbob_f001_i02_d10__bbob_f021_i04_d10
% instance = 1, reference value = 8.796676177606320e-01
% function evaluation | indicator value | target hit
1	1.957681562012884e+00	1.995262314968880e+00
38	1.942323382755595e+00	1.949844599758045e+00
40	1.896754613258376e+00	1.905460717963247e+00
61	1.854681210416632e+00	1.862087136662868e+00
82	1.784753218466632e+00	1.819700858609983e+00
103	1.717615900214132e+00	1.737800828749375e+00
124	1.653723668654632e+00	1.659586907437561e+00
145	1.593464262698632e+00	1.621810097358930e+00
166	1.536956198084132e+00	1.548816618912481e+00
187	1.483991213541132e+00	1.513561248436208e+00
208	1.434185622625632e+00	1.445439770745927e+00
229	1.387156258063132e+00	1.412537544622754e+00
250	1.342600386819132e+00	1.348962882591654e+00
271	1.300303689473132e+00	1.318256738556407e+00
292	1.260123426965632e+00	1.288249551693134e+00
313	1.221968897682132e+00	1.230268770812382e+00
334	1.185785091217632e+00	1.202264434617413e+00
355	1.151539810027132e+00	1.174897554939530e+00
376	1.119213223531632e+00	1.122018454301963e+00
397	1.088789449150132e+00	1.096478196143185e+00
418	1.060249837309632e+00	1.071519305237606e+00
439	1.033568199162132e+00	1.047128548050900e+00
460	1.008708070165132e+00	1.023292992280754e+00
481	9.856219155261319e-01	1.000000000000000e+00
502	9.642520505901320e-01	9.772372209558107e-01
523	9.445332422291319e-01	9.549925860214360e-01
544	9.263965968031320e-01	9.332543007969910e-01
565	9.097740435161319e-01	9.120108393559098e-01
607	8.808273557366320e-01	8.912509381337456e-01
649	8.660039956368892e-01	8.709635899560807e-01
712	8.488219053961117e-01	8.511380382023764e-01
859	8.248455130513493e-01	8.317637711026710e-01
3113	8.107730390441323e-01	8.128305161640993e-01
3978	7.882858861354423e-01	7.943282347242815e-01
4582	7.685851517223613e-01	7.762471166286917e-01
5186	7.517982650041436e-01	7.585775750291838e-01
5664	7.377581495947976e-01	7.413102413009175e-01
6641	7.166387885124219e-01	7.244359600749900e-01
7489	7.020008412105280e-01	7.079457843841379e-01
8231	6.915856296255384e-01	6.918309709189365e-01
10994	6.743607559456291e-01	6.760829753919817e-01
42687	6.599468228814740e-01	6.606934480075960e-01
44975	6.443220913765929e-01	6.456542290346555e-01
45038	6.298206692978497e-01	6.309573444801932e-01
45122	6.147579971264820e-01	6.165950018614822e-01
48151	6.023332835504900e-01	6.025595860743578e-01
53872	5.873234840137198e-01	5.888436553555889e-01
59889	5.732442428854223e-01	5.754399373371569e-01
60155	5.623376300683107e-01	5.623413251903491e-01
60464	5.487017168186938e-01	5.495408738576245e-01
60773	5.319755341639865e-01	5.370317963702527e-01
61082	5.124300706688636e-01	5.128613839913648e-01
61370	4.910899889016317e-01	5.011872336272722e-01
61679	4.688688675033086e-01	4.786300923226383e-01
62030	4.475082937514451e-01	4.570881896148750e-01
62423	4.286576261312784e-01	4.365158322401660e-01
62837	4.120436512198381e-01	4.168693834703354e-01
63251	3.988845413103318e-01	4.073802778041127e-01
63686	3.887670470104652e-01	3.890451449942806e-01
64705	3.760351339329078e-01	3.801893963205612e-01
65808	3.709706603237468e-01	3.715352290971726e-01
72169	3.545001340182795e-01	3.548133892335755e-01
72190	3.425419465650267e-01	3.467368504525316e-01
72211	3.292733995793533e-01	3.311311214825911e-01
72232	3.162916464015575e-01	3.235936569296283e-01
72253	3.048016400212155e-01	3.090295432513591e-01
72274	2.950784290184854e-01	2.951209226666385e-01
72295	2.867664218538223e-01	2.884031503126606e-01
72316	2.795335549766600e-01	2.818382931264454e-01
72337	2.734805177651818e-01	2.754228703338166e-01
72358	2.690190116070057e-01	2.691534803926916e-01
73142	2.614276877798518e-01	2.630267991895382e-01
73234	2.569467616452772e-01	2.570395782768864e-01
73349	2.484881563802138e-01	2.511886431509580e-01
73487	2.370398681306147e-01	2.398832919019490e-01
73668	2.279220997258404e-01	2.290867652767773e-01
73849	2.210948668177783e-01	2.238721138568339e-01
73989	2.161389327168213e-01	2.187761623949552e-01
74150	2.130509591654740e-01	2.137962089502232e-01
79240	2.058460124763324e-01	2.089296130854039e-01
79355	2.011189735658108e-01	2.041737944669530e-01
79513	1.984053888302598e-01	1.995262314968880e-01
89404	1.935020599484739e-01	1.949844599758045e-01
89713	1.895243952172485e-01	1.905460717963247e-01
89980	1.829386669982117e-01	1.862087136662867e-01
90247	1.741632917443507e-01	1.778279410038923e-01
90514	1.666164443715102e-01	1.698243652461744e-01
90802	1.605740004918510e-01	1.621810097358930e-01
91069	1.558986920518894e-01	1.584893192461113e-01
91419	1.518795553885912e-01	1.548816618912481e-01
91727	1.479891294616971e-01	1.513561248436208e-01
91993	1.447023592363323e-01	1.479108388168208e-01
92364	1.427802729499699e-01	1.445439770745928e-01
93043	1.410225020244907e-01	1.412537544622754e-01
118899	1.361891844462840e-01	1.380384264602885e-01
118920	1.316151363814023e-01	1.318256738556407e-01
118941	1.262810944761863e-01	1.288249551693134e-01
118962	1.211622271465943e-01	1.230268770812381e-01
118983	1.162793734566472e-01	1.174897554939529e-01
119004	1.123386492735223e-01	1.148153621496883e-01
119025	1.098184833505144e-01	1.122018454301964e-01
119046	1.094643059692000e-01	1.096478196143185e-01
144795	1.069106295150855e-01	1.071519305237607e-01
145623	1.042958143162080e-01	1.047128548050900e-01
146178	1.022994787506131e-01	1.023292992280754e-01
149171	9.917052518317049e-02	1.000000000000000e-01
149560	8.875136694213970e-02	8.912509381337455e-02
149993	7.487551906818357e-02	7.585775750291836e-02
150553	6.361130090009581e-02	6.456542290346556e-02
151197	5.420147271684450e-02	5.495408738576246e-02
151905	4.515748815222520e-02	4.570881896148749e-02
152658	3.684442088031492e-02	3.715352290971726e-02
153436	3.057162214941544e-02	3.090295432513590e-02
154623	2.667216670905959e-02	2.691534803926915e-02
155895	2.477118227834096e-02	2.511886431509579e-02
157824	2.403776553297943e-02	2.454708915685030e-02
161036	2.384239517863063e-02	2.398832919019490e-02
254900	2.321015441460283e-02	2.344228815319923e-02
255829	2.280532223839360e-02	2.290867652767773e-02
257732	2.222129702677833e-02	2.238721138568340e-02
259181	2.177669568844864e-02	2.187761623949553e-02
260151	2.137286662449900e-02	2.137962089502233e-02
263182	2.088256533338040e-02	2.089296130854040e-02
266900	2.041499629331089e-02	2.041737944669529e-02
272801	1.994566240883999e-02	1.995262314968880e-02
279557	1.949460715201157e-02	1.949844599758046e-02
293368	1.904714851358291e-02	1.905460717963247e-02
312104	1.861789386415713e-02	1.862087136662868e-02
357506	1.819601965143014e-02	1.819700858609984e-02
594402	1.778279184479925e-02	1.778279410038923e-02
867839	1.629059965319912e-02	1.659586907437561e-02
868275	1.537147212698931e-02	1.548816618912481e-02
868711	1.360398833314835e-02	1.380384264602885e-02
869210	1.146545234158258e-02	1.148153621496883e-02
869836	1.074478358572173e-02	1.096478196143185e-02
870483	1.055932628194911e-02	1.071519305237606e-02
999999	1.051436291245933e-02	1.071519305237606e-02
%
% index = 2611, name = bbob_f001_i03_d10__bbob_f021_i05_d10
% instance = 2, reference value = 7.988343957295400e-01
% function evaluation | indicator value | target hit
1	8.874444176495399e-01	8.912509381337456e-01
39	8.648738946450399e-01	8.709635899560807e-01
40	8.426072036170399e-01	8.511380382023764e-01
61	8.115615075440400e-01	8.128305161640993e-01
82	7.915032947645362e-01	7.943282347242815e-01
124	7.573526078190498e-01	7.585775750291838e-01
145	7.283412963660849e-01	7.413102413009175e-01
166	6.917326535958637e-01	6.918309709189365e-01
187	6.510549834387171e-01	6.606934480075960e-01
208	6.101362254233225e-01	6.165950018614822e-01
229	5.715076631878830e-01	5.754399373371569e-01
250	5.362545222818638e-01	5.370317963702527e-01
271	5.045376125288910e-01	5.128613839913648e-01
292	4.761453145693021e-01	4.786300923226383e-01
313	4.508000261899133e-01	4.570881896148750e-01
334	4.282097430483101e-01	4.365158322401660e-01
355	4.080415341044404e-01	4.168693834703354e-01
376	3.899825682970103e-01	3.981071705534972e-01
397	3.738657743522514e-01	3.801893963205612e-01
418	3.596982202169955e-01	3.630780547701014e-01
439	3.475737031539771e-01	3.548133892335755e-01
460	3.375899865464356e-01	3.388441561392025e-01
481	3.298161002585048e-01	3.311311214825911e-01
523	3.210558891062125e-01	3.235936569296283e-01
565	3.069849297804069e-01	3.090295432513591e-01
2289	3.016165787471903e-01	3.019951720402016e-01
3134	2.891906351682139e-01	2.951209226666385e-01
3483	2.757652052517632e-01	2.818382931264454e-01
3917	2.564970274232574e-01	2.570395782768864e-01
4416	2.386720479411061e-01	2.398832919019490e-01
4853	2.221489245263658e-01	2.238721138568339e-01
5311	2.069255522183481e-01	2.089296130854039e-01
5768	1.930474820652360e-01	1.949844599758045e-01
6246	1.806037138582719e-01	1.819700858609984e-01
6662	1.697011239228837e-01	1.698243652461744e-01
7015	1.604259594052699e-01	1.621810097358930e-01
7368	1.527855725453219e-01	1.548816618912481e-01
7721	1.466694041689820e-01	1.479108388168208e-01
8075	1.418501147197916e-01	1.445439770745928e-01
8408	1.380582944374468e-01	1.412537544622754e-01
8676	1.350729744769722e-01	1.380384264602885e-01
8944	1.327653017775624e-01	1.348962882591654e-01
9212	1.310710805076057e-01	1.318256738556407e-01
9787	1.287774306303235e-01	1.288249551693134e-01
14031	1.203945528514223e-01	1.230268770812381e-01
14487	1.101551730338685e-01	1.122018454301964e-01
15049	1.022189815049718e-01	1.023292992280754e-01
15673	9.649131287813040e-02	9.772372209558107e-02
16319	9.255318964765791e-02	9.332543007969910e-02
16902	8.984921780167621e-02	9.120108393559097e-02
17486	8.783416575349912e-02	8.912509381337455e-02
18110	8.609543818416809e-02	8.709635899560805e-02
18734	8.443061470232427e-02	8.511380382023763e-02
19422	8.284567478700888e-02	8.317637711026708e-02
20799	8.042689030058026e-02	8.128305161640990e-02
32142	7.942074038515645e-02	7.943282347242814e-02
35749	7.738756263457525e-02	7.762471166286916e-02
124239	7.510676919225201e-02	7.585775750291836e-02
124652	7.361438621165661e-02	7.413102413009177e-02
124876	6.958182688523606e-02	7.079457843841380e-02
125100	6.117382820676143e-02	6.165950018614822e-02
125345	5.692448685053419e-02	5.754399373371569e-02
126192	5.550792783753955e-02	5.623413251903491e-02
126688	5.474027244384871e-02	5.495408738576246e-02
128279	5.317541396820713e-02	5.370317963702527e-02
128321	5.209257290099478e-02	5.248074602497726e-02
130175	5.072249082484792e-02	5.128613839913648e-02
130480	4.972629608703238e-02	5.011872336272722e-02
130830	4.856297226360418e-02	4.897788193684462e-02
131160	4.748214864469258e-02	4.786300923226382e-02
131469	4.652571039578568e-02	4.677351412871981e-02
132045	4.539531137894082e-02	4.570881896148749e-02
137600	4.453320093205071e-02	4.466835921509630e-02
138209	4.276925261400966e-02	4.365158322401658e-02
138580	4.160331402990713e-02	4.168693834703355e-02
166573	4.071434360144210e-02	4.073802778041128e-02
237827	3.927495096848665e-02	3.981071705534973e-02
238095	3.827007199368315e-02	3.890451449942807e-02
238384	3.692455939987260e-02	3.715352290971726e-02
238714	3.524577070301205e-02	3.548133892335755e-02
239023	3.329360911605617e-02	3.388441561392026e-02
239353	3.142832352201064e-02	3.162277660168379e-02
239682	2.996370686123939e-02	3.019951720402016e-02
240032	2.888496111058536e-02	2.951209226666385e-02
240340	2.823041783466695e-02	2.884031503126606e-02
240690	2.783802874053565e-02	2.818382931264454e-02
242837	2.743015280648309e-02	2.754228703338166e-02
243873	2.649412009463692e-02	2.691534803926915e-02
244328	2.616806386006687e-02	2.630267991895381e-02
297199	2.568769446251973e-02	2.570395782768863e-02
298720	2.506407824632628e-02	2.511886431509579e-02
299288	2.425883313571631e-02	2.454708915685030e-02
299572	2.389880725213234e-02	2.398832919019490e-02
300712	2.336058619909676e-02	2.344228815319923e-02
302872	2.289201859792489e-02	2.290867652767773e-02
304927	2.226880143819054e-02	2.238721138568340e-02
307498	2.187375526152069e-02	2.187761623949553e-02
309521	2.134055668851464e-02	2.137962089502233e-02
311327	2.087095023887930e-02	2.089296130854040e-02
313410	2.041045620626325e-02	2.041737944669529e-02
319613	1.994567805670933e-02	1.995262314968880e-02
324960	1.948817460037022e-02	1.949844599758046e-02
330870	1.904259963999477e-02	1.905460717963247e-02
336395	1.860649550191640e-02	1.862087136662868e-02
349328	1.819457712658801e-02	1.819700858609984e-02
363010	1.778038966062068e-02	1.778279410038923e-02
380917	1.737707279153033e-02	1.737800828749375e-02
417668	1.698108483442928e-02	1.698243652461744e-02
491512	1.659573910842538e-02	1.659586907437561e-02
790112	1.619600667710508e-02	1.621810097358930e-02
790625	1.573542643141346e-02	1.584893192461113e-02
790869	1.487004016929527e-02	1.513561248436208e-02
791136	1.383992948265167e-02	1.412537544622754e-02
791445	1.292715309772352e-02	1.318256738556407e-02
791691	1.159817615440417e-02	1.174897554939530e-02
791979	1.032495174553594e-02	1.047128548050900e-02
792246	9.778305353939420e-03	1.000000000000000e-02
792513	9.711866343009801e-03	9.772372209558112e-03
1000000	9.604406731930970e-03	9.772372209558112e-03
%
% index = 2612, name = bbob_f001_i07_d10__bbob_f021_i08_d10
% instance = 3, reference value = 7.108480766794310e-01
% function evaluation | indicator value | target hit
1	3.502636594952931e+00	3.548133892335755e+00
39	3.436029948765931e+00	3.467368504525317e+00
40	3.370180305905431e+00	3.388441561392026e+00
61	3.278621937785931e+00	3.311311214825911e+00
82	3.126073987067431e+00	3.162277660168380e+00
103	2.978439108988431e+00	3.019951720402016e+00
124	2.835778129575431e+00	2.884031503126606e+00
145	2.698161174662431e+00	2.754228703338166e+00
166	2.565669333656431e+00	2.570395782768863e+00
187	2.438396588975931e+00	2.454708915685031e+00
208	2.316452142864430e+00	2.344228815319922e+00
229	2.199963347648931e+00	2.238721138568339e+00
250	2.089078704486931e+00	2.089296130854040e+00
271	1.983971762473431e+00	1.995262314968880e+00
292	1.884845126529931e+00	1.905460717963247e+00
313	1.791935004612431e+00	1.819700858609983e+00
334	1.705515544552931e+00	1.737800828749375e+00
355	1.625902787853931e+00	1.659586907437561e+00
376	1.553456963365431e+00	1.584893192461114e+00
397	1.488581945039431e+00	1.513561248436208e+00
418	1.431719705889931e+00	1.445439770745927e+00
439	1.383337781294431e+00	1.412537544622754e+00
460	1.343907390987431e+00	1.348962882591654e+00
481	1.313871943581431e+00	1.318256738556407e+00
523	1.283381002292431e+00	1.288249551693134e+00
1494	1.245112477274931e+00	1.258925411794167e+00
1583	1.207707186769931e+00	1.230268770812382e+00
1674	1.134281478195931e+00	1.148153621496883e+00
1851	1.024532535972931e+00	1.047128548050900e+00
2030	9.191838196984310e-01	9.332543007969910e-01
2188	8.182345148044310e-01	8.317637711026710e-01
2325	7.216851325999309e-01	7.244359600749900e-01
2420	6.824300118951883e-01	6.918309709189365e-01
2641	6.591999969942821e-01	6.606934480075960e-01
2778	6.424938799098201e-01	6.456542290346555e-01
2978	6.290930528120224e-01	6.309573444801932e-01
3038	6.095335871767109e-01	6.165950018614822e-01
3234	6.022842040639820e-01	6.025595860743578e-01
4396	5.710205743708860e-01	5.754399373371569e-01
4417	5.430811433777348e-01	5.495408738576245e-01
4438	5.125305192568987e-01	5.128613839913648e-01
4459	4.825050912679485e-01	4.897788193684462e-01
4480	4.560134070824390e-01	4.570881896148750e-01
4501	4.345183738126283e-01	4.365158322401660e-01
4522	4.190262804678202e-01	4.265795188015927e-01
4543	4.101451681493133e-01	4.168693834703354e-01
7244	4.068333956439425e-01	4.073802778041127e-01
7618	3.911929276825924e-01	3.981071705534972e-01
7835	3.778989313807984e-01	3.801893963205612e-01
7991	3.628630204167597e-01	3.630780547701014e-01
8170	3.522360637655322e-01	3.548133892335755e-01
8559	3.447518311462363e-01	3.467368504525316e-01
8980	3.357753391578088e-01	3.388441561392025e-01
9598	3.309067462621692e-01	3.311311214825911e-01
11876	3.214391513015261e-01	3.235936569296283e-01
11921	3.134735840367708e-01	3.162277660168379e-01
12052	2.986128018122686e-01	3.019951720402016e-01
12227	2.734296376056019e-01	2.754228703338166e-01
12425	2.455915418958878e-01	2.511886431509580e-01
12582	2.274757954539437e-01	2.290867652767773e-01
12718	2.153670314091846e-01	2.187761623949552e-01
12854	2.070563353819886e-01	2.089296130854039e-01
12948	2.021039851521580e-01	2.041737944669530e-01
18919	1.994710364696075e-01	1.995262314968880e-01
45620	1.946410383806564e-01	1.949844599758045e-01
46458	1.852300388822673e-01	1.862087136662867e-01
46725	1.758446216243872e-01	1.778279410038923e-01
46992	1.693812219308832e-01	1.698243652461744e-01
53103	1.658363563939419e-01	1.659586907437560e-01
53776	1.603387742237758e-01	1.621810097358930e-01
53959	1.574343298362245e-01	1.584893192461113e-01
54366	1.536840906599356e-01	1.548816618912481e-01
169753	1.493418499340384e-01	1.513561248436208e-01
169774	1.444399370333542e-01	1.445439770745928e-01
169795	1.397605086042881e-01	1.412537544622754e-01
169816	1.360177599336481e-01	1.380384264602885e-01
169837	1.336445503122026e-01	1.348962882591654e-01
176107	1.310999282720979e-01	1.318256738556407e-01
176525	1.264166360958222e-01	1.288249551693134e-01
176748	1.228204531248482e-01	1.230268770812381e-01
180782	1.184537445761946e-01	1.202264434617413e-01
180937	1.141396414975552e-01	1.148153621496883e-01
181115	1.047139890920766e-01	1.071519305237607e-01
181379	8.909849738960884e-02	8.912509381337455e-02
181687	7.253914531606864e-02	7.413102413009177e-02
182060	5.458094241393641e-02	5.495408738576246e-02
182433	5.018630437153682e-02	5.128613839913648e-02
182827	4.815826974508075e-02	4.897788193684462e-02
183262	4.748728775188948e-02	4.786300923226382e-02
248777	4.510239263837912e-02	4.570881896148749e-02
249466	4.415674486445631e-02	4.466835921509630e-02
249738	4.334528545027394e-02	4.365158322401658e-02
249897	4.232710256280958e-02	4.265795188015926e-02
250695	4.167330663761271e-02	4.168693834703355e-02
251181	4.037792675414464e-02	4.073802778041128e-02
251645	3.979577157457581e-02	3.981071705534973e-02
252417	3.869844519143339e-02	3.890451449942807e-02
254298	3.782826341130330e-02	3.801893963205612e-02
255698	3.696844220447504e-02	3.715352290971726e-02
257364	3.625285337754958e-02	3.630780547701014e-02
259535	3.543064970244214e-02	3.548133892335755e-02
261431	3.456035084108688e-02	3.467368504525317e-02
263503	3.385055670342441e-02	3.388441561392026e-02
267400	3.305716132463388e-02	3.311311214825911e-02
271364	3.234087763789684e-02	3.235936569296283e-02
276977	3.160513399153730e-02	3.162277660168379e-02
285441	3.089396322135551e-02	3.090295432513590e-02
296968	3.019178334427186e-02	3.019951720402016e-02
319547	2.951093411252714e-02	2.951209226666385e-02
373909	2.883995283009144e-02	2.884031503126606e-02
849261	2.771116979349975e-02	2.818382931264454e-02
849656	2.608065200559462e-02	2.630267991895381e-02
850178	2.543544049514823e-02	2.570395782768863e-02
999999	2.539235064489986e-02	2.570395782768863e-02
%
% index = 2613, name = bbob_f001_i09_d10__bbob_f021_i10_d10
% instance = 4, reference value = 9.063953341393040e-01
% function evaluation | indicator value | target hit
1	1.127035364523304e+00	1.148153621496883e+00
38	1.118495437889304e+00	1.122018454301963e+00
40	1.093212670500304e+00	1.096478196143185e+00
61	1.070712868391804e+00	1.071519305237606e+00
82	1.034993340923304e+00	1.047128548050900e+00
103	1.002834093509804e+00	1.023292992280754e+00
124	9.740090578128039e-01	9.772372209558107e-01
145	9.481211915453039e-01	9.549925860214360e-01
166	9.246936808313039e-01	9.332543007969910e-01
187	9.051841177566115e-01	9.120108393559098e-01
229	8.875427342236963e-01	8.912509381337456e-01
271	8.680774369644922e-01	8.709635899560807e-01
313	8.485769824348273e-01	8.511380382023764e-01
355	8.306323479103772e-01	8.317637711026710e-01
418	8.088710229302509e-01	8.128305161640993e-01
502	7.919647335703738e-01	7.943282347242815e-01
2618	7.754400961777680e-01	7.762471166286917e-01
3400	7.560625088168845e-01	7.585775750291838e-01
3814	7.395948652381115e-01	7.413102413009175e-01
4832	7.164497873124221e-01	7.244359600749900e-01
5663	7.043194448480229e-01	7.079457843841379e-01
9342	6.898885870086819e-01	6.918309709189365e-01
9405	6.650772490076451e-01	6.760829753919817e-01
9426	6.503104173456360e-01	6.606934480075960e-01
9447	6.310901531459077e-01	6.456542290346555e-01
9468	6.065442747094134e-01	6.165950018614822e-01
9489	5.781586526960464e-01	5.888436553555889e-01
9510	5.464866420388123e-01	5.495408738576245e-01
9531	5.144007137933582e-01	5.248074602497725e-01
9552	4.832036055422783e-01	4.897788193684462e-01
9573	4.553021030244635e-01	4.570881896148750e-01
9594	4.306907465035023e-01	4.365158322401660e-01
9615	4.107748191682383e-01	4.168693834703354e-01
9636	3.955048363827784e-01	3.981071705534972e-01
9657	3.844704752190328e-01	3.890451449942806e-01
9678	3.777379969135347e-01	3.801893963205612e-01
11863	3.683597830879662e-01	3.715352290971726e-01
12967	3.611987392291744e-01	3.630780547701014e-01
32202	3.526277592835759e-01	3.548133892335755e-01
32339	3.461589314636050e-01	3.467368504525316e-01
32499	3.381586587544445e-01	3.388441561392025e-01
32865	3.278234408058003e-01	3.311311214825911e-01
33066	3.227019204654731e-01	3.235936569296283e-01
34524	3.149764520807333e-01	3.162277660168379e-01
34587	3.072886794491556e-01	3.090295432513591e-01
35280	3.005793685379298e-01	3.019951720402016e-01
35506	2.850975246425529e-01	2.884031503126606e-01
35643	2.673548601148593e-01	2.691534803926916e-01
35803	2.439473610158910e-01	2.454708915685030e-01
36027	2.228615231319362e-01	2.238721138568339e-01
36251	2.037438195376670e-01	2.041737944669530e-01
36454	1.871147006954451e-01	1.905460717963247e-01
36699	1.746663711318470e-01	1.778279410038923e-01
36923	1.663540892762193e-01	1.698243652461744e-01
37168	1.620746816472086e-01	1.621810097358930e-01
39733	1.566644956901123e-01	1.584893192461113e-01
39978	1.547850576934472e-01	1.548816618912481e-01
41954	1.511511268184839e-01	1.513561248436208e-01
42329	1.472776625513803e-01	1.479108388168208e-01
42572	1.427194101178879e-01	1.445439770745928e-01
42880	1.367762081397323e-01	1.380384264602885e-01
43147	1.316369379337649e-01	1.318256738556407e-01
43414	1.267116839289776e-01	1.288249551693134e-01
43702	1.216076484334471e-01	1.230268770812381e-01
44011	1.161135274893900e-01	1.174897554939529e-01
44320	1.104051360112968e-01	1.122018454301964e-01
44671	9.585654817431510e-02	9.772372209558107e-02
45023	8.250914761111250e-02	8.317637711026708e-02
45375	7.455112003956821e-02	7.585775750291836e-02
45727	6.965757551792995e-02	7.079457843841380e-02
46101	6.645421105874882e-02	6.760829753919818e-02
46537	6.445829628939481e-02	6.456542290346556e-02
96591	6.046031306521227e-02	6.165950018614822e-02
96899	5.741284408490566e-02	5.754399373371569e-02
97291	5.551825727898885e-02	5.623413251903491e-02
97725	5.495006554393445e-02	5.495408738576246e-02
108895	5.288630288151641e-02	5.370317963702527e-02
109415	4.111565407023765e-02	4.168693834703355e-02
109894	3.907183011894289e-02	3.981071705534973e-02
110374	3.581971486892432e-02	3.630780547701014e-02
110834	3.525559874398720e-02	3.548133892335755e-02
128067	3.464884779382005e-02	3.467368504525317e-02
290191	3.370242519364841e-02	3.388441561392026e-02
291122	3.298947655701845e-02	3.311311214825911e-02
293424	3.230682607903435e-02	3.235936569296283e-02
295958	3.159113064237473e-02	3.162277660168379e-02
301945	3.087644031231151e-02	3.090295432513590e-02
310505	3.019743302581956e-02	3.019951720402016e-02
332713	2.951165181697624e-02	2.951209226666385e-02
473452	2.884027233641839e-02	2.884031503126606e-02
655045	2.461090255766207e-02	2.511886431509579e-02
655332	1.550310085958595e-02	1.584893192461113e-02
655640	9.205906136371178e-03	9.332543007969915e-03
655927	6.728052312934829e-03	6.760829753919818e-03
656235	6.144183501005540e-03	6.165950018614822e-03
656606	5.343224328166030e-03	5.370317963702527e-03
656955	3.906802858700820e-03	3.981071705534973e-03
657262	2.713721811022807e-03	2.754228703338166e-03
657569	2.122173076200995e-03	2.137962089502233e-03
657897	1.997323304890886e-03	2.041737944669530e-03
657932	1.993931131811899e-03	1.995262314968879e-03
999991	1.988210646136968e-03	1.995262314968879e-03
%
% index = 2614, name = bbob_f001_i11_d10__bbob_f021_i12_d10
% instance = 5, reference value = 8.428388369916761e-01
% function evaluation | indicator value | target hit
1	1.041200220138676e+00	1.047128548050900e+00
39	1.017446618357676e+00	1.023292992280754e+00
40	9.940276902571760e-01	1.000000000000000e+00
61	9.616749876171761e-01	9.772372209558107e-01
82	9.084011637956760e-01	9.120108393559098e-01
103	8.578091568606759e-01	8.709635899560807e-01
124	8.380483944374605e-01	8.511380382023764e-01
145	8.292665362755326e-01	8.317637711026710e-01
187	8.031374361065764e-01	8.128305161640993e-01
208	7.847676654698895e-01	7.943282347242815e-01
229	7.628715351096093e-01	7.762471166286917e-01
250	7.382436095296057e-01	7.413102413009175e-01
271	7.121376558954292e-01	7.244359600749900e-01
292	6.859258484591256e-01	6.918309709189365e-01
313	6.608064400203690e-01	6.760829753919817e-01
334	6.376639948236329e-01	6.456542290346555e-01
355	6.170633664996574e-01	6.309573444801932e-01
376	5.993043241865459e-01	6.025595860743578e-01
397	5.844805294060182e-01	5.888436553555889e-01
418	5.725371212267333e-01	5.754399373371569e-01
460	5.568316539611036e-01	5.623413251903491e-01
565	5.472016153782628e-01	5.495408738576245e-01
3060	5.346337471294091e-01	5.370317963702527e-01
3514	5.230050538531558e-01	5.248074602497725e-01
4012	5.067116358760733e-01	5.128613839913648e-01
4573	4.921174099100690e-01	5.011872336272722e-01
5094	4.792080382448518e-01	4.897788193684462e-01
5508	4.680481405223128e-01	4.786300923226383e-01
5943	4.586277658398275e-01	4.677351412871982e-01
6336	4.508475179146371e-01	4.570881896148750e-01
6729	4.445254959040276e-01	4.466835921509631e-01
7494	4.353412320267038e-01	4.365158322401660e-01
8194	4.257284885257397e-01	4.265795188015927e-01
9207	4.155172813202690e-01	4.168693834703354e-01
9249	4.036418099538960e-01	4.073802778041127e-01
9291	3.925624779108070e-01	3.981071705534972e-01
9312	3.722352581651672e-01	3.801893963205612e-01
9333	3.530078424976527e-01	3.548133892335755e-01
9354	3.376185387422713e-01	3.388441561392025e-01
9375	3.261449834377128e-01	3.311311214825911e-01
9396	3.186542435586185e-01	3.235936569296283e-01
9438	3.128131914110293e-01	3.162277660168379e-01
9564	3.083710892672957e-01	3.090295432513591e-01
12461	2.959833327517282e-01	3.019951720402016e-01
13001	2.880460938522605e-01	2.884031503126606e-01
14128	2.771122245617722e-01	2.818382931264454e-01
14838	2.733636575536819e-01	2.754228703338166e-01
16174	2.681693895497553e-01	2.691534803926916e-01
37362	2.624985309279343e-01	2.630267991895382e-01
38940	2.545956482433096e-01	2.570395782768864e-01
39983	2.503977036889765e-01	2.511886431509580e-01
46503	2.447424444399479e-01	2.454708915685030e-01
47151	2.281866922173929e-01	2.290867652767773e-01
48072	2.139689197153878e-01	2.187761623949552e-01
48952	2.020677795179101e-01	2.041737944669530e-01
49975	1.917231210701545e-01	1.949844599758045e-01
51210	1.826064997464637e-01	1.862087136662867e-01
52265	1.746145939404992e-01	1.778279410038923e-01
53807	1.674628503553254e-01	1.698243652461744e-01
55011	1.609336455432083e-01	1.621810097358930e-01
56235	1.548864648747884e-01	1.584893192461113e-01
57646	1.492517419262881e-01	1.513561248436208e-01
58967	1.440177615604236e-01	1.445439770745928e-01
60736	1.392073383437608e-01	1.412537544622754e-01
62392	1.348585062262410e-01	1.348962882591654e-01
64241	1.310480859137387e-01	1.318256738556407e-01
66636	1.279138188428152e-01	1.288249551693134e-01
68982	1.254973905990709e-01	1.258925411794167e-01
74495	1.224524500617526e-01	1.230268770812381e-01
185582	1.177693146833643e-01	1.202264434617413e-01
185847	9.647594853433794e-02	9.772372209558107e-02
186112	7.899147509461335e-02	7.943282347242814e-02
186377	6.906162410461381e-02	6.918309709189366e-02
186642	6.281330545665764e-02	6.309573444801933e-02
186907	5.550571205174670e-02	5.623413251903491e-02
187172	4.749046858692119e-02	4.786300923226382e-02
187437	4.223253373965996e-02	4.265795188015926e-02
187681	4.010872152191836e-02	4.073802778041128e-02
187946	3.955891483351126e-02	3.981071705534973e-02
312626	3.861770360438632e-02	3.890451449942807e-02
312887	3.780262568786763e-02	3.801893963205612e-02
313171	3.581676648175547e-02	3.630780547701014e-02
313541	3.256542773894988e-02	3.311311214825911e-02
313913	2.959003310168828e-02	3.019951720402016e-02
314369	2.762214927868878e-02	2.818382931264454e-02
314804	2.531480792009633e-02	2.570395782768863e-02
315239	2.115986283253823e-02	2.137962089502233e-02
315716	1.761603477098495e-02	1.778279410038923e-02
316172	1.659437501775030e-02	1.659586907437561e-02
316732	1.343264625937102e-02	1.348962882591653e-02
317313	9.977928862479390e-03	1.000000000000000e-02
317811	9.471218899781975e-03	9.549925860214359e-03
318582	8.529246107647159e-03	8.709635899560805e-03
319269	8.292111176527062e-03	8.317637711026709e-03
320976	8.127794532268973e-03	8.128305161640995e-03
325816	7.733671688490151e-03	7.762471166286920e-03
326121	7.399843493787528e-03	7.413102413009177e-03
326406	7.133106092396257e-03	7.244359600749898e-03
326817	6.886664456566494e-03	6.918309709189363e-03
327186	6.692478575567429e-03	6.760829753919818e-03
327792	6.491688266430762e-03	6.606934480075957e-03
328161	6.338790557833263e-03	6.456542290346556e-03
328530	6.169245369091803e-03	6.309573444801930e-03
328986	5.992607245373982e-03	6.025595860743574e-03
329653	5.837677790707207e-03	5.888436553555890e-03
329936	5.680972888224445e-03	5.754399373371567e-03
330951	5.537384829513603e-03	5.623413251903491e-03
331322	5.398595585333732e-03	5.495408738576248e-03
332161	5.274813578258541e-03	5.370317963702527e-03
333045	5.160527300263174e-03	5.248074602497728e-03
333373	5.048854449064666e-03	5.128613839913648e-03
334198	4.914004791239934e-03	5.011872336272725e-03
334630	4.811560740718646e-03	4.897788193684461e-03
335498	4.714924559165001e-03	4.786300923226385e-03
335780	4.618764169479816e-03	4.677351412871981e-03
336062	4.529751324655384e-03	4.570881896148752e-03
338508	4.445186910287391e-03	4.466835921509630e-03
339268	4.310109506612259e-03	4.365158322401661e-03
339551	4.245872136663498e-03	4.265795188015926e-03
340007	4.167829709381787e-03	4.168693834703355e-03
340744	4.022870862039341e-03	4.073802778041126e-03
341006	3.960813180906464e-03	3.981071705534973e-03
341534	3.830282442453758e-03	3.890451449942805e-03
341796	3.773300190476503e-03	3.801893963205613e-03
342303	3.674409346459906e-03	3.715352290971724e-03
342565	3.602742487988642e-03	3.630780547701014e-03
343558	3.508779642350968e-03	3.548133892335753e-03
344322	3.423532661094741e-03	3.467368504525317e-03
344692	3.380542943658971e-03	3.388441561392024e-03
345667	3.294089516769905e-03	3.311311214825911e-03
346318	3.214879023398232e-03	3.235936569296281e-03
347013	3.130782607908555e-03	3.162277660168379e-03
347602	3.052471731443185e-03	3.090295432513592e-03
347841	3.016431956390009e-03	3.019951720402016e-03
348839	2.941657128550323e-03	2.951209226666387e-03
349880	2.871272442530937e-03	2.884031503126605e-03
350772	2.801766217243817e-03	2.818382931264455e-03
351465	2.736830245862132e-03	2.754228703338166e-03
352374	2.679840536610190e-03	2.691534803926917e-03
353526	2.622780878389297e-03	2.630267991895381e-03
354943	2.570140986894121e-03	2.570395782768865e-03
356390	2.496314932654231e-03	2.511886431509579e-03
356871	2.448296101793535e-03	2.454708915685031e-03
358304	2.377422523872186e-03	2.398832919019490e-03
360346	2.332556752101200e-03	2.344228815319923e-03
361409	2.281472703580589e-03	2.290867652767772e-03
362540	2.221642831413018e-03	2.238721138568340e-03
363146	2.179188166612223e-03	2.187761623949552e-03
363996	2.119489004243191e-03	2.137962089502233e-03
365108	2.082986338317050e-03	2.089296130854039e-03
365978	2.026333677672354e-03	2.041737944669530e-03
366741	1.993509372661295e-03	1.995262314968879e-03
367628	1.948732065232162e-03	1.949844599758046e-03
368631	1.893390014777063e-03	1.905460717963246e-03
369508	1.859503458873424e-03	1.862087136662868e-03
371032	1.813282802407445e-03	1.819700858609983e-03
372204	1.767333497339152e-03	1.778279410038923e-03
373224	1.736575278093566e-03	1.737800828749376e-03
375043	1.697350722013269e-03	1.698243652461744e-03
376007	1.656880364852231e-03	1.659586907437561e-03
376833	1.616645471664846e-03	1.621810097358930e-03
378346	1.578948609742947e-03	1.584893192461114e-03
379796	1.539510728022830e-03	1.548816618912481e-03
381258	1.509658782331669e-03	1.513561248436209e-03
382650	1.474437711055043e-03	1.479108388168207e-03
383755	1.440266501403165e-03	1.445439770745928e-03
385815	1.407805748586344e-03	1.412537544622754e-03
387056	1.377047196169712e-03	1.380384264602885e-03
388792	1.347802079845195e-03	1.348962882591653e-03
391244	1.315117747782479e-03	1.318256738556408e-03
393349	1.283033168878234e-03	1.288249551693134e-03
394937	1.258870964627734e-03	1.258925411794167e-03
397922	1.228768942887926e-03	1.230268770812381e-03
400049	1.199927147630842e-03	1.202264434617413e-03
402380	1.170890251168344e-03	1.174897554939529e-03
403861	1.145321800667287e-03	1.148153621496883e-03
405794	1.121015887428078e-03	1.122018454301963e-03
407230	1.096235342539220e-03	1.096478196143185e-03
408603	1.068276674496826e-03	1.071519305237606e-03
409677	1.043700273965276e-03	1.047128548050900e-03
410810	1.019285649597634e-03	1.023292992280754e-03
411862	9.994994902466914e-04	1.000000000000000e-03
413732	9.751309044111478e-04	9.772372209558111e-04
415252	9.534872557810381e-04	9.549925860214359e-04
416778	9.320975001992915e-04	9.332543007969915e-04
418312	9.117380869394509e-04	9.120108393559096e-04
420383	8.911587766106122e-04	8.912509381337459e-04
422369	8.695145831671969e-04	8.709635899560805e-04
424270	8.487273181725374e-04	8.511380382023768e-04
425922	8.312106217965853e-04	8.317637711026709e-04
427276	8.118262134558796e-04	8.128305161640995e-04
428908	7.933684480568859e-04	7.943282347242813e-04
430689	7.749434645349940e-04	7.762471166286919e-04
432345	7.569114308303426e-04	7.585775750291835e-04
433822	7.394451178978079e-04	7.413102413009177e-04
436125	7.232988072484181e-04	7.244359600749898e-04
438283	7.067487691480023e-04	7.079457843841380e-04
440524	6.913123995031523e-04	6.918309709189362e-04
443161	6.751050318383189e-04	6.760829753919819e-04
445384	6.602063976073325e-04	6.606934480075957e-04
448381	6.445814901397950e-04	6.456542290346556e-04
450034	6.295862566821908e-04	6.309573444801930e-04
451267	6.164034836313448e-04	6.165950018614823e-04
454195	6.020260922677823e-04	6.025595860743575e-04
456386	5.881722812421941e-04	5.888436553555889e-04
458847	5.747638880198025e-04	5.754399373371566e-04
461392	5.622803224721862e-04	5.623413251903491e-04
463445	5.490563534428228e-04	5.495408738576248e-04
465299	5.363810583454143e-04	5.370317963702527e-04
466763	5.240923775053918e-04	5.248074602497728e-04
468693	5.118645246349196e-04	5.128613839913648e-04
470373	5.010952218034159e-04	5.011872336272725e-04
472232	4.895762180441299e-04	4.897788193684461e-04
475100	4.784077355056704e-04	4.786300923226385e-04
477237	4.675514512980650e-04	4.677351412871981e-04
479791	4.568199678621765e-04	4.570881896148752e-04
482658	4.464444797679379e-04	4.466835921509630e-04
485318	4.362815838118150e-04	4.365158322401661e-04
488350	4.260103057485143e-04	4.265795188015926e-04
490308	4.166442759199196e-04	4.168693834703355e-04
492501	4.070300478213884e-04	4.073802778041126e-04
494500	3.980556542679814e-04	3.981071705534974e-04
496525	3.888240582567981e-04	3.890451449942805e-04
498317	3.798656750727547e-04	3.801893963205612e-04
500141	3.710473048150753e-04	3.715352290971724e-04
502858	3.626523575325225e-04	3.630780547701014e-04
505077	3.545924613229667e-04	3.548133892335753e-04
507424	3.466976203423400e-04	3.467368504525317e-04
509962	3.388355503516349e-04	3.388441561392024e-04
511979	3.310183377247533e-04	3.311311214825911e-04
514188	3.232756154954997e-04	3.235936569296281e-04
515344	3.161352226870306e-04	3.162277660168379e-04
516703	3.088447994862298e-04	3.090295432513592e-04
518945	3.016538867615104e-04	3.019951720402016e-04
520893	2.950033054377466e-04	2.951209226666387e-04
523321	2.882486302587806e-04	2.884031503126605e-04
525565	2.816629277703209e-04	2.818382931264455e-04
527792	2.752443625498868e-04	2.754228703338166e-04
530044	2.691506895204920e-04	2.691534803926917e-04
531625	2.628887706160876e-04	2.630267991895381e-04
533337	2.570316765840852e-04	2.570395782768865e-04
534905	2.510568471195684e-04	2.511886431509580e-04
537665	2.454217309979523e-04	2.454708915685031e-04
539953	2.398699399736026e-04	2.398832919019490e-04
542352	2.343666631900998e-04	2.344228815319923e-04
544261	2.290179308506168e-04	2.290867652767772e-04
547174	2.238406221291012e-04	2.238721138568340e-04
549352	2.187516633557207e-04	2.187761623949552e-04
551811	2.137175048170237e-04	2.137962089502232e-04
553529	2.088660907190176e-04	2.089296130854039e-04
555419	2.040632579168866e-04	2.041737944669530e-04
557055	1.994151965679647e-04	1.995262314968879e-04
558640	1.948435440849439e-04	1.949844599758046e-04
560299	1.905154998965708e-04	1.905460717963246e-04
562035	1.861146761212851e-04	1.862087136662868e-04
564054	1.819595355515569e-04	1.819700858609983e-04
566240	1.777442981608646e-04	1.778279410038923e-04
568518	1.736920684366483e-04	1.737800828749376e-04
570822	1.698061656798533e-04	1.698243652461744e-04
573117	1.658936891957286e-04	1.659586907437562e-04
575670	1.621045858254400e-04	1.621810097358930e-04
577099	1.584483210551602e-04	1.584893192461114e-04
578362	1.548399347158780e-04	1.548816618912481e-04
579853	1.513430953918871e-04	1.513561248436209e-04
581790	1.478490089897866e-04	1.479108388168207e-04
583299	1.445304548725046e-04	1.445439770745928e-04
584851	1.412422974338412e-04	1.412537544622754e-04
586759	1.380095175589346e-04	1.380384264602885e-04
589162	1.348811661893157e-04	1.348962882591653e-04
590343	1.317635719081389e-04	1.318256738556407e-04
592041	1.288086842835545e-04	1.288249551693134e-04
593808	1.258502867006461e-04	1.258925411794167e-04
596426	1.229784751608509e-04	1.230268770812381e-04
599067	1.202160716166079e-04	1.202264434617413e-04
601826	1.174727401396236e-04	1.174897554939529e-04
603667	1.147844379882912e-04	1.148153621496883e-04
605627	1.121874300439307e-04	1.122018454301963e-04
607924	1.096164439293723e-04	1.096478196143185e-04
609938	1.071411766331298e-04	1.071519305237606e-04
611349	1.046764099139619e-04	1.047128548050900e-04
612768	1.023264463464457e-04	1.023292992280754e-04
613913	9.999700494045527e-05	1.000000000000000e-04
615227	9.770597348013332e-05	9.772372209558111e-05
616245	9.547788802000134e-05	9.549925860214369e-05
617214	9.329588012396695e-05	9.332543007969905e-05
619080	9.117103370193114e-05	9.120108393559096e-05
620868	8.910445499921149e-05	8.912509381337459e-05
623136	8.707723865641892e-05	8.709635899560814e-05
624738	8.509409893220354e-05	8.511380382023759e-05
626917	8.315176865980600e-05	8.317637711026709e-05
629043	8.125915603174327e-05	8.128305161640995e-05
630333	7.942433623775447e-05	7.943282347242822e-05
630952	7.761934820682548e-05	7.762471166286911e-05
632394	7.584201602406360e-05	7.585775750291836e-05
633920	7.411377816712861e-05	7.413102413009176e-05
635514	7.244098568170987e-05	7.244359600749906e-05
637143	7.078008714356265e-05	7.079457843841373e-05
638895	6.917465036682113e-05	6.918309709189363e-05
641061	6.759058952365837e-05	6.760829753919819e-05
642233	6.605724441000049e-05	6.606934480075965e-05
643739	6.456087413020395e-05	6.456542290346549e-05
645229	6.309144196825489e-05	6.309573444801929e-05
647316	6.164699693822495e-05	6.165950018614822e-05
650148	6.025340492155085e-05	6.025595860743581e-05
652940	5.887443605656628e-05	5.888436553555884e-05
655468	5.753910663397477e-05	5.754399373371566e-05
656684	5.622991417864043e-05	5.623413251903491e-05
658560	5.494492468038903e-05	5.495408738576248e-05
659689	5.369835992241612e-05	5.370317963702532e-05
660639	5.247774361449853e-05	5.248074602497723e-05
661942	5.128327272829747e-05	5.128613839913648e-05
663177	5.011551720912610e-05	5.011872336272725e-05
664353	4.897344742171850e-05	4.897788193684466e-05
665257	4.785582653943354e-05	4.786300923226380e-05
665873	4.677305145683874e-05	4.677351412871981e-05
666816	4.570724637609214e-05	4.570881896148752e-05
668227	4.466672431258090e-05	4.466835921509635e-05
669702	4.364892786890007e-05	4.365158322401657e-05
671151	4.265600149011561e-05	4.265795188015926e-05
673248	4.168576905327903e-05	4.168693834703355e-05
674543	4.073531874349001e-05	4.073802778041130e-05
676099	3.980900533673282e-05	3.981071705534969e-05
676405	3.890004020279392e-05	3.890451449942805e-05
678055	3.801875581566083e-05	3.801893963205612e-05
679259	3.715279776272951e-05	3.715352290971728e-05
680288	3.630517680541789e-05	3.630780547701010e-05
680920	3.547815276594424e-05	3.548133892335753e-05
681767	3.467348534980097e-05	3.467368504525317e-05
682725	3.388096729162182e-05	3.388441561392028e-05
683613	3.311304085906741e-05	3.311311214825908e-05
684081	3.235836332182718e-05	3.235936569296281e-05
685246	3.162214743090974e-05	3.162277660168380e-05
686117	3.089930265487428e-05	3.090295432513592e-05
687425	3.019852256958000e-05	3.019951720402019e-05
689277	2.950943609636436e-05	2.951209226666384e-05
691199	2.883808373299601e-05	2.884031503126606e-05
691844	2.818236509272154e-05	2.818382931264455e-05
692782	2.753977930958218e-05	2.754228703338169e-05
693651	2.691295145673678e-05	2.691534803926914e-05
694320	2.630053906249596e-05	2.630267991895381e-05
694951	2.570201123608395e-05	2.570395782768864e-05
695562	2.511851968689527e-05	2.511886431509582e-05
696480	2.454697192033617e-05	2.454708915685029e-05
697442	2.398748446397203e-05	2.398832919019490e-05
698069	2.344108642515774e-05	2.344228815319923e-05
698404	2.290723207198919e-05	2.290867652767775e-05
699073	2.238719241143272e-05	2.238721138568338e-05
699959	2.187654229279801e-05	2.187761623949552e-05
700857	2.137858092865486e-05	2.137962089502232e-05
702150	2.089136588045992e-05	2.089296130854041e-05
703038	2.041733854096783e-05	2.041737944669527e-05
703925	1.995122347031586e-05	1.995262314968879e-05
704807	1.949714541116254e-05	1.949844599758046e-05
705220	1.905412324931799e-05	1.905460717963248e-05
707158	1.862039123134984e-05	1.862087136662866e-05
708189	1.819586532492146e-05	1.819700858609983e-05
708733	1.778166998467334e-05	1.778279410038923e-05
709108	1.737684033598086e-05	1.737800828749376e-05
709455	1.698153872708996e-05	1.698243652461746e-05
709920	1.659538538967276e-05	1.659586907437560e-05
710298	1.621701238907480e-05	1.621810097358930e-05
710700	1.584833984791256e-05	1.584893192461114e-05
711332	1.548729960909601e-05	1.548816618912483e-05
711992	1.513516997353470e-05	1.513561248436207e-05
712521	1.479064134113361e-05	1.479108388168207e-05
713134	1.445365193197823e-05	1.445439770745928e-05
713705	1.412509357134883e-05	1.412537544622755e-05
714252	1.380364997871641e-05	1.380384264602884e-05
714775	1.348958970770475e-05	1.348962882591653e-05
715493	1.318237579439607e-05	1.318256738556407e-05
716016	1.288222235873437e-05	1.288249551693135e-05
716564	1.258870534293077e-05	1.258925411794166e-05
717072	1.230245045369394e-05	1.230268770812381e-05
717738	1.202250959875251e-05	1.202264434617413e-05
718375	1.174877808740593e-05	1.174897554939530e-05
719210	1.148109378479312e-05	1.148153621496882e-05
719721	1.121969285677871e-05	1.122018454301963e-05
720263	1.096428959412865e-05	1.096478196143185e-05
721333	1.071485011605589e-05	1.071519305237607e-05
722066	1.047115375085728e-05	1.047128548050899e-05
722874	1.023261930532815e-05	1.023292992280754e-05
723661	9.999913970659691e-06	1.000000000000000e-05
724491	9.772025106657978e-06	9.772372209558111e-06
725607	9.549753682058792e-06	9.549925860214369e-06
726288	9.332414087959151e-06	9.332543007969906e-06
999999	9.290535338490891e-06	9.332543007969906e-06
%
% index = 2615, name = bbob_f001_i13_d10__bbob_f021_i14_d10
% instance = 6, reference value = 9.163024178027700e-01
% function evaluation | indicator value | target hit
1	1.361875183814059e+00	1.380384264602885e+00
38	1.339595821311709e+00	1.348962882591654e+00
39	1.317746044205575e+00	1.318256738556407e+00
40	1.275367651177782e+00	1.288249551693134e+00
61	1.218204401575821e+00	1.230268770812382e+00
82	1.129918939810270e+00	1.148153621496883e+00
103	1.059354675120699e+00	1.071519305237606e+00
124	1.023520425912770e+00	1.047128548050900e+00
145	1.004455583754770e+00	1.023292992280754e+00
166	9.866162992257700e-01	1.000000000000000e+00
187	9.702026764277699e-01	9.772372209558107e-01
229	9.416152659827700e-01	9.549925860214360e-01
250	9.292561159487699e-01	9.332543007969910e-01
313	9.091313542574486e-01	9.120108393559098e-01
4393	8.909470330277650e-01	8.912509381337456e-01
4414	8.412800047179442e-01	8.511380382023764e-01
4435	7.643680127277312e-01	7.762471166286917e-01
4456	6.642055855450050e-01	6.760829753919817e-01
4477	5.629576734996613e-01	5.754399373371569e-01
4498	4.865008224424567e-01	4.897788193684462e-01
4519	4.464408430945392e-01	4.466835921509631e-01
22222	4.338080040982189e-01	4.365158322401660e-01
23167	4.249843856171940e-01	4.265795188015927e-01
23326	4.023466026978904e-01	4.073802778041127e-01
23440	3.742592075699337e-01	3.801893963205612e-01
23577	3.255508401079108e-01	3.311311214825911e-01
23737	2.512907140684871e-01	2.570395782768864e-01
23941	1.502641276019014e-01	1.513561248436208e-01
24189	9.096964965199528e-02	9.120108393559097e-02
24458	5.153546730735636e-02	5.248074602497726e-02
24748	2.911221514029516e-02	2.951209226666385e-02
25290	1.955234618423674e-02	1.995262314968880e-02
25642	1.600398821877091e-02	1.621810097358930e-02
26162	1.391386938182237e-02	1.412537544622754e-02
26620	1.344178707685562e-02	1.348962882591653e-02
43564	1.311297339261464e-02	1.318256738556407e-02
44627	1.272315813276825e-02	1.288249551693134e-02
44981	1.247150903218874e-02	1.258925411794167e-02
45540	1.206694377948869e-02	1.230268770812382e-02
45788	1.100106603020023e-02	1.122018454301964e-02
46036	9.814311629227634e-03	1.000000000000000e-02
46242	9.732752093134955e-03	9.772372209558112e-03
106851	9.414249706149458e-03	9.549925860214359e-03
106872	9.151217804367118e-03	9.332543007969915e-03
130358	8.938450056384939e-03	9.120108393559097e-03
130379	8.849820188204682e-03	8.912509381337459e-03
191368	8.638655201712253e-03	8.709635899560805e-03
194087	8.120818459370738e-03	8.128305161640995e-03
194290	7.777686860105382e-03	7.943282347242814e-03
194429	7.410471598519930e-03	7.413102413009177e-03
194674	7.031511750806296e-03	7.079457843841380e-03
194856	6.553126909402684e-03	6.606934480075957e-03
195101	6.422332820132381e-03	6.456542290346556e-03
195430	6.082656140304787e-03	6.165950018614822e-03
195675	5.811263110321319e-03	5.888436553555890e-03
195856	5.350031511738629e-03	5.370317963702527e-03
196092	5.093991786576102e-03	5.128613839913648e-03
196230	4.707751786692693e-03	4.786300923226385e-03
196559	4.657113741884045e-03	4.677351412871981e-03
196855	4.484450501705872e-03	4.570881896148752e-03
197078	4.456423890133676e-03	4.466835921509630e-03
197215	4.320851670600367e-03	4.365158322401661e-03
197353	4.226829767851270e-03	4.265795188015926e-03
197512	4.144415053261130e-03	4.168693834703355e-03
197999	4.064379308476584e-03	4.073802778041126e-03
198508	3.925673921586048e-03	3.981071705534973e-03
198667	3.846456077090998e-03	3.890451449942805e-03
198826	3.681419545989884e-03	3.715352290971724e-03
199069	3.613987780869632e-03	3.630780547701014e-03
199449	3.469072546071539e-03	3.548133892335753e-03
199692	3.392346013237679e-03	3.467368504525317e-03
199978	3.237690858562736e-03	3.311311214825911e-03
200094	3.230825221779976e-03	3.235936569296281e-03
200453	3.159841173259070e-03	3.162277660168379e-03
200982	3.049624118454886e-03	3.090295432513592e-03
201118	3.010301626473422e-03	3.019951720402016e-03
201361	2.940048659387573e-03	2.951209226666387e-03
202468	2.860792857297345e-03	2.884031503126605e-03
202974	2.799238641913115e-03	2.818382931264455e-03
203289	2.691834080299271e-03	2.754228703338166e-03
203446	2.615955424688843e-03	2.630267991895381e-03
203717	2.559356078874253e-03	2.570395782768865e-03
203945	2.506751436600729e-03	2.511886431509579e-03
204198	2.451953327804568e-03	2.454708915685031e-03
204704	2.350633036344307e-03	2.398832919019490e-03
204936	2.314142863919955e-03	2.344228815319923e-03
205207	2.265161867546550e-03	2.290867652767772e-03
205479	2.229776015634455e-03	2.238721138568340e-03
206150	2.173357174091617e-03	2.187761623949552e-03
206286	2.135028742513034e-03	2.137962089502233e-03
206705	2.086118886676314e-03	2.089296130854039e-03
207070	2.029698809797198e-03	2.041737944669530e-03
207469	1.972649434408558e-03	1.995262314968879e-03
207850	1.944904051250140e-03	1.949844599758046e-03
208447	1.889252693383026e-03	1.905460717963246e-03
208866	1.846496465420233e-03	1.862087136662868e-03
209329	1.788825061000532e-03	1.819700858609983e-03
209515	1.764736660585520e-03	1.778279410038923e-03
210654	1.732991784605176e-03	1.737800828749376e-03
211228	1.687120336432590e-03	1.698243652461744e-03
211866	1.657856116565881e-03	1.659586907437561e-03
212440	1.613620584414832e-03	1.621810097358930e-03
212720	1.572403725770832e-03	1.584893192461114e-03
213032	1.545424539382889e-03	1.548816618912481e-03
213691	1.507656366349419e-03	1.513561248436209e-03
214009	1.473879144969104e-03	1.479108388168207e-03
214456	1.442251822907803e-03	1.445439770745928e-03
215250	1.407642033461665e-03	1.412537544622754e-03
215782	1.377172331912813e-03	1.380384264602885e-03
216605	1.339837231352448e-03	1.348962882591653e-03
216883	1.311278377715497e-03	1.318256738556408e-03
217585	1.279552070907908e-03	1.288249551693134e-03
217853	1.255217818444399e-03	1.258925411794167e-03
218212	1.227672981376493e-03	1.230268770812381e-03
218618	1.198376195494011e-03	1.202264434617413e-03
219382	1.171618936012142e-03	1.174897554939529e-03
219903	1.147349641049011e-03	1.148153621496883e-03
220792	1.120888879442616e-03	1.122018454301963e-03
221655	1.094765368792827e-03	1.096478196143185e-03
222596	1.070531203833269e-03	1.071519305237606e-03
223572	1.042716500798124e-03	1.047128548050900e-03
224443	1.022835886963391e-03	1.023292992280754e-03
225512	9.968534355521141e-04	1.000000000000000e-03
226521	9.725234793037663e-04	9.772372209558111e-04
227795	9.495716489494876e-04	9.549925860214359e-04
228415	9.309159476293960e-04	9.332543007969915e-04
229578	9.093510751078115e-04	9.120108393559096e-04
230372	8.885992733519421e-04	8.912509381337459e-04
231312	8.699250934590674e-04	8.709635899560805e-04
232794	8.492120772226608e-04	8.511380382023768e-04
233150	8.293089335659198e-04	8.317637711026709e-04
235175	8.089637124225613e-04	8.128305161640995e-04
236080	7.927341623424899e-04	7.943282347242813e-04
236660	7.712211662185275e-04	7.762471166286919e-04
237463	7.572784308408353e-04	7.585775750291835e-04
238380	7.391731043279171e-04	7.413102413009177e-04
239630	7.221583635724782e-04	7.244359600749898e-04
240865	7.070609713165643e-04	7.079457843841380e-04
242782	6.903903717866422e-04	6.918309709189362e-04
244564	6.743875536906474e-04	6.760829753919819e-04
245609	6.602910175964594e-04	6.606934480075957e-04
246389	6.452470628153240e-04	6.456542290346556e-04
247102	6.307446606010902e-04	6.309573444801930e-04
247876	6.144600422622881e-04	6.165950018614823e-04
248952	6.013901053252280e-04	6.025595860743575e-04
249449	5.886372075486479e-04	5.888436553555889e-04
250696	5.749155819930740e-04	5.754399373371566e-04
252252	5.616045162716299e-04	5.623413251903491e-04
254312	5.491657277271189e-04	5.495408738576248e-04
256221	5.352539052057015e-04	5.370317963702527e-04
257265	5.241587596227504e-04	5.248074602497728e-04
258027	5.119781080485941e-04	5.128613839913648e-04
259106	5.006128097423401e-04	5.011872336272725e-04
260132	4.882224473149455e-04	4.897788193684461e-04
261808	4.783392516354290e-04	4.786300923226385e-04
264728	4.672351359528149e-04	4.677351412871981e-04
265664	4.566173451283628e-04	4.570881896148752e-04
266618	4.464736424434346e-04	4.466835921509630e-04
268464	4.349500266549455e-04	4.365158322401661e-04
269736	4.264294701731286e-04	4.265795188015926e-04
270890	4.164875840845239e-04	4.168693834703355e-04
272718	4.068462029360731e-04	4.073802778041126e-04
273822	3.980217718687618e-04	3.981071705534974e-04
275056	3.889117199864511e-04	3.890451449942805e-04
277117	3.800516527964204e-04	3.801893963205612e-04
279066	3.714027184760216e-04	3.715352290971724e-04
280014	3.630105311472898e-04	3.630780547701014e-04
282249	3.546019990240401e-04	3.548133892335753e-04
284356	3.464195869913311e-04	3.467368504525317e-04
286471	3.385426851008067e-04	3.388441561392024e-04
288161	3.307562452317114e-04	3.311311214825911e-04
289020	3.232979897046517e-04	3.235936569296281e-04
290499	3.161878538481266e-04	3.162277660168379e-04
292077	3.089877820153797e-04	3.090295432513592e-04
294242	3.019390888197027e-04	3.019951720402016e-04
296452	2.947094751933887e-04	2.951209226666387e-04
298690	2.882891041853242e-04	2.884031503126605e-04
301117	2.817822071085052e-04	2.818382931264455e-04
302860	2.753284439058756e-04	2.754228703338166e-04
305107	2.691207741251089e-04	2.691534803926917e-04
306677	2.629322749480023e-04	2.630267991895381e-04
308135	2.569175821761638e-04	2.570395782768865e-04
310336	2.509065901727947e-04	2.511886431509580e-04
313419	2.453091898693138e-04	2.454708915685031e-04
317841	2.397060471094337e-04	2.398832919019490e-04
320428	2.342188642951992e-04	2.344228815319923e-04
322815	2.288734073900844e-04	2.290867652767772e-04
325832	2.236326395604893e-04	2.238721138568340e-04
328033	2.185543246393529e-04	2.187761623949552e-04
330863	2.137558345610691e-04	2.137962089502232e-04
332972	2.089052592849638e-04	2.089296130854039e-04
336275	2.041533293699604e-04	2.041737944669530e-04
338533	1.993894308708333e-04	1.995262314968879e-04
340182	1.949081555013832e-04	1.949844599758046e-04
341803	1.904981555839180e-04	1.905460717963246e-04
344155	1.861246548807705e-04	1.862087136662868e-04
346458	1.817201223848208e-04	1.819700858609983e-04
349745	1.777517002765627e-04	1.778279410038923e-04
352971	1.737664280181406e-04	1.737800828749376e-04
359328	1.697119341547149e-04	1.698243652461744e-04
362827	1.658032099750573e-04	1.659586907437562e-04
364619	1.620925452454625e-04	1.621810097358930e-04
366180	1.584229428073236e-04	1.584893192461114e-04
368548	1.548461243836563e-04	1.548816618912481e-04
370601	1.512734926046866e-04	1.513561248436209e-04
375138	1.477901112045821e-04	1.479108388168207e-04
377819	1.444420736753660e-04	1.445439770745928e-04
379897	1.412133629002943e-04	1.412537544622754e-04
383342	1.380004535324053e-04	1.380384264602885e-04
385791	1.348188057601618e-04	1.348962882591653e-04
388607	1.318094178935914e-04	1.318256738556407e-04
391252	1.287198485149244e-04	1.288249551693134e-04
394542	1.258625203900410e-04	1.258925411794167e-04
400219	1.230082508960617e-04	1.230268770812381e-04
404284	1.201604954201851e-04	1.202264434617413e-04
408433	1.174698534834873e-04	1.174897554939529e-04
411748	1.147201053310898e-04	1.148153621496883e-04
414648	1.121883378241151e-04	1.122018454301963e-04
417576	1.096286417870962e-04	1.096478196143185e-04
419879	1.070939405745097e-04	1.071519305237606e-04
422183	1.046479216777474e-04	1.047128548050900e-04
424429	1.022926216697195e-04	1.023292992280754e-04
426978	9.998860549731425e-05	1.000000000000000e-04
429428	9.769884771393400e-05	9.772372209558111e-05
431692	9.549344969994600e-05	9.549925860214369e-05
433419	9.329236476707248e-05	9.332543007969905e-05
437930	9.116462571812090e-05	9.120108393559096e-05
441235	8.912250070436389e-05	8.912509381337459e-05
444886	8.709195511147350e-05	8.709635899560814e-05
448390	8.509394054700969e-05	8.511380382023759e-05
449918	8.316753124093523e-05	8.317637711026709e-05
450971	8.121385000314785e-05	8.128305161640995e-05
451728	7.942621272183370e-05	7.943282347242822e-05
453160	7.760413190383009e-05	7.762471166286911e-05
454859	7.583514175446560e-05	7.585775750291836e-05
456944	7.410186221568082e-05	7.413102413009176e-05
458730	7.244070607059783e-05	7.244359600749906e-05
459653	7.079162770950997e-05	7.079457843841373e-05
461655	6.917718007637408e-05	6.918309709189363e-05
463442	6.759227513142285e-05	6.760829753919819e-05
464291	6.606661366814759e-05	6.606934480075965e-05
465827	6.453045651266809e-05	6.456542290346549e-05
466993	6.308098780316573e-05	6.309573444801929e-05
469548	6.165759906984203e-05	6.165950018614822e-05
472298	6.023838668145487e-05	6.025595860743581e-05
474764	5.886860841908259e-05	5.888436553555884e-05
477360	5.753541223241232e-05	5.754399373371566e-05
479904	5.621889138773817e-05	5.623413251903491e-05
482011	5.494664766725332e-05	5.495408738576248e-05
482450	5.369598916138418e-05	5.370317963702532e-05
483357	5.247438259115000e-05	5.248074602497723e-05
484627	5.128294984879656e-05	5.128613839913648e-05
485297	5.011698959556110e-05	5.011872336272725e-05
485826	4.897754152388689e-05	4.897788193684466e-05
486484	4.786036878945410e-05	4.786300923226380e-05
487388	4.677006358844160e-05	4.677351412871981e-05
488816	4.570481665455706e-05	4.570881896148752e-05
490394	4.465990389412866e-05	4.466835921509635e-05
492172	4.364715786786544e-05	4.365158322401657e-05
493485	4.264894607119984e-05	4.265795188015926e-05
494142	4.168366432111270e-05	4.168693834703355e-05
494878	4.072946807720523e-05	4.073802778041130e-05
495436	3.980539107251158e-05	3.981071705534969e-05
496085	3.889800918099873e-05	3.890451449942805e-05
496788	3.801252078206030e-05	3.801893963205612e-05
498030	3.715122848335639e-05	3.715352290971728e-05
498737	3.630421962819153e-05	3.630780547701010e-05
499395	3.547745858678564e-05	3.548133892335753e-05
500329	3.467214395236340e-05	3.467368504525317e-05
501009	3.387936428900229e-05	3.388441561392028e-05
501698	3.311113123893872e-05	3.311311214825908e-05
502524	3.235504039911241e-05	3.235936569296281e-05
503098	3.161649821481483e-05	3.162277660168380e-05
504839	3.090084111423419e-05	3.090295432513592e-05
506484	3.019755765643062e-05	3.019951720402019e-05
507638	2.951129619654935e-05	2.951209226666384e-05
509061	2.883743882442502e-05	2.884031503126606e-05
510096	2.818104156654400e-05	2.818382931264455e-05
511183	2.754197487531140e-05	2.754228703338169e-05
512562	2.691275365562795e-05	2.691534803926914e-05
513103	2.630007652859589e-05	2.630267991895381e-05
513803	2.570216862129993e-05	2.570395782768864e-05
514432	2.511531484528096e-05	2.511886431509582e-05
514946	2.454490305325852e-05	2.454708915685029e-05
515431	2.398544479942366e-05	2.398832919019490e-05
516288	2.343920693725909e-05	2.344228815319923e-05
516861	2.290493088419332e-05	2.290867652767775e-05
517771	2.238717054103834e-05	2.238721138568338e-05
519091	2.187340154569117e-05	2.187761623949552e-05
520662	2.137732187856844e-05	2.137962089502232e-05
522435	2.089262616100651e-05	2.089296130854041e-05
523203	2.041402577201978e-05	2.041737944669527e-05
523717	1.995083104799900e-05	1.995262314968879e-05
524330	1.949810179036060e-05	1.949844599758046e-05
525313	1.905417525349673e-05	1.905460717963248e-05
526205	1.862031244526108e-05	1.862087136662866e-05
527347	1.819545651893240e-05	1.819700858609983e-05
528214	1.778175877675814e-05	1.778279410038923e-05
528878	1.737418623937170e-05	1.737800828749376e-05
529432	1.698165571906163e-05	1.698243652461746e-05
530094	1.659564686073978e-05	1.659586907437560e-05
530836	1.621736994650291e-05	1.621810097358930e-05
531694	1.584762062800671e-05	1.584893192461114e-05
532666	1.548744554591419e-05	1.548816618912483e-05
534563	1.513370762673549e-05	1.513561248436207e-05
536106	1.479091137168709e-05	1.479108388168207e-05
537495	1.445397549071359e-05	1.445439770745928e-05
538514	1.412460466532206e-05	1.412537544622755e-05
539134	1.380379470705684e-05	1.380384264602884e-05
540343	1.348876410534050e-05	1.348962882591653e-05
541174	1.318244927661638e-05	1.318256738556407e-05
542048	1.288204069582743e-05	1.288249551693135e-05
542730	1.258903729173255e-05	1.258925411794166e-05
543553	1.230194491275149e-05	1.230268770812381e-05
544305	1.202203770778176e-05	1.202264434617413e-05
545146	1.174873833587053e-05	1.174897554939530e-05
545887	1.148114153937119e-05	1.148153621496882e-05
546631	1.121963301309314e-05	1.122018454301963e-05
547702	1.096451984872182e-05	1.096478196143185e-05
548761	1.071488061243908e-05	1.071519305237607e-05
549681	1.047066250148276e-05	1.047128548050899e-05
550664	1.023197774063789e-05	1.023292992280754e-05
551214	9.999810473337867e-06	1.000000000000000e-05
551740	9.772262831941880e-06	9.772372209558111e-06
552464	9.549292286581412e-06	9.549925860214369e-06
553335	9.332419374508127e-06	9.332543007969906e-06
554257	9.119379869027000e-06	9.120108393559096e-06
555044	8.912321987186722e-06	8.912509381337459e-06
556005	8.709198874523594e-06	8.709635899560814e-06
556853	8.510983041221110e-06	8.511380382023760e-06
557587	8.317401699264870e-06	8.317637711026709e-06
558424	8.128243643157340e-06	8.128305161640995e-06
559168	7.943230519447120e-06	7.943282347242822e-06
560040	7.762336385885860e-06	7.762471166286911e-06
560891	7.585564869572181e-06	7.585775750291836e-06
562143	7.412543883478229e-06	7.413102413009177e-06
563743	7.244115170945697e-06	7.244359600749906e-06
565220	7.079420393796276e-06	7.079457843841373e-06
566619	6.917977995901659e-06	6.918309709189363e-06
567757	6.760655533621929e-06	6.760829753919819e-06
568660	6.606851387536139e-06	6.606934480075964e-06
570276	6.456511861263614e-06	6.456542290346549e-06
571263	6.309406027638076e-06	6.309573444801930e-06
572324	6.165872895036451e-06	6.165950018614822e-06
573571	6.025558096145467e-06	6.025595860743581e-06
574739	5.888335430026537e-06	5.888436553555884e-06
575585	5.754367400800930e-06	5.754399373371567e-06
576769	5.623402681842471e-06	5.623413251903491e-06
577855	5.495323764703741e-06	5.495408738576248e-06
578841	5.370285111383488e-06	5.370317963702533e-06
580296	5.247949541709040e-06	5.248074602497723e-06
581684	5.128516912700221e-06	5.128613839913648e-06
582955	5.011789448339243e-06	5.011872336272725e-06
584402	4.897564159667134e-06	4.897788193684467e-06
585274	4.786091822195360e-06	4.786300923226380e-06
586203	4.677339585201779e-06	4.677351412871981e-06
587273	4.570785640756192e-06	4.570881896148752e-06
588378	4.466754242149484e-06	4.466835921509635e-06
589515	4.365137886708226e-06	4.365158322401657e-06
590832	4.265772827860559e-06	4.265795188015926e-06
592137	4.168627686818027e-06	4.168693834703355e-06
593541	4.073780974778174e-06	4.073802778041131e-06
594855	3.981047444256980e-06	3.981071705534969e-06
596081	3.890419755347985e-06	3.890451449942805e-06
597279	3.801872533903961e-06	3.801893963205613e-06
598689	3.715331533982180e-06	3.715352290971728e-06
599878	3.630758694916913e-06	3.630780547701010e-06
601205	3.548121571328444e-06	3.548133892335753e-06
602776	3.467346496588419e-06	3.467368504525317e-06
604363	3.388392596059830e-06	3.388441561392028e-06
606225	3.311253317317409e-06	3.311311214825908e-06
607593	3.235913072718866e-06	3.235936569296281e-06
609245	3.162238971787801e-06	3.162277660168379e-06
611158	3.090268062000412e-06	3.090295432513592e-06
613399	3.019884974309051e-06	3.019951720402019e-06
614874	2.951193521449902e-06	2.951209226666384e-06
616459	2.883977469725352e-06	2.884031503126606e-06
618068	2.818376072633022e-06	2.818382931264455e-06
999987	2.794481476553479e-06	2.818382931264455e-06
%
% index = 2616, name = bbob_f001_i15_d10__bbob_f021_i16_d10
% instance = 7, reference value = 8.179271998238971e-01
% function evaluation | indicator value | target hit
1	2.095313076259596e+00	2.137962089502232e+00
37	2.085761154822462e+00	2.089296130854040e+00
40	2.019587394068222e+00	2.041737944669529e+00
61	1.966932756360887e+00	1.995262314968880e+00
82	1.878729673518938e+00	1.905460717963247e+00
103	1.792775415401897e+00	1.819700858609983e+00
124	1.708868950782397e+00	1.737800828749375e+00
145	1.627005083203897e+00	1.659586907437561e+00
166	1.547261368846897e+00	1.548816618912481e+00
187	1.469729535932397e+00	1.479108388168207e+00
208	1.394514798355397e+00	1.412537544622754e+00
229	1.321733838039397e+00	1.348962882591654e+00
250	1.251511042339897e+00	1.258925411794167e+00
271	1.183973059702397e+00	1.202264434617413e+00
292	1.119241670792397e+00	1.122018454301963e+00
313	1.057425484779897e+00	1.071519305237606e+00
334	9.986109579803970e-01	1.000000000000000e+00
355	9.428541250583971e-01	9.549925860214360e-01
376	8.901745906673970e-01	8.912509381337456e-01
397	8.405536108938971e-01	8.511380382023764e-01
418	8.061536491717769e-01	8.128305161640993e-01
439	7.819575004355324e-01	7.943282347242815e-01
460	7.562440421029504e-01	7.585775750291838e-01
481	7.297751625594536e-01	7.413102413009175e-01
502	7.032056595531299e-01	7.079457843841379e-01
523	6.770400163770466e-01	6.918309709189365e-01
544	6.516200734324527e-01	6.606934480075960e-01
565	6.271399812299305e-01	6.309573444801932e-01
586	6.036830881257091e-01	6.165950018614822e-01
607	5.812730034683102e-01	5.888436553555889e-01
628	5.599274451364820e-01	5.623413251903491e-01
649	5.397011876901519e-01	5.495408738576245e-01
670	5.207066438111898e-01	5.248074602497725e-01
691	5.031084014121732e-01	5.128613839913648e-01
712	4.870978950099506e-01	4.897788193684462e-01
733	4.728609396651923e-01	4.786300923226383e-01
754	4.605505357177855e-01	4.677351412871982e-01
775	4.502720650877206e-01	4.570881896148750e-01
796	4.420811381637107e-01	4.466835921509631e-01
817	4.359902710010283e-01	4.365158322401660e-01
901	4.132309755401073e-01	4.168693834703354e-01
2764	4.070674749496961e-01	4.073802778041127e-01
3524	3.913020773073401e-01	3.981071705534972e-01
3959	3.716631063098128e-01	3.801893963205612e-01
4415	3.441165197196861e-01	3.467368504525316e-01
4914	3.194844043840875e-01	3.235936569296283e-01
5413	2.982192053966193e-01	3.019951720402016e-01
5785	2.809954949333908e-01	2.818382931264454e-01
6178	2.680615384861800e-01	2.691534803926916e-01
6571	2.589651232137768e-01	2.630267991895382e-01
7005	2.527798363218039e-01	2.570395782768864e-01
7377	2.485808822199108e-01	2.511886431509580e-01
8079	2.438951634575041e-01	2.454708915685030e-01
10455	2.390963696163388e-01	2.398832919019490e-01
10518	2.321948018034371e-01	2.344228815319922e-01
10560	2.281584136947453e-01	2.290867652767773e-01
12424	2.238677024069478e-01	2.238721138568339e-01
12882	2.156045723135255e-01	2.187761623949552e-01
13532	2.082204992317841e-01	2.089296130854039e-01
15003	2.020586252521319e-01	2.041737944669530e-01
16816	1.990052420506371e-01	1.995262314968880e-01
30020	1.946695766744496e-01	1.949844599758045e-01
31772	1.904324532588073e-01	1.905460717963247e-01
31981	1.783005029230295e-01	1.819700858609984e-01
32099	1.690911044699170e-01	1.698243652461744e-01
32238	1.588413442000667e-01	1.621810097358930e-01
32356	1.485319723382641e-01	1.513561248436208e-01
32474	1.399119356982396e-01	1.412537544622754e-01
32592	1.322193353266917e-01	1.348962882591654e-01
32731	1.271805428316629e-01	1.288249551693134e-01
32870	1.233833739748661e-01	1.258925411794167e-01
33009	1.214703322965089e-01	1.230268770812381e-01
33327	1.199252221842197e-01	1.202264434617413e-01
127158	1.155304350867256e-01	1.174897554939529e-01
127808	1.124616027775345e-01	1.148153621496883e-01
128563	1.095276646311900e-01	1.096478196143185e-01
130332	1.063741737379222e-01	1.071519305237607e-01
219250	1.002207061140008e-01	1.023292992280754e-01
219919	9.316844979008931e-02	9.332543007969910e-02
220757	8.768212639209827e-02	8.912509381337455e-02
221510	8.352229103383502e-02	8.511380382023763e-02
222393	8.054291342933695e-02	8.128305161640990e-02
223462	7.864925836031689e-02	7.943282347242814e-02
224345	7.727975163749112e-02	7.762471166286916e-02
226212	7.484398275336679e-02	7.585775750291836e-02
227473	7.347332152476793e-02	7.413102413009177e-02
228823	7.187694790232069e-02	7.244359600749903e-02
230214	6.945826909231023e-02	7.079457843841380e-02
231691	6.716608591326811e-02	6.760829753919818e-02
233124	6.536792871637020e-02	6.606934480075961e-02
234408	6.406734138485026e-02	6.456542290346556e-02
237094	6.268318404093753e-02	6.309573444801933e-02
279739	6.147212533108626e-02	6.165950018614822e-02
281704	5.986910786136113e-02	6.025595860743578e-02
283550	5.872655700821883e-02	5.888436553555890e-02
288777	5.746587550196280e-02	5.754399373371569e-02
294683	5.618810957076381e-02	5.623413251903491e-02
311627	5.492333160724239e-02	5.495408738576246e-02
335836	5.369218871189652e-02	5.370317963702527e-02
417273	5.247947447987777e-02	5.248074602497726e-02
699295	5.018177031528492e-02	5.128613839913648e-02
699689	4.303591884429814e-02	4.365158322401658e-02
700251	3.769316874977613e-02	3.801893963205612e-02
700835	3.549291845503544e-02	3.630780547701014e-02
701335	3.112919856318019e-02	3.162277660168379e-02
701856	3.040286085613531e-02	3.090295432513590e-02
702439	2.943554421423933e-02	2.951209226666385e-02
717106	2.877109152174584e-02	2.884031503126606e-02
757605	2.804335742810482e-02	2.818382931264454e-02
757647	2.726811421830688e-02	2.754228703338166e-02
758643	2.681911848377394e-02	2.691534803926915e-02
758976	2.598803988445408e-02	2.630267991895381e-02
759177	2.513057723942491e-02	2.570395782768863e-02
759443	2.432863967699816e-02	2.454708915685030e-02
763489	2.392824456792875e-02	2.398832919019490e-02
763776	2.341414511351170e-02	2.344228815319923e-02
763954	2.279602822003390e-02	2.290867652767773e-02
764155	2.181259748627085e-02	2.187761623949553e-02
764421	2.075002604358456e-02	2.089296130854040e-02
764708	1.970151111048357e-02	1.995262314968880e-02
765017	1.864505842189523e-02	1.905460717963247e-02
765305	1.792016981715072e-02	1.819700858609984e-02
798605	1.766269050283908e-02	1.778279410038923e-02
812571	1.737754146703219e-02	1.737800828749375e-02
817205	1.692097119287372e-02	1.698243652461744e-02
817818	1.594140280010992e-02	1.621810097358930e-02
818211	1.476935937710422e-02	1.479108388168207e-02
818751	1.343317918293718e-02	1.348962882591653e-02
819396	1.206910161280739e-02	1.230268770812382e-02
820105	1.079090010348527e-02	1.096478196143185e-02
820752	9.687308074131207e-03	9.772372209558112e-03
821609	8.824510688496545e-03	8.912509381337459e-03
822361	8.429942665657997e-03	8.511380382023767e-03
999999	8.423536591438130e-03	8.511380382023767e-03
%
% index = 2617, name = bbob_f001_i17_d10__bbob_f021_i18_d10
% instance = 8, reference value = 9.164012493927109e-01
% function evaluation | indicator value | target hit
1	1.291910199376711e+00	1.318256738556407e+00
37	1.286171757248711e+00	1.288249551693134e+00
40	1.246433371235711e+00	1.258925411794167e+00
61	1.214953696212211e+00	1.230268770812382e+00
82	1.162419902406711e+00	1.174897554939530e+00
103	1.111466184517711e+00	1.122018454301963e+00
124	1.062114362374711e+00	1.071519305237606e+00
145	1.014389794879711e+00	1.023292992280754e+00
166	9.683220830272110e-01	9.772372209558107e-01
187	9.239457819197110e-01	9.332543007969910e-01
208	9.098746801394997e-01	9.120108393559098e-01
250	8.866928390393131e-01	8.912509381337456e-01
271	8.696583396489671e-01	8.709635899560807e-01
292	8.483615125411219e-01	8.511380382023764e-01
313	8.232416660935788e-01	8.317637711026710e-01
334	7.955686857213380e-01	8.128305161640993e-01
355	7.670751211374637e-01	7.762471166286917e-01
376	7.394445745151149e-01	7.413102413009175e-01
397	7.139573368037764e-01	7.244359600749900e-01
418	6.914080050489658e-01	6.918309709189365e-01
439	6.722154518794017e-01	6.760829753919817e-01
460	6.565839629094001e-01	6.606934480075960e-01
481	6.446172995197084e-01	6.456542290346555e-01
544	6.306159306969181e-01	6.309573444801932e-01
1789	6.129520063306596e-01	6.165950018614822e-01
1925	5.968485038266322e-01	6.025595860743578e-01
2063	5.752262996010262e-01	5.754399373371569e-01
2265	5.572961324307726e-01	5.623413251903491e-01
2425	5.430101333088919e-01	5.495408738576245e-01
2649	5.319343966458795e-01	5.370317963702527e-01
2852	5.234032243192830e-01	5.248074602497725e-01
3258	5.114729946465948e-01	5.128613839913648e-01
4385	4.992676757056392e-01	5.011872336272722e-01
6421	4.883646635250064e-01	4.897788193684462e-01
7432	4.782117605778587e-01	4.786300923226383e-01
7813	4.628562359032752e-01	4.677351412871982e-01
7951	4.524486382138364e-01	4.570881896148750e-01
8111	4.442721633995764e-01	4.466835921509631e-01
8536	4.355871135086536e-01	4.365158322401660e-01
12677	4.264883409531802e-01	4.265795188015927e-01
14542	4.059464151413374e-01	4.073802778041127e-01
14563	3.783316554927375e-01	3.801893963205612e-01
14584	3.449733020996056e-01	3.467368504525316e-01
14605	3.115929443967302e-01	3.162277660168379e-01
14626	2.829875472380814e-01	2.884031503126606e-01
14647	2.616806439146833e-01	2.630267991895382e-01
14668	2.486772534333476e-01	2.511886431509580e-01
14689	2.432433475152753e-01	2.454708915685030e-01
18491	2.337497551370876e-01	2.344228815319922e-01
18778	2.215372100878668e-01	2.238721138568339e-01
19065	2.125841553734356e-01	2.137962089502232e-01
19352	2.054525719613856e-01	2.089296130854039e-01
19660	1.996961279098033e-01	2.041737944669530e-01
19968	1.955069262936044e-01	1.995262314968880e-01
20234	1.930945148949959e-01	1.949844599758045e-01
24023	1.903084961475375e-01	1.905460717963247e-01
27437	1.856305409295573e-01	1.862087136662867e-01
28352	1.781140812121835e-01	1.819700858609984e-01
28787	1.717033659339677e-01	1.737800828749375e-01
29434	1.650183563960503e-01	1.659586907437560e-01
30207	1.597660293753820e-01	1.621810097358930e-01
30980	1.554498024295152e-01	1.584893192461113e-01
31942	1.515432809123946e-01	1.548816618912481e-01
32887	1.478945697153620e-01	1.479108388168208e-01
34009	1.444940788376122e-01	1.445439770745928e-01
35535	1.411022931138113e-01	1.412537544622754e-01
36780	1.378508887623968e-01	1.380384264602885e-01
37883	1.345679649932969e-01	1.348962882591654e-01
39428	1.312463452121823e-01	1.318256738556407e-01
40971	1.269204229798581e-01	1.288249551693134e-01
42804	1.213450683771519e-01	1.230268770812381e-01
44286	1.161495367394151e-01	1.174897554939529e-01
45808	1.109663870696236e-01	1.122018454301964e-01
47796	1.062533638610748e-01	1.071519305237607e-01
50043	1.019948738608025e-01	1.023292992280754e-01
52485	9.794975935125760e-02	1.000000000000000e-01
53892	9.444552987018384e-02	9.549925860214359e-02
55376	9.124378584484072e-02	9.332543007969910e-02
56511	8.846591091046507e-02	8.912509381337455e-02
58771	8.593433196299705e-02	8.709635899560805e-02
61623	8.352327431544637e-02	8.511380382023763e-02
65033	8.150461899959338e-02	8.317637711026708e-02
67928	7.986539961013550e-02	8.128305161640990e-02
70554	7.855054051732813e-02	7.943282347242814e-02
73955	7.750972121913113e-02	7.762471166286916e-02
83319	7.561021893265940e-02	7.585775750291836e-02
159295	7.404477209815430e-02	7.413102413009177e-02
159316	7.235578439367596e-02	7.244359600749903e-02
159337	7.012712057143100e-02	7.079457843841380e-02
159358	6.749381516956987e-02	6.760829753919818e-02
159379	6.526788914203308e-02	6.606934480075961e-02
159400	6.352409401226278e-02	6.456542290346556e-02
159421	6.224106642513327e-02	6.309573444801933e-02
159610	6.142589810289589e-02	6.165950018614822e-02
171219	5.315628584175380e-02	5.370317963702527e-02
171908	3.199461505950774e-02	3.235936569296283e-02
172791	2.358841873003736e-02	2.398832919019490e-02
174011	2.239563744293138e-02	2.290867652767773e-02
175191	2.028859374849479e-02	2.041737944669529e-02
176653	1.785476629359950e-02	1.819700858609984e-02
178050	1.633366511316958e-02	1.659586907437561e-02
179770	1.554641307919902e-02	1.584893192461113e-02
181302	1.516306461465022e-02	1.548816618912481e-02
182984	1.499688373291597e-02	1.513561248436208e-02
228942	1.446533639979641e-02	1.479108388168207e-02
229612	1.396507919275747e-02	1.412537544622754e-02
230259	1.378500328667986e-02	1.380384264602885e-02
288652	1.238668420685984e-02	1.258925411794167e-02
289066	1.013657553463654e-02	1.023292992280754e-02
289481	8.619234757790584e-03	8.709635899560805e-03
289854	7.755028760058513e-03	7.762471166286920e-03
290183	7.267401743529134e-03	7.413102413009177e-03
290660	6.986049766539493e-03	7.079457843841380e-03
291137	6.815344293683245e-03	6.918309709189363e-03
291594	6.727952912944035e-03	6.760829753919818e-03
362602	6.479401909185389e-03	6.606934480075957e-03
362952	6.314562946933444e-03	6.456542290346556e-03
363323	6.188480824990017e-03	6.309573444801930e-03
363715	6.082778551828150e-03	6.165950018614822e-03
364192	5.987755681593265e-03	6.025595860743574e-03
364692	5.887009644277241e-03	5.888436553555890e-03
432160	5.563619369953199e-03	5.623413251903491e-03
433134	5.462429653373846e-03	5.495408738576248e-03
433768	5.322682552624580e-03	5.370317963702527e-03
434772	5.205776870838008e-03	5.248074602497728e-03
435367	5.082791200470504e-03	5.128613839913648e-03
435672	4.946696467496459e-03	5.011872336272725e-03
436575	4.854342332334838e-03	4.897788193684461e-03
438247	4.724805852008629e-03	4.786300923226385e-03
438512	4.666457439344129e-03	4.677351412871981e-03
442994	4.542064845948657e-03	4.570881896148752e-03
444806	4.453385632047446e-03	4.466835921509630e-03
446329	4.331499578077880e-03	4.365158322401661e-03
448068	4.254685647438694e-03	4.265795188015926e-03
450839	4.130900975007012e-03	4.168693834703355e-03
451497	4.053087627590046e-03	4.073802778041126e-03
453001	3.980776825366350e-03	3.981071705534973e-03
454995	3.872996228486691e-03	3.890451449942805e-03
457648	3.772675975889483e-03	3.801893963205613e-03
460016	3.692852523734969e-03	3.715352290971724e-03
463362	3.624133834960741e-03	3.630780547701014e-03
466187	3.528904833958291e-03	3.548133892335753e-03
468696	3.462220961054197e-03	3.467368504525317e-03
472328	3.378371883535292e-03	3.388441561392024e-03
475240	3.300502026206242e-03	3.311311214825911e-03
482164	3.228294576098745e-03	3.235936569296281e-03
484849	3.156171341720526e-03	3.162277660168379e-03
487841	3.088877559460301e-03	3.090295432513592e-03
492200	3.017824471981179e-03	3.019951720402016e-03
496785	2.942190158910063e-03	2.951209226666387e-03
502184	2.881446911146446e-03	2.884031503126605e-03
506229	2.816874468120623e-03	2.818382931264455e-03
513223	2.753945143986525e-03	2.754228703338166e-03
521047	2.689832674386383e-03	2.691534803926917e-03
530515	2.627937494318999e-03	2.630267991895381e-03
539438	2.568730145691922e-03	2.570395782768865e-03
546807	2.509625629627199e-03	2.511886431509579e-03
557110	2.454059516190488e-03	2.454708915685031e-03
567805	2.397176346927710e-03	2.398832919019490e-03
578042	2.343353254811609e-03	2.344228815319923e-03
593375	2.290670363663150e-03	2.290867652767772e-03
611663	2.238218823774618e-03	2.238721138568340e-03
631023	2.187241061685663e-03	2.187761623949552e-03
648218	2.137737624658853e-03	2.137962089502233e-03
675065	2.088854333268442e-03	2.089296130854039e-03
714975	2.041607564930548e-03	2.041737944669530e-03
749189	1.995108118317157e-03	1.995262314968879e-03
808498	1.949787199298614e-03	1.949844599758046e-03
884200	1.905452108723615e-03	1.905460717963246e-03
999999	1.865661445440980e-03	1.905460717963246e-03
%
% index = 2618, name = bbob_f001_i19_d10__bbob_f021_i21_d10
% instance = 9, reference value = 9.048381922501010e-01
% function evaluation | indicator value | target hit
1	1.688939492416651e+00	1.698243652461744e+00
39	1.650235631309392e+00	1.659586907437561e+00
40	1.611998390189370e+00	1.621810097358930e+00
61	1.558880650953757e+00	1.584893192461114e+00
82	1.470617387704952e+00	1.479108388168207e+00
103	1.385684066872605e+00	1.412537544622754e+00
124	1.304396115351691e+00	1.318256738556407e+00
145	1.227137072613601e+00	1.230268770812382e+00
166	1.153640004939101e+00	1.174897554939530e+00
187	1.083840420735601e+00	1.096478196143185e+00
208	1.017877357180101e+00	1.023292992280754e+00
229	9.558981900226009e-01	9.772372209558107e-01
250	9.042340102318304e-01	9.120108393559098e-01
313	8.833331753840671e-01	8.912509381337456e-01
355	8.645098523898532e-01	8.709635899560807e-01
397	8.445995276257768e-01	8.511380382023764e-01
439	8.273151506659983e-01	8.317637711026710e-01
523	8.123091877632206e-01	8.128305161640993e-01
2736	7.892871756993670e-01	7.943282347242815e-01
4035	7.744663219422059e-01	7.762471166286917e-01
5807	7.522708512478262e-01	7.585775750291838e-01
5849	7.333738827888165e-01	7.413102413009175e-01
5870	7.228429000680039e-01	7.244359600749900e-01
5912	7.023798063190674e-01	7.079457843841379e-01
5954	6.878784916419534e-01	6.918309709189365e-01
7252	6.700573976720277e-01	6.760829753919817e-01
7494	6.579226985094777e-01	6.606934480075960e-01
7865	6.430374151780426e-01	6.456542290346555e-01
8674	6.279840279078421e-01	6.309573444801932e-01
19949	6.158530407066133e-01	6.165950018614822e-01
23814	5.993994297611461e-01	6.025595860743578e-01
23992	5.882876895384428e-01	5.888436553555889e-01
24214	5.640638662349498e-01	5.754399373371569e-01
24459	5.231693178500704e-01	5.248074602497725e-01
24726	4.817189064106854e-01	4.897788193684462e-01
24993	4.434385614090387e-01	4.466835921509631e-01
25260	4.111139840085065e-01	4.168693834703354e-01
25548	3.867391739273164e-01	3.890451449942806e-01
25836	3.691615310511489e-01	3.715352290971726e-01
26124	3.564032230144153e-01	3.630780547701014e-01
26454	3.470414518005339e-01	3.548133892335755e-01
26783	3.402554901830741e-01	3.467368504525316e-01
27112	3.356021560270903e-01	3.388441561392025e-01
28268	3.310246298147991e-01	3.311311214825911e-01
31954	3.215795579284960e-01	3.235936569296283e-01
32210	3.142600632180526e-01	3.162277660168379e-01
32444	3.064137642281470e-01	3.090295432513591e-01
32678	3.012780596938709e-01	3.019951720402016e-01
39671	2.919822546399733e-01	2.951209226666385e-01
39831	2.855527826272597e-01	2.884031503126606e-01
39991	2.816609467496534e-01	2.818382931264454e-01
41308	2.724651962041831e-01	2.754228703338166e-01
41329	2.585671989772578e-01	2.630267991895382e-01
41350	2.469958283209721e-01	2.511886431509580e-01
41371	2.375759460891950e-01	2.398832919019490e-01
41392	2.305970219484165e-01	2.344228815319922e-01
41413	2.253557173077222e-01	2.290867652767773e-01
41434	2.217459992259020e-01	2.238721138568339e-01
42406	2.180436469011672e-01	2.187761623949552e-01
42695	2.134188267120946e-01	2.137962089502232e-01
42874	2.073958533345995e-01	2.089296130854039e-01
43139	1.992795496034956e-01	1.995262314968880e-01
43364	1.925929412141046e-01	1.949844599758045e-01
43631	1.871261979858774e-01	1.905460717963247e-01
43856	1.824575328154326e-01	1.862087136662867e-01
44082	1.785052431969689e-01	1.819700858609984e-01
44266	1.755821226833836e-01	1.778279410038923e-01
44676	1.736397928027853e-01	1.737800828749375e-01
48650	1.692680852931573e-01	1.698243652461744e-01
48871	1.645782962670388e-01	1.659586907437560e-01
49115	1.576788404405978e-01	1.584893192461113e-01
49381	1.530482361101919e-01	1.548816618912481e-01
49647	1.509060562237658e-01	1.513561248436208e-01
152736	1.476222842667432e-01	1.479108388168208e-01
154476	1.444536612932247e-01	1.445439770745928e-01
158637	1.412008615462936e-01	1.412537544622754e-01
176402	1.380303369188985e-01	1.380384264602885e-01
427598	1.348166768914273e-01	1.348962882591654e-01
428734	1.308923129129017e-01	1.318256738556407e-01
429583	1.249151042568903e-01	1.258925411794167e-01
430082	1.164178123710864e-01	1.174897554939529e-01
430623	1.141006592595594e-01	1.148153621496883e-01
431080	1.089906518893677e-01	1.096478196143185e-01
431643	1.064471181648683e-01	1.071519305237607e-01
433373	1.047128269266721e-01	1.047128548050900e-01
444388	1.022510049383498e-01	1.023292992280754e-01
467464	9.999533132042815e-02	1.000000000000000e-01
999984	9.786770322311200e-02	1.000000000000000e-01
%
% index = 2619, name = bbob_f001_i21_d10__bbob_f021_i22_d10
% instance = 10, reference value = 8.941289565109040e-01
% function evaluation | indicator value | target hit
1	8.883498217285629e-01	8.912509381337456e-01
82	8.619930100393011e-01	8.709635899560807e-01
103	8.458641131514846e-01	8.511380382023764e-01
124	8.272840121695254e-01	8.317637711026710e-01
145	8.068344048324656e-01	8.128305161640993e-01
166	7.851729225988315e-01	7.943282347242815e-01
187	7.630832467346665e-01	7.762471166286917e-01
208	7.414025831036676e-01	7.585775750291838e-01
229	7.208905667544830e-01	7.244359600749900e-01
250	7.021405369094903e-01	7.079457843841379e-01
271	6.855588277110499e-01	6.918309709189365e-01
292	6.713903286365707e-01	6.760829753919817e-01
313	6.597610113942589e-01	6.606934480075960e-01
355	6.442532750900785e-01	6.456542290346555e-01
1987	6.308370938082446e-01	6.309573444801932e-01
2553	6.098647980785870e-01	6.165950018614822e-01
2881	5.925707375077929e-01	6.025595860743578e-01
3231	5.790348261355439e-01	5.888436553555889e-01
3645	5.689291750686395e-01	5.754399373371569e-01
3996	5.616373536594275e-01	5.623413251903491e-01
5253	5.486345169647937e-01	5.495408738576245e-01
7279	5.293741335327090e-01	5.370317963702527e-01
7300	5.206016325739633e-01	5.248074602497725e-01
7321	5.123203603987498e-01	5.128613839913648e-01
7363	4.974130668551414e-01	5.011872336272722e-01
7405	4.885608715627805e-01	4.897788193684462e-01
9189	4.755323851306742e-01	4.786300923226383e-01
9473	4.665187329713806e-01	4.677351412871982e-01
9905	4.565887080102098e-01	4.570881896148750e-01
10964	4.451330243176488e-01	4.466835921509631e-01
23129	4.357636058161850e-01	4.365158322401660e-01
26746	4.243745345344110e-01	4.265795188015927e-01
27072	4.111547000028039e-01	4.168693834703354e-01
27421	3.822258199229602e-01	3.890451449942806e-01
27793	3.382601924929015e-01	3.388441561392025e-01
28419	3.050306020840028e-01	3.090295432513591e-01
29111	2.827347449826424e-01	2.884031503126606e-01
29760	2.668303570605725e-01	2.691534803926916e-01
30495	2.545371281523573e-01	2.570395782768864e-01
31334	2.442478833752697e-01	2.454708915685030e-01
32364	2.353328767112505e-01	2.398832919019490e-01
33351	2.273390587220787e-01	2.290867652767773e-01
34422	2.196573605503792e-01	2.238721138568339e-01
35623	2.137989138413313e-01	2.187761623949552e-01
36771	2.095223736416341e-01	2.137962089502232e-01
38090	2.066013541119490e-01	2.089296130854039e-01
41251	2.040208600740625e-01	2.041737944669530e-01
54310	1.993517289543104e-01	1.995262314968880e-01
54610	1.900079959123990e-01	1.905460717963247e-01
54793	1.827269304415300e-01	1.862087136662867e-01
54976	1.742288015488291e-01	1.778279410038923e-01
55159	1.664601047133264e-01	1.698243652461744e-01
55321	1.601312174689393e-01	1.621810097358930e-01
55483	1.547550862081751e-01	1.548816618912481e-01
55645	1.485956535683178e-01	1.513561248436208e-01
55848	1.365701934396131e-01	1.380384264602885e-01
56051	1.011682393670603e-01	1.023292992280754e-01
56275	8.225175974733068e-02	8.317637711026708e-02
56520	6.837849586815770e-02	6.918309709189366e-02
56723	4.902035890851941e-02	5.011872336272722e-02
56926	3.412330630284588e-02	3.467368504525317e-02
57171	2.863612290157180e-02	2.884031503126606e-02
57626	2.752152319486612e-02	2.754228703338166e-02
127502	2.687236978533347e-02	2.691534803926915e-02
170319	2.493435880595418e-02	2.511886431509579e-02
170798	2.092198626361774e-02	2.137962089502233e-02
171278	2.031304189645178e-02	2.041737944669529e-02
171843	1.950274313093880e-02	1.995262314968880e-02
172450	1.930833225444151e-02	1.949844599758046e-02
192227	1.897587818043056e-02	1.905460717963247e-02
204098	1.857800842676183e-02	1.862087136662868e-02
231355	1.798662079787539e-02	1.819700858609984e-02
231535	1.756004813341505e-02	1.778279410038923e-02
231673	1.715434053187170e-02	1.737800828749375e-02
231832	1.683776479612709e-02	1.698243652461744e-02
231991	1.650407797904174e-02	1.659586907437561e-02
232149	1.619398524209070e-02	1.621810097358930e-02
232445	1.569352000179347e-02	1.584893192461113e-02
232603	1.548428750603914e-02	1.548816618912481e-02
232919	1.505967841505673e-02	1.513561248436208e-02
234167	1.475876696847589e-02	1.479108388168207e-02
234512	1.443973980047031e-02	1.445439770745927e-02
235334	1.411887016230073e-02	1.412537544622754e-02
235855	1.379621094229821e-02	1.380384264602885e-02
236814	1.347094161889395e-02	1.348962882591653e-02
237449	1.315538899160251e-02	1.318256738556407e-02
239175	1.285680369857189e-02	1.288249551693134e-02
242302	1.257379119815816e-02	1.258925411794167e-02
243981	1.228766980967910e-02	1.230268770812382e-02
245407	1.201410889879495e-02	1.202264434617413e-02
249188	1.174690932275291e-02	1.174897554939530e-02
256168	1.147906659179632e-02	1.148153621496883e-02
263924	1.121990173234100e-02	1.122018454301964e-02
273521	1.096464738849323e-02	1.096478196143185e-02
296031	1.071382414297040e-02	1.071519305237606e-02
338123	1.047104967239743e-02	1.047128548050900e-02
411309	1.023291762893230e-02	1.023292992280754e-02
875263	9.931913221042699e-03	1.000000000000000e-02
876531	9.167162925299954e-03	9.332543007969915e-03
878291	8.739492594566522e-03	8.912509381337459e-03
880368	8.540885211366200e-03	8.709635899560805e-03
882447	8.444903032396867e-03	8.511380382023767e-03
999973	8.376510040566498e-03	8.511380382023767e-03
