%
% index = 1080, name = bbob_f002_i02_d03__bbob_f020_i04_d03
% instance = 1, reference value = 9.986886773450570e-01
% function evaluation | indicator value | target hit
1	3.365379253858557e+00	3.388441561392026e+00
23	3.309839544586057e+00	3.311311214825911e+00
25	3.143462540183557e+00	3.162277660168380e+00
32	2.962172752592057e+00	3.019951720402016e+00
39	2.674707165844057e+00	2.691534803926916e+00
46	2.395962403166057e+00	2.398832919019490e+00
53	2.130331361761057e+00	2.137962089502232e+00
60	1.882119993917557e+00	1.905460717963247e+00
67	1.655060361723057e+00	1.659586907437561e+00
74	1.451850091726057e+00	1.479108388168207e+00
81	1.273749806049557e+00	1.288249551693134e+00
88	1.252017575011057e+00	1.258925411794167e+00
95	1.219417642442057e+00	1.230268770812382e+00
109	1.142869679313557e+00	1.148153621496883e+00
137	1.087652542840557e+00	1.096478196143185e+00
165	1.063613900206057e+00	1.071519305237606e+00
186	1.023623774174557e+00	1.047128548050900e+00
193	1.020434215480557e+00	1.023292992280754e+00
207	9.673401188717239e-01	9.772372209558107e-01
574	9.489408036431511e-01	9.549925860214360e-01
716	9.055966604737632e-01	9.120108393559098e-01
816	8.905548792238641e-01	8.912509381337456e-01
936	8.701335305892314e-01	8.709635899560807e-01
938	8.404693660340898e-01	8.511380382023764e-01
1243	8.060943597381085e-01	8.128305161640993e-01
1257	7.412049002326984e-01	7.413102413009175e-01
2612	7.159636497387499e-01	7.244359600749900e-01
2633	7.064279837231331e-01	7.079457843841379e-01
2635	6.774902488205978e-01	6.918309709189365e-01
2930	6.402609110766937e-01	6.456542290346555e-01
4144	6.309477861541366e-01	6.309573444801932e-01
4311	6.127325835464348e-01	6.165950018614822e-01
4312	6.024083734672804e-01	6.025595860743578e-01
4581	5.827197161803783e-01	5.888436553555889e-01
4582	5.398032313043742e-01	5.495408738576245e-01
4589	5.356621484456654e-01	5.370317963702527e-01
5971	5.231541848648789e-01	5.248074602497725e-01
6176	5.053586998479858e-01	5.128613839913648e-01
6177	4.820865414606157e-01	4.897788193684462e-01
6178	4.344425829138889e-01	4.365158322401660e-01
6206	4.265650601233515e-01	4.265795188015927e-01
7218	4.088458608407101e-01	4.168693834703354e-01
7286	3.899482004106873e-01	3.981071705534972e-01
7370	3.767612430276764e-01	3.801893963205612e-01
7468	3.677961363345383e-01	3.715352290971726e-01
7488	3.626094530190442e-01	3.630780547701014e-01
7490	3.471042165192140e-01	3.548133892335755e-01
7491	3.266164547874083e-01	3.311311214825911e-01
7945	3.219666422149146e-01	3.235936569296283e-01
7946	2.772959288153372e-01	2.818382931264454e-01
7953	2.741319016683682e-01	2.754228703338166e-01
7960	2.064635656394571e-01	2.089296130854039e-01
7967	2.037252658975892e-01	2.041737944669530e-01
8976	1.981165364435414e-01	1.995262314968880e-01
9039	1.946232194871809e-01	1.949844599758045e-01
9104	1.876577910020862e-01	1.905460717963247e-01
9172	1.740913826893378e-01	1.778279410038923e-01
9256	1.626242874182425e-01	1.659586907437560e-01
9340	1.531436393160307e-01	1.548816618912481e-01
9437	1.381470056598472e-01	1.412537544622754e-01
9461	1.352323370539394e-01	1.380384264602885e-01
9674	1.240682627851655e-01	1.258925411794167e-01
9675	1.028698854986655e-01	1.047128548050900e-01
9682	1.019313476649498e-01	1.023292992280754e-01
9696	9.887662105952622e-02	1.000000000000000e-01
9703	6.851774731673632e-02	6.918309709189366e-02
11746	6.611786814221210e-02	6.760829753919818e-02
11776	4.330761684360318e-02	4.365158322401658e-02
11906	3.792124021583321e-02	3.801893963205612e-02
11974	3.549137154437965e-02	3.630780547701014e-02
11976	3.548084451677302e-02	3.548133892335755e-02
46441	1.975733447089523e-02	1.995262314968880e-02
51015	1.667642867081498e-02	1.698243652461744e-02
51084	7.855046316966763e-03	7.943282347242814e-03
51169	7.317912110420433e-03	7.413102413009177e-03
51189	7.133441767170789e-03	7.244359600749898e-03
51190	6.866412368970121e-03	6.918309709189363e-03
51191	6.699076075702970e-03	6.760829753919818e-03
51192	6.587696819986055e-03	6.606934480075957e-03
52272	6.176552078321684e-03	6.309573444801930e-03
52387	5.893448906746257e-03	6.025595860743574e-03
52405	5.885722197263910e-03	5.888436553555890e-03
52740	5.647654733978547e-03	5.754399373371567e-03
52806	5.327941318445384e-03	5.370317963702527e-03
52902	5.023782033649837e-03	5.128613839913648e-03
53043	4.734805500760442e-03	4.786300923226385e-03
53116	4.454249060395266e-03	4.466835921509630e-03
53222	4.159937120733925e-03	4.168693834703355e-03
53334	3.893081412033816e-03	3.981071705534973e-03
53430	3.629889702044253e-03	3.630780547701014e-03
53541	3.371033795609657e-03	3.388441561392024e-03
53637	3.113549107880087e-03	3.162277660168379e-03
53720	2.857337607122590e-03	2.884031503126605e-03
53821	2.623600677017279e-03	2.630267991895381e-03
53947	2.373078018305663e-03	2.398832919019490e-03
54072	2.124117391450353e-03	2.137962089502233e-03
54215	1.869346774459713e-03	1.905460717963246e-03
54362	1.644795598707116e-03	1.659586907437561e-03
54542	1.437583373441798e-03	1.445439770745928e-03
69569	1.402734965440189e-03	1.412537544622754e-03
69836	1.315566519034861e-03	1.318256738556408e-03
72207	1.261687137205536e-03	1.288249551693134e-03
72496	1.218084309009604e-03	1.230268770812381e-03
72827	1.183498085276402e-03	1.202264434617413e-03
73216	1.160267292915296e-03	1.174897554939529e-03
76330	1.142101096072046e-03	1.148153621496883e-03
79581	1.102200153347166e-03	1.122018454301963e-03
79738	1.058183409651026e-03	1.071519305237606e-03
80102	1.025424541371001e-03	1.047128548050900e-03
80421	9.909150150055890e-04	1.000000000000000e-03
80725	9.569323532819807e-04	9.772372209558111e-04
81475	9.254289645375113e-04	9.332543007969915e-04
82156	8.917827037823178e-04	9.120108393559096e-04
82478	8.590906742865778e-04	8.709635899560805e-04
82824	8.358639601206974e-04	8.511380382023768e-04
83227	8.099042747671259e-04	8.128305161640995e-04
83655	7.803196165929727e-04	7.943282347242813e-04
83837	7.517649772675883e-04	7.585775750291835e-04
84062	7.286248257524219e-04	7.413102413009177e-04
84316	7.102146437812928e-04	7.244359600749898e-04
84645	6.915235581471668e-04	6.918309709189362e-04
84920	6.705784365197420e-04	6.760829753919819e-04
85285	6.479063815429953e-04	6.606934480075957e-04
85471	6.252635337867796e-04	6.309573444801930e-04
85627	6.044929920739905e-04	6.165950018614823e-04
85799	5.827254150466699e-04	5.888436553555889e-04
86333	5.493606602250400e-04	5.495408738576248e-04
86401	4.956128571427243e-04	5.011872336272725e-04
86467	4.418334863593998e-04	4.466835921509630e-04
86561	3.853511361388007e-04	3.890451449942805e-04
86632	3.260947736216657e-04	3.311311214825911e-04
86698	2.680224429935096e-04	2.691534803926917e-04
86878	2.180671687204150e-04	2.187761623949552e-04
87175	1.808817446281585e-04	1.819700858609983e-04
87356	1.582985938155534e-04	1.584893192461114e-04
87647	1.463394108859317e-04	1.479108388168207e-04
88109	1.376777540321727e-04	1.380384264602885e-04
88779	1.305877621474716e-04	1.318256738556407e-04
89431	1.272727726181477e-04	1.288249551693134e-04
201099	1.254481700555532e-04	1.258925411794167e-04
202583	1.229573179988286e-04	1.230268770812381e-04
205276	1.199131646938412e-04	1.202264434617413e-04
209006	1.174878999191664e-04	1.174897554939529e-04
211887	1.145612157874565e-04	1.148153621496883e-04
214988	1.118859469787514e-04	1.122018454301963e-04
300000	1.113149652812728e-04	1.122018454301963e-04
%
% index = 1081, name = bbob_f002_i03_d03__bbob_f020_i05_d03
% instance = 2, reference value = 9.937776136446100e-01
% function evaluation | indicator value | target hit
1	2.299530600671110e+00	2.344228815319922e+00
22	2.287805413983610e+00	2.290867652767773e+00
25	2.206157968888610e+00	2.238721138568339e+00
32	2.129986493792110e+00	2.137962089502232e+00
39	2.007858603960610e+00	2.041737944669529e+00
46	1.885641032514110e+00	1.905460717963247e+00
53	1.763147482823110e+00	1.778279410038923e+00
60	1.641683251198110e+00	1.659586907437561e+00
67	1.527148454595610e+00	1.548816618912481e+00
74	1.432887376680610e+00	1.445439770745927e+00
81	1.343384580241110e+00	1.348962882591654e+00
88	1.255573153814110e+00	1.258925411794167e+00
95	1.169099370719610e+00	1.174897554939530e+00
102	1.080809361413610e+00	1.096478196143185e+00
109	1.052750301231610e+00	1.071519305237606e+00
116	1.044840304273110e+00	1.047128548050900e+00
130	1.021650355239110e+00	1.023292992280754e+00
151	9.956928631951100e-01	1.000000000000000e+00
165	9.772042237805436e-01	9.772372209558107e-01
172	9.401281628871152e-01	9.549925860214360e-01
179	9.032698293114089e-01	9.120108393559098e-01
186	8.823123358927596e-01	8.912509381337456e-01
193	8.529117539174758e-01	8.709635899560807e-01
200	7.823897610907216e-01	7.943282347242815e-01
207	7.018403530835196e-01	7.079457843841379e-01
221	6.627788819772200e-01	6.760829753919817e-01
228	6.014676251147336e-01	6.025595860743578e-01
242	5.876367272507894e-01	5.888436553555889e-01
263	5.624377857320695e-01	5.754399373371569e-01
270	5.618107660447769e-01	5.623413251903491e-01
923	5.494796643576507e-01	5.495408738576245e-01
1232	5.205502232214793e-01	5.248074602497725e-01
1254	5.078652508519376e-01	5.128613839913648e-01
1255	4.955495631185068e-01	5.011872336272722e-01
1256	4.719999792327469e-01	4.786300923226383e-01
1763	4.466913805433034e-01	4.570881896148750e-01
4431	4.466834543647462e-01	4.466835921509631e-01
4613	4.349249030294119e-01	4.365158322401660e-01
5158	4.041839242423223e-01	4.073802778041127e-01
5226	3.953337259256838e-01	3.981071705534972e-01
5250	3.786958665830616e-01	3.801893963205612e-01
5299	3.619721650964497e-01	3.630780547701014e-01
5323	3.502094677840221e-01	3.548133892335755e-01
5347	3.407991963010059e-01	3.467368504525316e-01
5372	3.330310435952946e-01	3.388441561392025e-01
5396	3.226226675948994e-01	3.235936569296283e-01
5420	3.131812812159792e-01	3.162277660168379e-01
5444	3.026214882738456e-01	3.090295432513591e-01
5468	2.911856814246857e-01	2.951209226666385e-01
5541	2.757785121753944e-01	2.818382931264454e-01
5566	2.675029780740481e-01	2.691534803926916e-01
5604	2.543805541107210e-01	2.570395782768864e-01
14832	2.487395907014918e-01	2.511886431509580e-01
27385	2.267803820393220e-01	2.290867652767773e-01
31716	2.034404149198787e-01	2.041737944669530e-01
31761	1.640353975605795e-01	1.659586907437560e-01
31836	1.245658360028116e-01	1.258925411794167e-01
31905	8.871931679106537e-02	8.912509381337455e-02
31973	6.069400368097388e-02	6.165950018614822e-02
32019	4.193912573056180e-02	4.265795188015926e-02
32088	3.048574446585894e-02	3.090295432513590e-02
32159	2.193823735329914e-02	2.238721138568340e-02
32236	1.305704638611638e-02	1.318256738556407e-02
32303	7.658146736565397e-03	7.762471166286920e-03
32405	7.569027046692489e-03	7.585775750291836e-03
32584	7.077542897326206e-03	7.079457843841380e-03
32841	6.849214206535947e-03	6.918309709189363e-03
32908	6.423305437218474e-03	6.456542290346556e-03
32976	5.566529677468512e-03	5.623413251903491e-03
33967	5.383423775769058e-03	5.495408738576248e-03
34031	5.137920422527475e-03	5.248074602497728e-03
34096	4.851038871538038e-03	4.897788193684461e-03
34168	4.538139117608697e-03	4.570881896148752e-03
34261	4.297643638756621e-03	4.365158322401661e-03
34331	4.088219908815360e-03	4.168693834703355e-03
34398	3.891882078917885e-03	3.981071705534973e-03
34420	3.888107830661958e-03	3.890451449942805e-03
38586	3.768776154062126e-03	3.801893963205613e-03
38660	3.602061737935758e-03	3.630780547701014e-03
38779	3.434118662513974e-03	3.467368504525317e-03
38971	3.270492694742333e-03	3.311311214825911e-03
39037	3.118817923160266e-03	3.162277660168379e-03
39140	2.978325937564641e-03	3.019951720402016e-03
39276	2.847637295594119e-03	2.884031503126605e-03
39418	2.725682508137206e-03	2.754228703338166e-03
39525	2.611784218428226e-03	2.630267991895381e-03
39669	2.504502909825179e-03	2.511886431509579e-03
39798	2.403074744215417e-03	2.454708915685031e-03
39863	2.306259637417929e-03	2.344228815319923e-03
39931	2.212916887898153e-03	2.238721138568340e-03
40025	2.116595558924406e-03	2.137962089502233e-03
40179	2.029235209556446e-03	2.041737944669530e-03
40252	1.943935435528954e-03	1.949844599758046e-03
40399	1.860092856527662e-03	1.862087136662868e-03
40512	1.777715811019709e-03	1.778279410038923e-03
40698	1.696015723838040e-03	1.698243652461744e-03
58409	1.655916075676833e-03	1.659586907437561e-03
60548	1.605630505242428e-03	1.621810097358930e-03
104642	1.574349622629367e-03	1.584893192461114e-03
104979	1.547177858347459e-03	1.548816618912481e-03
107889	1.499001954096357e-03	1.513561248436209e-03
108124	1.476971190718102e-03	1.479108388168207e-03
108885	1.434899483287899e-03	1.445439770745928e-03
109362	1.395218253825936e-03	1.412537544622754e-03
109685	1.379903586401388e-03	1.380384264602885e-03
110746	1.341293582087899e-03	1.348962882591653e-03
111277	1.306690776654462e-03	1.318256738556408e-03
300000	1.301383593843131e-03	1.318256738556408e-03
%
% index = 1082, name = bbob_f002_i07_d03__bbob_f020_i08_d03
% instance = 3, reference value = 9.993043577587770e-01
% function evaluation | indicator value | target hit
1	7.505675422677025e+04	7.585775750291836e+04
23	7.405966280216665e+04	7.413102413009177e+04
25	7.118036593896527e+04	7.244359600749906e+04
32	6.821651149848758e+04	6.918309709189362e+04
39	6.383875312703520e+04	6.456542290346549e+04
46	5.987950649335145e+04	6.025595860743581e+04
53	5.624066796391067e+04	5.754399373371567e+04
60	5.280449249812974e+04	5.370317963702533e+04
67	4.944838210744551e+04	5.011872336272725e+04
74	4.606495822682219e+04	4.677351412871981e+04
81	4.258550199377649e+04	4.265795188015926e+04
88	3.900115299113798e+04	3.981071705534969e+04
95	3.537325152409243e+04	3.548133892335753e+04
102	3.182508612979789e+04	3.235936569296281e+04
109	2.851363867543252e+04	2.884031503126606e+04
116	2.558865555461662e+04	2.570395782768865e+04
123	2.315095248632444e+04	2.344228815319923e+04
130	2.121813965777694e+04	2.137962089502232e+04
137	1.969788602470975e+04	1.995262314968879e+04
144	1.836950661373337e+04	1.862087136662866e+04
151	1.689958919148699e+04	1.698243652461746e+04
158	1.495628268363813e+04	1.513561248436207e+04
165	1.244995097838054e+04	1.258925411794166e+04
172	9.718704144515859e+03	9.772372209558112e+03
179	7.358104573315836e+03	7.413102413009177e+03
186	5.797258262303471e+03	5.888436553555890e+03
193	5.078798836279055e+03	5.128613839913648e+03
200	4.828753541237389e+03	4.897788193684461e+03
207	4.181169104977093e+03	4.265795188015925e+03
214	2.721197766963685e+03	2.754228703338166e+03
221	1.567708233219621e+03	1.584893192461114e+03
228	1.251453910927973e+03	1.258925411794168e+03
235	1.179765729568096e+03	1.202264434617413e+03
242	6.463377438115240e+02	6.606934480075957e+02
249	3.512256730494564e+02	3.548133892335753e+02
256	2.330127240656286e+02	2.344228815319923e+02
263	9.302068074307066e+01	9.332543007969910e+01
270	3.846018935485147e+01	3.890451449942807e+01
277	3.538206397308463e+01	3.548133892335755e+01
298	2.928942608388377e+01	2.951209226666386e+01
326	2.345427911837928e+01	2.398832919019490e+01
354	2.011967255380178e+01	2.041737944669530e+01
368	1.947106681526478e+01	1.949844599758045e+01
375	1.897074013192728e+01	1.905460717963247e+01
403	1.833941493281328e+01	1.862087136662868e+01
424	1.817595160597028e+01	1.819700858609983e+01
501	1.745659366676028e+01	1.778279410038923e+01
522	1.733445573786528e+01	1.737800828749375e+01
543	1.679758300081328e+01	1.698243652461744e+01
3370	1.621831128493178e+01	1.659586907437561e+01
3385	1.621809282475328e+01	1.621810097358930e+01
9466	1.581323710799778e+01	1.584893192461113e+01
9928	1.503711157158278e+01	1.513561248436208e+01
10302	1.414700265901428e+01	1.445439770745927e+01
10320	1.411652713084828e+01	1.412537544622754e+01
10324	1.365561905192728e+01	1.380384264602885e+01
10325	1.315573995375178e+01	1.318256738556407e+01
10326	1.212710806236728e+01	1.230268770812382e+01
14479	9.826560059298778e+00	1.000000000000000e+01
14486	9.695816567021778e+00	9.772372209558107e+00
14493	9.445521248201777e+00	9.549925860214358e+00
14500	9.048883304244278e+00	9.120108393559097e+00
14514	8.908869817093777e+00	8.912509381337454e+00
15736	8.552340434430777e+00	8.709635899560805e+00
15799	8.116849604592277e+00	8.128305161640993e+00
15878	7.362802396886777e+00	7.413102413009175e+00
15987	6.400804681946776e+00	6.456542290346556e+00
18153	6.183842970271277e+00	6.309573444801933e+00
18160	4.919284173005277e+00	5.011872336272722e+00
18167	2.817287434508277e+00	2.818382931264454e+00
18174	2.638935143649277e+00	2.691534803926916e+00
18181	2.604586244747777e+00	2.630267991895382e+00
21205	1.497008669507277e+00	1.513561248436208e+00
22850	1.475692580950777e+00	1.479108388168207e+00
22916	1.267700672284277e+00	1.288249551693134e+00
22983	1.160563085514777e+00	1.174897554939530e+00
23050	1.035642656606777e+00	1.047128548050900e+00
23200	9.425646570844751e-01	9.549925860214360e-01
23852	9.278011863167059e-01	9.332543007969910e-01
23912	8.255617167860796e-01	8.317637711026710e-01
24545	7.757213603760351e-01	7.762471166286917e-01
24611	7.218218173951894e-01	7.244359600749900e-01
24686	6.022461127269108e-01	6.025595860743578e-01
24755	5.372444071493372e-01	5.495408738576245e-01
24823	5.224841091147214e-01	5.248074602497725e-01
24839	5.123228196966491e-01	5.128613839913648e-01
24841	4.980122395713193e-01	5.011872336272722e-01
25460	4.855419996465631e-01	4.897788193684462e-01
25532	4.398606353886017e-01	4.466835921509631e-01
25639	3.490357983980756e-01	3.548133892335755e-01
26238	1.972455816837575e-01	1.995262314968880e-01
26254	1.937543216341221e-01	1.949844599758045e-01
26256	1.891961888590372e-01	1.905460717963247e-01
26896	1.440643790233098e-01	1.445439770745928e-01
26915	1.400349550786880e-01	1.412537544622754e-01
26916	1.365091882709779e-01	1.380384264602885e-01
26917	1.292448608593413e-01	1.318256738556407e-01
26918	1.145192407280122e-01	1.148153621496883e-01
26919	8.868800681730193e-02	8.912509381337455e-02
26920	6.921090419585019e-02	7.079457843841380e-02
28916	6.833633264330086e-02	6.918309709189366e-02
28934	4.857446456045378e-02	4.897788193684462e-02
28948	4.785373894448863e-02	4.786300923226382e-02
28962	4.608809955450333e-02	4.677351412871981e-02
31252	4.570019917783685e-02	4.570881896148749e-02
35033	4.392358177843902e-02	4.466835921509630e-02
35520	4.260940917368350e-02	4.265795188015926e-02
35878	4.048780159517185e-02	4.073802778041128e-02
36656	3.936453603126777e-02	3.981071705534973e-02
38848	3.843653306915829e-02	3.890451449942807e-02
39466	3.745341042614148e-02	3.801893963205612e-02
90593	3.714665622310709e-02	3.715352290971726e-02
97913	3.177744280630979e-02	3.235936569296283e-02
97928	3.159146288790049e-02	3.162277660168379e-02
100594	2.477200775575017e-02	2.511886431509579e-02
100924	2.424322304961801e-02	2.454708915685030e-02
119682	2.383806059880966e-02	2.398832919019490e-02
119689	2.221549333977879e-02	2.238721138568340e-02
119710	2.186091427809345e-02	2.187761623949553e-02
119815	2.137168375530052e-02	2.137962089502233e-02
119836	2.082905172980343e-02	2.089296130854040e-02
119878	2.022659839414054e-02	2.041737944669529e-02
119948	1.993345635186139e-02	1.995262314968880e-02
233389	1.776161777926988e-02	1.778279410038923e-02
233451	1.314637822984610e-02	1.318256738556407e-02
233458	8.241359478614152e-03	8.317637711026709e-03
235800	8.124051765443618e-03	8.128305161640995e-03
237162	7.884096353790393e-03	7.943282347242814e-03
238393	7.542991394115850e-03	7.585775750291836e-03
239929	6.992648750009378e-03	7.079457843841380e-03
243672	5.934546894332593e-03	6.025595860743574e-03
245212	4.844929267179721e-03	4.897788193684461e-03
245825	4.482201073707670e-03	4.570881896148752e-03
246473	4.027521918839261e-03	4.073802778041126e-03
278016	3.971338199861396e-03	3.981071705534973e-03
278253	3.889080851243509e-03	3.890451449942805e-03
278687	3.788217818414763e-03	3.801893963205613e-03
278862	3.696829267527457e-03	3.715352290971724e-03
279129	3.621446792630434e-03	3.630780547701014e-03
279477	3.542534478689352e-03	3.548133892335753e-03
279872	3.457509694133054e-03	3.467368504525317e-03
280213	3.382582436121329e-03	3.388441561392024e-03
280518	3.288570417245062e-03	3.311311214825911e-03
280654	3.232416931346793e-03	3.235936569296281e-03
280859	3.153819402374691e-03	3.162277660168379e-03
280990	3.085706411805611e-03	3.090295432513592e-03
281099	2.621640878883391e-03	2.630267991895381e-03
281246	2.568484506403124e-03	2.570395782768865e-03
281526	2.454314793174706e-03	2.454708915685031e-03
281940	2.398354833757166e-03	2.398832919019490e-03
282635	2.338430634242994e-03	2.344228815319923e-03
282906	2.279894204220811e-03	2.290867652767772e-03
283063	2.233997281758326e-03	2.238721138568340e-03
283401	2.176017867159263e-03	2.187761623949552e-03
283591	2.136342787412593e-03	2.137962089502233e-03
285252	2.047662583241405e-03	2.089296130854039e-03
285266	2.014976989784700e-03	2.041737944669530e-03
285280	1.967514757324262e-03	1.995262314968879e-03
285448	1.905359997350198e-03	1.905460717963246e-03
286525	1.757169378693302e-03	1.778279410038923e-03
286559	1.613742710003696e-03	1.621810097358930e-03
290832	1.581903113927363e-03	1.584893192461114e-03
291951	1.536865293714551e-03	1.548816618912481e-03
292221	1.495415749402484e-03	1.513561248436209e-03
292808	1.414070993734029e-03	1.445439770745928e-03
293136	1.269296928385732e-03	1.288249551693134e-03
293336	1.055024500976609e-03	1.071519305237606e-03
293352	8.761463234059352e-04	8.912509381337459e-04
293393	6.103521472555773e-04	6.165950018614823e-04
294191	2.444362129355726e-04	2.454708915685031e-04
295896	1.536028038695569e-04	1.548816618912481e-04
295938	1.429339514600336e-04	1.445439770745928e-04
300000	1.429336360243560e-04	1.445439770745928e-04
%
% index = 1083, name = bbob_f002_i09_d03__bbob_f020_i10_d03
% instance = 4, reference value = 9.983311331412580e-01
% function evaluation | indicator value | target hit
1	6.541871515675765e+02	6.606934480075957e+02
24	6.406070584352293e+02	6.456542290346556e+02
25	6.271614450238134e+02	6.309573444801930e+02
32	6.053567590686237e+02	6.165950018614822e+02
39	5.710071854085685e+02	5.754399373371566e+02
46	5.375421637542952e+02	5.495408738576248e+02
53	5.049791263378524e+02	5.128613839913648e+02
60	4.733654862950713e+02	4.786300923226385e+02
67	4.427562557457507e+02	4.466835921509630e+02
74	4.131872822336204e+02	4.168693834703355e+02
81	3.846633270906611e+02	3.890451449942805e+02
88	3.571703672736330e+02	3.630780547701014e+02
95	3.307024674833141e+02	3.311311214825911e+02
102	3.052800118489559e+02	3.090295432513592e+02
109	2.809411791897016e+02	2.818382931264455e+02
116	2.577112874437607e+02	2.630267991895382e+02
123	2.355768669627103e+02	2.398832919019490e+02
130	2.144908304380141e+02	2.187761623949552e+02
137	1.944073973524569e+02	1.949844599758046e+02
144	1.753140160813776e+02	1.778279410038923e+02
151	1.572265787831653e+02	1.584893192461114e+02
158	1.401522102167926e+02	1.412537544622754e+02
165	1.240645566800929e+02	1.258925411794168e+02
172	1.089288881636826e+02	1.096478196143185e+02
179	9.475479179936285e+01	9.549925860214358e+01
186	8.160945548544099e+01	8.317637711026708e+01
193	6.956387589101907e+01	7.079457843841381e+01
200	5.863636351163493e+01	5.888436553555890e+01
207	4.881357202286055e+01	4.897788193684461e+01
214	4.011243852767177e+01	4.073802778041128e+01
221	3.255444635756103e+01	3.311311214825911e+01
228	2.604809340734319e+01	2.630267991895381e+01
235	2.037402387679623e+01	2.041737944669530e+01
242	1.536893293282136e+01	1.548816618912481e+01
249	1.108951023356161e+01	1.122018454301964e+01
256	7.750843291745968e+00	7.762471166286917e+00
263	5.561126091648385e+00	5.623413251903491e+00
270	4.505925925680716e+00	4.570881896148751e+00
277	4.112014047953048e+00	4.168693834703354e+00
284	3.887812703294141e+00	3.890451449942806e+00
291	3.532920252617258e+00	3.548133892335755e+00
298	2.733891931402758e+00	2.754228703338166e+00
305	1.789376595479758e+00	1.819700858609983e+00
312	1.184786092206758e+00	1.202264434617413e+00
319	1.138066116522258e+00	1.148153621496883e+00
326	9.991660112112580e-01	1.000000000000000e+00
333	8.941716237854563e-01	9.120108393559098e-01
340	8.275052987661575e-01	8.317637711026710e-01
347	6.385552179513986e-01	6.456542290346555e-01
354	5.824020874752931e-01	5.888436553555889e-01
361	3.694288890529819e-01	3.715352290971726e-01
368	2.092594559234198e-01	2.137962089502232e-01
375	1.385629959192841e-01	1.412537544622754e-01
382	1.259712614579140e-01	1.288249551693134e-01
389	7.635539048200624e-02	7.762471166286916e-02
396	3.250184440113757e-02	3.311311214825911e-02
403	3.232158606303004e-02	3.235936569296283e-02
431	3.131348433685843e-02	3.162277660168379e-02
438	3.024449647740146e-02	3.090295432513590e-02
445	2.865976688893068e-02	2.884031503126606e-02
473	2.809423812989953e-02	2.818382931264454e-02
480	2.730823621040346e-02	2.754228703338166e-02
494	2.275446560825711e-02	2.290867652767773e-02
501	1.904961458971666e-02	1.905460717963247e-02
529	1.240539219409997e-02	1.258925411794167e-02
536	1.127958268828066e-02	1.148153621496883e-02
543	1.096721923333399e-02	1.122018454301964e-02
550	1.085052828110644e-02	1.096478196143185e-02
578	1.068876152377518e-02	1.071519305237606e-02
599	1.032960090047819e-02	1.047128548050900e-02
606	9.682376844911578e-03	9.772372209558112e-03
655	9.496230145090045e-03	9.549925860214359e-03
669	8.861960344091480e-03	8.912509381337459e-03
697	8.645081130978505e-03	8.709635899560805e-03
711	8.235010927068576e-03	8.317637711026709e-03
725	8.064082730618538e-03	8.128305161640995e-03
767	7.874489454257838e-03	7.943282347242814e-03
788	7.688723829531896e-03	7.762471166286920e-03
795	7.518048491040985e-03	7.585775750291836e-03
802	7.399260892692161e-03	7.413102413009177e-03
837	7.123193120569193e-03	7.244359600749898e-03
844	7.079011297198567e-03	7.079457843841380e-03
1040	6.879875464362861e-03	6.918309709189363e-03
1096	6.645198525844109e-03	6.760829753919818e-03
1103	6.603795076063901e-03	6.606934480075957e-03
1124	6.305680568233663e-03	6.309573444801930e-03
1152	6.103131361547165e-03	6.165950018614822e-03
4896	6.019245112472760e-03	6.025595860743574e-03
67318	5.861504199463519e-03	5.888436553555890e-03
67475	4.815985218587615e-03	4.897788193684461e-03
67679	4.380265008736006e-03	4.466835921509630e-03
180548	4.362126799578592e-03	4.365158322401661e-03
217701	4.259371267675949e-03	4.265795188015926e-03
217940	4.134297391436115e-03	4.168693834703355e-03
218123	3.729238536635648e-03	3.801893963205613e-03
218140	3.707321277506392e-03	3.715352290971724e-03
221995	3.502462129321260e-03	3.548133892335753e-03
222129	3.278190595815023e-03	3.311311214825911e-03
222260	3.126219406031527e-03	3.162277660168379e-03
222361	2.870030993364470e-03	2.884031503126605e-03
223929	2.728246099559795e-03	2.754228703338166e-03
224059	2.615358732466433e-03	2.630267991895381e-03
224194	2.412617691115448e-03	2.454708915685031e-03
224387	2.069463236016200e-03	2.089296130854039e-03
224524	1.601287793240425e-03	1.621810097358930e-03
224653	1.452434021794402e-03	1.479108388168207e-03
224670	1.440097663092610e-03	1.445439770745928e-03
224672	1.411097593524091e-03	1.412537544622754e-03
300000	1.384783544291057e-03	1.412537544622754e-03
%
% index = 1084, name = bbob_f002_i11_d03__bbob_f020_i12_d03
% instance = 5, reference value = 9.759319950714830e-01
% function evaluation | indicator value | target hit
1	7.269002500717983e+00	7.413102413009175e+00
22	7.221706307124983e+00	7.244359600749901e+00
25	6.895076897471983e+00	6.918309709189364e+00
32	6.595915150251983e+00	6.606934480075959e+00
39	6.128699436890483e+00	6.165950018614822e+00
46	5.678976021482983e+00	5.754399373371569e+00
53	5.317576933856483e+00	5.370317963702527e+00
60	4.900619570973483e+00	5.011872336272722e+00
67	4.502572908742983e+00	4.570881896148751e+00
74	4.121572469469483e+00	4.168693834703354e+00
81	3.756190260318483e+00	3.801893963205611e+00
95	3.589528326010483e+00	3.630780547701014e+00
102	3.425598151397483e+00	3.467368504525317e+00
109	3.270251286725983e+00	3.311311214825911e+00
116	3.133370853692983e+00	3.162277660168380e+00
123	2.994730369114483e+00	3.019951720402016e+00
130	2.870112775681483e+00	2.884031503126606e+00
137	2.748716005659983e+00	2.754228703338166e+00
144	2.636392703208483e+00	2.691534803926916e+00
151	2.533609481451983e+00	2.570395782768863e+00
158	2.423731771512483e+00	2.454708915685031e+00
165	2.336968867384483e+00	2.344228815319922e+00
172	2.214621055738483e+00	2.238721138568339e+00
179	2.157765744168983e+00	2.187761623949553e+00
186	2.081804756183983e+00	2.089296130854040e+00
193	2.003248237995983e+00	2.041737944669529e+00
200	1.936001708599983e+00	1.949844599758045e+00
207	1.868924274175983e+00	1.905460717963247e+00
214	1.806109060729483e+00	1.819700858609983e+00
221	1.746912452497483e+00	1.778279410038923e+00
228	1.690618351187483e+00	1.698243652461744e+00
235	1.639400999412983e+00	1.659586907437561e+00
242	1.577043927383483e+00	1.584893192461114e+00
249	1.533142570981983e+00	1.548816618912481e+00
256	1.396623945002983e+00	1.412537544622754e+00
263	1.363875985951983e+00	1.380384264602885e+00
270	1.328429390758983e+00	1.348962882591654e+00
277	1.293683104351983e+00	1.318256738556407e+00
284	1.247596576317483e+00	1.258925411794167e+00
291	1.205457387338983e+00	1.230268770812382e+00
298	1.149103800001983e+00	1.174897554939530e+00
305	1.121376254155983e+00	1.122018454301963e+00
312	9.295310039523588e-01	9.332543007969910e-01
326	8.958766002055594e-01	9.120108393559098e-01
333	8.769044462193946e-01	8.912509381337456e-01
340	8.612158521246532e-01	8.709635899560807e-01
347	8.486736315581052e-01	8.511380382023764e-01
361	8.300792892954857e-01	8.317637711026710e-01
389	8.097889452004325e-01	8.128305161640993e-01
417	7.918917346808991e-01	7.943282347242815e-01
445	7.749852804096837e-01	7.762471166286917e-01
473	7.577286377703155e-01	7.585775750291838e-01
515	7.391469263854268e-01	7.413102413009175e-01
522	6.007115050674308e-01	6.025595860743578e-01
550	5.861820093212086e-01	5.888436553555889e-01
571	5.743402235692634e-01	5.754399373371569e-01
599	5.587737714698460e-01	5.623413251903491e-01
620	5.474747366226578e-01	5.495408738576245e-01
648	5.361704506445986e-01	5.370317963702527e-01
50183	5.207393319896991e-01	5.248074602497725e-01
50261	4.993650371348723e-01	5.011872336272722e-01
50440	4.881535039562799e-01	4.897788193684462e-01
50840	4.745950991700867e-01	4.786300923226383e-01
50909	4.508858443342325e-01	4.570881896148750e-01
50976	4.040478097206515e-01	4.073802778041127e-01
51047	3.195692585629364e-01	3.235936569296283e-01
51132	2.506581851971541e-01	2.511886431509580e-01
51208	1.911433525313291e-01	1.949844599758045e-01
51276	1.393763134260083e-01	1.412537544622754e-01
51345	9.758421178539967e-02	9.772372209558107e-02
51414	6.480211283546289e-02	6.606934480075961e-02
51494	3.967607140664786e-02	3.981071705534973e-02
51589	2.149070553458698e-02	2.187761623949553e-02
51635	1.002875362566868e-02	1.023292992280754e-02
51704	4.874830162238886e-03	4.897788193684461e-03
51785	4.443572501336868e-03	4.466835921509630e-03
51808	4.363322993727325e-03	4.365158322401661e-03
91220	4.264905852138900e-03	4.265795188015926e-03
91248	4.166216396627065e-03	4.168693834703355e-03
91644	4.072976400077977e-03	4.073802778041126e-03
91665	3.976492739951043e-03	3.981071705534973e-03
91686	3.873812606178584e-03	3.890451449942805e-03
94061	3.795275755838157e-03	3.801893963205613e-03
94097	3.701568743156081e-03	3.715352290971724e-03
94586	3.315040848856809e-03	3.388441561392024e-03
94664	3.020652522944922e-03	3.090295432513592e-03
94714	2.786187569586929e-03	2.818382931264455e-03
94779	2.542120662570202e-03	2.570395782768865e-03
94845	2.397825319505276e-03	2.398832919019490e-03
94911	2.236223766185264e-03	2.238721138568340e-03
94976	2.101696700731570e-03	2.137962089502233e-03
95044	2.012385586242171e-03	2.041737944669530e-03
95085	1.936897255925940e-03	1.949844599758046e-03
95141	1.861966709273744e-03	1.862087136662868e-03
95189	1.788765969485295e-03	1.819700858609983e-03
95258	1.721053161534258e-03	1.737800828749376e-03
95305	1.659929736507859e-03	1.698243652461744e-03
95347	1.587529850502034e-03	1.621810097358930e-03
95390	1.526307696092521e-03	1.548816618912481e-03
95454	1.478116734589086e-03	1.479108388168207e-03
95518	1.426401900219698e-03	1.445439770745928e-03
95575	1.375185419095537e-03	1.380384264602885e-03
95633	1.336702521281596e-03	1.348962882591653e-03
95696	1.295828536227006e-03	1.318256738556408e-03
95760	1.261416436966867e-03	1.288249551693134e-03
95818	1.226629895259679e-03	1.230268770812381e-03
95873	1.193386539290908e-03	1.202264434617413e-03
95938	1.157567049518859e-03	1.174897554939529e-03
95992	1.126360882165112e-03	1.148153621496883e-03
96047	1.096158014445181e-03	1.096478196143185e-03
96159	1.053100370827065e-03	1.071519305237606e-03
96192	1.032378986850047e-03	1.047128548050900e-03
96234	1.020419532640426e-03	1.023292992280754e-03
96337	9.836473322559769e-04	1.000000000000000e-03
96391	9.653098318765929e-04	9.772372209558111e-04
96437	9.471860302563417e-04	9.549925860214359e-04
96491	9.291448806900693e-04	9.332543007969915e-04
96537	9.115058921415065e-04	9.120108393559096e-04
96636	8.783477248995863e-04	8.912509381337459e-04
96674	8.628288123576633e-04	8.709635899560805e-04
96713	8.475262758370627e-04	8.511380382023768e-04
96816	8.181617393937524e-04	8.317637711026709e-04
96856	8.040695732828285e-04	8.128305161640995e-04
96911	7.907878697787085e-04	7.943282347242813e-04
97014	7.690884223344741e-04	7.762471166286919e-04
97069	7.570308049513752e-04	7.585775750291835e-04
97180	7.331964656084322e-04	7.413102413009177e-04
97222	7.230698510397593e-04	7.244359600749898e-04
97316	7.029522214532236e-04	7.079457843841380e-04
97433	6.842711471797269e-04	6.918309709189362e-04
97488	6.748374451742700e-04	6.760829753919819e-04
97609	6.574546715150120e-04	6.606934480075957e-04
97704	6.408024677030388e-04	6.456542290346556e-04
97813	6.243931498290944e-04	6.309573444801930e-04
97915	6.089531370262469e-04	6.165950018614823e-04
97972	6.015222326684055e-04	6.025595860743575e-04
98078	5.875402289681197e-04	5.888436553555889e-04
98239	5.705097268613457e-04	5.754399373371566e-04
98286	5.595775290626603e-04	5.623413251903491e-04
98417	5.487589311561347e-04	5.495408738576248e-04
98552	5.351414495636808e-04	5.370317963702527e-04
98666	5.216192986092771e-04	5.248074602497728e-04
98740	5.126977331029181e-04	5.128613839913648e-04
98848	4.993640348940342e-04	5.011872336272725e-04
98946	4.863881965668782e-04	4.897788193684461e-04
99022	4.781761803628326e-04	4.786300923226385e-04
99069	4.665125808372972e-04	4.677351412871981e-04
99178	4.552672578210792e-04	4.570881896148752e-04
99294	4.445360888548633e-04	4.466835921509630e-04
99410	4.342728243671434e-04	4.365158322401661e-04
99527	4.245483030574926e-04	4.265795188015926e-04
99645	4.150808017547858e-04	4.168693834703355e-04
99809	4.053148172498133e-04	4.073802778041126e-04
99904	3.976654399623358e-04	3.981071705534974e-04
100086	3.878913127769446e-04	3.890451449942805e-04
100320	3.780277041183222e-04	3.801893963205612e-04
100438	3.713484776880493e-04	3.715352290971724e-04
100593	3.628306130945003e-04	3.630780547701014e-04
100749	3.543135260430930e-04	3.548133892335753e-04
100950	3.460994335851009e-04	3.467368504525317e-04
101131	3.382663605406844e-04	3.388441561392024e-04
101301	3.308662153831410e-04	3.311311214825911e-04
101563	3.225968466238349e-04	3.235936569296281e-04
101746	3.155432221912946e-04	3.162277660168379e-04
101824	3.088695102062555e-04	3.090295432513592e-04
101985	3.019847438208156e-04	3.019951720402016e-04
102095	2.940981904807627e-04	2.951209226666387e-04
102203	2.873623807595482e-04	2.884031503126605e-04
102259	2.818316760535566e-04	2.818382931264455e-04
102315	2.753313576560057e-04	2.754228703338166e-04
102400	2.691354957767844e-04	2.691534803926917e-04
102493	2.623063532580794e-04	2.630267991895381e-04
102600	2.567255509112742e-04	2.570395782768865e-04
102761	2.505388236537787e-04	2.511886431509580e-04
102935	2.454566110666745e-04	2.454708915685031e-04
103173	2.396691081617552e-04	2.398832919019490e-04
103348	2.343379354797781e-04	2.344228815319923e-04
103586	2.288984957610207e-04	2.290867652767772e-04
103788	2.238558956284553e-04	2.238721138568340e-04
104033	2.184094108377277e-04	2.187761623949552e-04
104294	2.133385014458922e-04	2.137962089502232e-04
104585	2.085278761071452e-04	2.089296130854039e-04
104839	2.039174981380842e-04	2.041737944669530e-04
105175	1.994028536036474e-04	1.995262314968879e-04
105414	1.946644982485646e-04	1.949844599758046e-04
105785	1.903617236813648e-04	1.905460717963246e-04
106215	1.858895167158314e-04	1.862087136662868e-04
106249	1.818837473414048e-04	1.819700858609983e-04
106342	1.776086746841932e-04	1.778279410038923e-04
106398	1.736816981933176e-04	1.737800828749376e-04
106448	1.697944761911430e-04	1.698243652461744e-04
106491	1.657127396539337e-04	1.659586907437562e-04
106643	1.620345305749504e-04	1.621810097358930e-04
106686	1.583782565603986e-04	1.584893192461114e-04
106802	1.546593822838727e-04	1.548816618912481e-04
107038	1.511464340079316e-04	1.513561248436209e-04
107160	1.478419062643788e-04	1.479108388168207e-04
107320	1.444462511889233e-04	1.445439770745928e-04
107563	1.411195992583325e-04	1.412537544622754e-04
107856	1.379824423884957e-04	1.380384264602885e-04
108321	1.348140333548020e-04	1.348962882591653e-04
108531	1.318004548015450e-04	1.318256738556407e-04
108775	1.287012266895093e-04	1.288249551693134e-04
109154	1.258301983909638e-04	1.258925411794167e-04
109399	1.229456233254878e-04	1.230268770812381e-04
110460	1.202043094162830e-04	1.202264434617413e-04
110515	1.174329128954543e-04	1.174897554939529e-04
110645	1.148042922896053e-04	1.148153621496883e-04
110753	1.121462872891721e-04	1.122018454301963e-04
110886	1.096139682096320e-04	1.096478196143185e-04
111178	1.071008057771383e-04	1.071519305237606e-04
111327	1.047086415506548e-04	1.047128548050900e-04
111560	1.023057151158246e-04	1.023292992280754e-04
111818	9.999127394022533e-05	1.000000000000000e-04
111990	9.768236176810330e-05	9.772372209558111e-05
112673	9.547308151536260e-05	9.549925860214369e-05
113124	9.331896832154296e-05	9.332543007969905e-05
113350	9.117949349879417e-05	9.120108393559096e-05
113869	8.911092118446540e-05	8.912509381337459e-05
114509	8.708482941177653e-05	8.709635899560814e-05
115470	8.509658809685572e-05	8.511380382023759e-05
115915	8.317340047747646e-05	8.317637711026709e-05
116123	8.127823224679531e-05	8.128305161640995e-05
116650	7.942664901783303e-05	7.943282347242822e-05
117130	7.762162418700758e-05	7.762471166286911e-05
117768	7.585687897726512e-05	7.585775750291836e-05
119029	7.412285946850616e-05	7.413102413009176e-05
120159	7.243740231088758e-05	7.244359600749906e-05
120662	7.079355074046667e-05	7.079457843841373e-05
121912	6.917774232695351e-05	6.918309709189363e-05
122972	6.760792934468185e-05	6.760829753919819e-05
124357	6.606813653531329e-05	6.606934480075965e-05
126131	6.456366177076678e-05	6.456542290346549e-05
128860	6.309543277061014e-05	6.309573444801929e-05
130951	6.165772215471765e-05	6.165950018614822e-05
133142	6.025511734608635e-05	6.025595860743581e-05
138898	5.888350383331797e-05	5.888436553555884e-05
145632	5.754382215250597e-05	5.754399373371566e-05
151911	5.623388271047691e-05	5.623413251903491e-05
166721	5.495398244770300e-05	5.495408738576248e-05
221599	4.505538975319023e-05	4.570881896148752e-05
221763	3.710233317077982e-05	3.715352290971728e-05
224568	2.133293369233069e-05	2.137962089502232e-05
224575	2.006331198400879e-05	2.041737944669527e-05
224810	1.994312698028189e-05	1.995262314968879e-05
225629	1.911308500546216e-05	1.949844599758046e-05
225643	1.893817752440796e-05	1.905460717963248e-05
225885	1.829307691592064e-05	1.862087136662866e-05
225922	1.761656290855118e-05	1.778279410038923e-05
225960	1.631312495486981e-05	1.659586907437560e-05
226015	1.391017906515746e-05	1.412537544622755e-05
226078	9.920337772584276e-06	1.000000000000000e-05
226143	5.173808349634434e-06	5.248074602497723e-06
226210	4.547161815304790e-06	4.570881896148752e-06
226228	4.427830606834604e-06	4.466835921509635e-06
226229	4.364610713181172e-06	4.365158322401657e-06
261759	3.794390843303574e-06	3.801893963205613e-06
261930	3.583067964885167e-06	3.630780547701010e-06
261962	3.542854701721332e-06	3.548133892335753e-06
261969	3.428295493712596e-06	3.467368504525317e-06
262178	3.352002156842282e-06	3.388441561392028e-06
300000	3.338647808659445e-06	3.388441561392028e-06
%
% index = 1085, name = bbob_f002_i13_d03__bbob_f020_i14_d03
% instance = 6, reference value = 9.519842616313910e-01
% function evaluation | indicator value | target hit
1	2.190629970984891e+00	2.238721138568339e+00
20	2.187575722517391e+00	2.187761623949553e+00
25	2.091748215076891e+00	2.137962089502232e+00
32	2.009617907625891e+00	2.041737944669529e+00
39	1.878262033168891e+00	1.905460717963247e+00
46	1.751745892528391e+00	1.778279410038923e+00
53	1.635683251722891e+00	1.659586907437561e+00
60	1.535516828517391e+00	1.548816618912481e+00
67	1.453644084600891e+00	1.479108388168207e+00
74	1.377273530304391e+00	1.380384264602885e+00
81	1.306351704054891e+00	1.318256738556407e+00
88	1.240307608425391e+00	1.258925411794167e+00
95	1.178640955829891e+00	1.202264434617413e+00
102	1.121784874642891e+00	1.122018454301963e+00
109	1.068941746644391e+00	1.071519305237606e+00
116	1.019145862085891e+00	1.023292992280754e+00
123	9.718488248743909e-01	9.772372209558107e-01
130	9.266933534111648e-01	9.332543007969910e-01
137	8.822548565857231e-01	8.912509381337456e-01
144	8.377630149545464e-01	8.511380382023764e-01
151	7.917710678554160e-01	7.943282347242815e-01
158	7.456173430386728e-01	7.585775750291838e-01
165	6.982549073790089e-01	7.079457843841379e-01
172	6.486186994542623e-01	6.606934480075960e-01
179	6.251742212076878e-01	6.309573444801932e-01
186	6.114366510487033e-01	6.165950018614822e-01
193	6.011292458693187e-01	6.025595860743578e-01
207	5.831182107759215e-01	5.888436553555889e-01
214	5.742683869566789e-01	5.754399373371569e-01
228	5.586763769295896e-01	5.623413251903491e-01
235	4.969295238382125e-01	5.011872336272722e-01
242	4.892506564929363e-01	4.897788193684462e-01
256	4.746051971495706e-01	4.786300923226383e-01
263	4.672829312641309e-01	4.677351412871982e-01
277	4.529916630521098e-01	4.570881896148750e-01
284	4.465360208563832e-01	4.466835921509631e-01
305	3.900894362711932e-01	3.981071705534972e-01
312	3.850399668518859e-01	3.890451449942806e-01
319	3.796469399986641e-01	3.801893963205612e-01
333	3.700786663847665e-01	3.715352290971726e-01
368	3.628473464275360e-01	3.630780547701014e-01
389	3.543691848179320e-01	3.548133892335755e-01
438	3.461254880714987e-01	3.467368504525316e-01
473	3.384045808606670e-01	3.388441561392025e-01
515	3.308974127805363e-01	3.311311214825911e-01
564	3.228328923638378e-01	3.235936569296283e-01
606	3.161730709691807e-01	3.162277660168379e-01
655	3.079208349733250e-01	3.090295432513591e-01
697	3.009500745054886e-01	3.019951720402016e-01
982	2.944804463227698e-01	2.951209226666385e-01
1130	2.847943771266198e-01	2.884031503126606e-01
1195	2.728914021758985e-01	2.754228703338166e-01
1262	2.491559657800506e-01	2.511886431509580e-01
1329	2.194282540127201e-01	2.238721138568339e-01
1417	1.847238991148836e-01	1.862087136662867e-01
1512	1.485730465749703e-01	1.513561248436208e-01
1558	1.154304914501266e-01	1.174897554939529e-01
1626	8.924192444830603e-02	9.120108393559097e-02
1694	7.214602346846155e-02	7.244359600749903e-02
1761	6.364139945757141e-02	6.456542290346556e-02
1821	6.045374996461950e-02	6.165950018614822e-02
1890	5.626411632830541e-02	5.754399373371569e-02
1982	4.604088741309664e-02	4.677351412871981e-02
2051	3.104704644004330e-02	3.162277660168379e-02
2121	1.943116507915532e-02	1.949844599758046e-02
2191	1.506593830941172e-02	1.513561248436208e-02
2292	1.312048927790754e-02	1.318256738556407e-02
2413	1.033762949893424e-02	1.047128548050900e-02
3265	1.021591388745136e-02	1.023292992280754e-02
3365	7.236559424230626e-03	7.244359600749898e-03
3465	5.838574752579984e-03	5.888436553555890e-03
3557	4.811211707763330e-03	4.897788193684461e-03
3656	4.476175762673007e-03	4.570881896148752e-03
3694	4.445860686641767e-03	4.466835921509630e-03
7681	4.349548510515167e-03	4.365158322401661e-03
7745	4.262152671139385e-03	4.265795188015926e-03
7836	4.168316370970926e-03	4.168693834703355e-03
279307	4.067905956682938e-03	4.073802778041126e-03
280791	3.973533779758398e-03	3.981071705534973e-03
281195	3.851261217540425e-03	3.890451449942805e-03
281658	3.709158685203384e-03	3.715352290971724e-03
282874	3.629773954620386e-03	3.630780547701014e-03
283011	3.411520388707179e-03	3.467368504525317e-03
283080	3.206699347968578e-03	3.235936569296281e-03
283150	3.110861828450884e-03	3.162277660168379e-03
283220	3.077410514311874e-03	3.090295432513592e-03
283360	2.949990443222750e-03	2.951209226666387e-03
283430	2.799988698418465e-03	2.818382931264455e-03
283506	2.609669907620238e-03	2.630267991895381e-03
283574	2.409330227823858e-03	2.454708915685031e-03
283653	2.228470495587165e-03	2.238721138568340e-03
283721	2.086392573321771e-03	2.089296130854039e-03
283789	1.988774905176349e-03	1.995262314968879e-03
283856	1.928054608648866e-03	1.949844599758046e-03
300000	1.914329708096352e-03	1.949844599758046e-03
%
% index = 1086, name = bbob_f002_i15_d03__bbob_f020_i16_d03
% instance = 7, reference value = 9.393543612851391e-01
% function evaluation | indicator value | target hit
1	6.180696196508702e-01	6.309573444801932e-01
22	6.162094062119723e-01	6.165950018614822e-01
32	5.908962521186993e-01	6.025595860743578e-01
39	5.712773754100215e-01	5.754399373371569e-01
46	5.518760373325555e-01	5.623413251903491e-01
53	5.328212193042594e-01	5.370317963702527e-01
60	5.142419239380840e-01	5.248074602497725e-01
67	4.962490634989680e-01	5.011872336272722e-01
74	4.789251153977042e-01	4.897788193684462e-01
81	4.623292284797453e-01	4.677351412871982e-01
88	4.465155092226592e-01	4.466835921509631e-01
95	4.315505510119707e-01	4.365158322401660e-01
102	4.175133916368015e-01	4.265795188015927e-01
109	4.044735227020425e-01	4.073802778041127e-01
116	3.924638395306486e-01	3.981071705534972e-01
123	3.814766658953330e-01	3.890451449942806e-01
130	3.714944889252499e-01	3.715352290971726e-01
137	3.625288693757880e-01	3.630780547701014e-01
144	3.546207768522546e-01	3.548133892335755e-01
158	3.415364658201200e-01	3.467368504525316e-01
165	3.353540401221325e-01	3.388441561392025e-01
172	3.292595087511732e-01	3.311311214825911e-01
179	3.232926616522690e-01	3.235936569296283e-01
193	3.116506225748756e-01	3.162277660168379e-01
200	3.060070250708578e-01	3.090295432513591e-01
207	3.004761613000301e-01	3.019951720402016e-01
214	2.950667697378766e-01	2.951209226666385e-01
228	2.845832590484886e-01	2.884031503126606e-01
235	2.795033665010611e-01	2.818382931264454e-01
242	2.745582067055855e-01	2.754228703338166e-01
256	2.649397555518267e-01	2.691534803926916e-01
263	2.603210840046087e-01	2.630267991895382e-01
270	2.560354634009834e-01	2.570395782768864e-01
284	2.502414892262178e-01	2.511886431509580e-01
319	2.446142380151138e-01	2.454708915685030e-01
354	2.396711965600804e-01	2.398832919019490e-01
396	2.340094384775953e-01	2.344228815319922e-01
750	2.257877091736028e-01	2.290867652767773e-01
790	2.185704613718754e-01	2.187761623949552e-01
856	2.056146821124035e-01	2.089296130854039e-01
924	1.902496942210973e-01	1.905460717963247e-01
993	1.717578749342493e-01	1.737800828749375e-01
1061	1.507135561666640e-01	1.513561248436208e-01
1104	1.289578342746666e-01	1.318256738556407e-01
1172	1.090697430611761e-01	1.096478196143185e-01
1240	9.341430059773281e-02	9.549925860214359e-02
1308	8.318740046763495e-02	8.511380382023763e-02
1376	7.803923547151281e-02	7.943282347242814e-02
1445	7.607828405953987e-02	7.762471166286916e-02
1515	7.331562646638845e-02	7.413102413009177e-02
1615	6.750618460285507e-02	6.760829753919818e-02
1714	5.872816832832894e-02	5.888436553555890e-02
1791	5.193759929456720e-02	5.248074602497726e-02
1875	4.943623226810323e-02	5.011872336272722e-02
1983	4.861456539588160e-02	4.897788193684462e-02
2105	4.726951073921071e-02	4.786300923226382e-02
3194	4.517342157074888e-02	4.570881896148749e-02
3294	4.425488026002866e-02	4.466835921509630e-02
3365	4.353910559396046e-02	4.365158322401658e-02
9906	4.253898732791106e-02	4.265795188015926e-02
9988	4.025267289325452e-02	4.073802778041128e-02
10036	3.732395496906660e-02	3.801893963205612e-02
10100	3.188182391721417e-02	3.235936569296283e-02
10166	2.394081115292457e-02	2.398832919019490e-02
10234	1.751298792260580e-02	1.778279410038923e-02
10280	1.246143874713124e-02	1.258925411794167e-02
10354	8.627645229296044e-03	8.709635899560805e-03
10428	5.945556652992789e-03	6.025595860743574e-03
10496	4.384737687364471e-03	4.466835921509630e-03
10565	3.833875267844844e-03	3.890451449942805e-03
10858	3.801326067264132e-03	3.801893963205613e-03
287718	3.701059441367782e-03	3.715352290971724e-03
288511	3.612412924666408e-03	3.630780547701014e-03
288939	3.547530407884358e-03	3.548133892335753e-03
289985	3.462119101172778e-03	3.467368504525317e-03
290123	3.323066678866171e-03	3.388441561392024e-03
290214	3.236420170173782e-03	3.311311214825911e-03
290305	3.220580203434631e-03	3.235936569296281e-03
290574	3.115332562183881e-03	3.162277660168379e-03
290651	3.021635757156638e-03	3.090295432513592e-03
290721	2.905880036190966e-03	2.951209226666387e-03
290789	2.788666815271790e-03	2.818382931264455e-03
290857	2.687797860057795e-03	2.691534803926917e-03
290926	2.607455072726084e-03	2.630267991895381e-03
290994	2.542793334164184e-03	2.570395782768865e-03
291053	2.488795885023265e-03	2.511886431509579e-03
291121	2.442210200564787e-03	2.454708915685031e-03
291325	2.386520001004033e-03	2.398832919019490e-03
291393	2.337976216949866e-03	2.344228815319923e-03
291527	2.248543733603947e-03	2.290867652767772e-03
291602	2.212469200609579e-03	2.238721138568340e-03
291716	2.182934642510070e-03	2.187761623949552e-03
297745	2.136114958746216e-03	2.137962089502233e-03
300000	2.112041585741298e-03	2.137962089502233e-03
%
% index = 1087, name = bbob_f002_i17_d03__bbob_f020_i18_d03
% instance = 8, reference value = 9.835828598091750e-01
% function evaluation | indicator value | target hit
1	3.526403057981327e-01	3.548133892335755e-01
25	3.413868339453554e-01	3.467368504525316e-01
32	3.327334723115338e-01	3.388441561392025e-01
39	3.199127138895691e-01	3.235936569296283e-01
46	3.083926413904303e-01	3.090295432513591e-01
53	2.981096659560357e-01	3.019951720402016e-01
60	2.890554655761103e-01	2.951209226666385e-01
67	2.812824484376032e-01	2.818382931264454e-01
74	2.748442349904814e-01	2.754228703338166e-01
88	2.635145484094682e-01	2.691534803926916e-01
95	2.578832637076781e-01	2.630267991895382e-01
102	2.523316321927639e-01	2.570395782768864e-01
109	2.468213054939932e-01	2.511886431509580e-01
116	2.413094762797795e-01	2.454708915685030e-01
123	2.358475812202262e-01	2.398832919019490e-01
130	2.303934425340565e-01	2.344228815319922e-01
137	2.249525182719706e-01	2.290867652767773e-01
144	2.195308541374669e-01	2.238721138568339e-01
151	2.140952851918794e-01	2.187761623949552e-01
158	2.086711956680151e-01	2.089296130854039e-01
165	2.032702531810271e-01	2.041737944669530e-01
172	1.978157508624566e-01	1.995262314968880e-01
179	1.923423883861881e-01	1.949844599758045e-01
186	1.869143504403440e-01	1.905460717963247e-01
193	1.818862633400451e-01	1.819700858609984e-01
207	1.770067071691859e-01	1.778279410038923e-01
471	1.724549817419959e-01	1.737800828749375e-01
509	1.688610251090590e-01	1.698243652461744e-01
549	1.615587389748265e-01	1.621810097358930e-01
611	1.465428112184495e-01	1.479108388168208e-01
655	1.204512210500644e-01	1.230268770812381e-01
723	9.502791567326840e-02	9.549925860214359e-02
792	7.284450975761070e-02	7.413102413009177e-02
860	5.621547995667031e-02	5.623413251903491e-02
940	4.556296312280217e-02	4.570881896148749e-02
1016	3.923222757129519e-02	3.981071705534973e-02
1086	3.423132076215252e-02	3.467368504525317e-02
1164	2.941100379918649e-02	2.951209226666385e-02
1235	2.655488755444124e-02	2.691534803926915e-02
1308	2.535252970982127e-02	2.570395782768863e-02
3505	2.511836393830891e-02	2.511886431509579e-02
11642	2.433005477226258e-02	2.454708915685030e-02
11665	2.370793595789844e-02	2.398832919019490e-02
11711	2.249494257510853e-02	2.290867652767773e-02
11772	2.019208560590346e-02	2.041737944669529e-02
11836	1.606005745838013e-02	1.621810097358930e-02
11916	1.041134326625692e-02	1.047128548050900e-02
11997	6.330131200167455e-03	6.456542290346556e-03
12064	3.829350581334934e-03	3.890451449942805e-03
12133	2.845256121861373e-03	2.884031503126605e-03
12208	2.817554600535233e-03	2.818382931264455e-03
13939	2.711010649085188e-03	2.754228703338166e-03
14015	2.651745126357463e-03	2.691534803926917e-03
14083	2.596344892001001e-03	2.630267991895381e-03
14158	2.543650620386084e-03	2.570395782768865e-03
14253	2.493127482812829e-03	2.511886431509579e-03
14327	2.444284754515302e-03	2.454708915685031e-03
14492	2.386850996262901e-03	2.398832919019490e-03
14987	2.310036909630608e-03	2.344228815319923e-03
15138	2.260343913157659e-03	2.290867652767772e-03
15240	2.211740679504803e-03	2.238721138568340e-03
15370	2.163977640291748e-03	2.187761623949552e-03
15471	2.120958670982831e-03	2.137962089502233e-03
15562	2.075135912972925e-03	2.089296130854039e-03
15644	2.030803453453633e-03	2.041737944669530e-03
15778	1.985300733937434e-03	1.995262314968879e-03
15883	1.945404879692747e-03	1.949844599758046e-03
16030	1.876846625810891e-03	1.905460717963246e-03
16308	1.848647334266373e-03	1.862087136662868e-03
16721	1.804738028406194e-03	1.819700858609983e-03
51789	1.777849753650029e-03	1.778279410038923e-03
60447	1.735873155316314e-03	1.737800828749376e-03
161092	1.698126570874092e-03	1.698243652461744e-03
207532	1.659539673930177e-03	1.659586907437561e-03
300000	1.657809493863405e-03	1.659586907437561e-03
%
% index = 1088, name = bbob_f002_i19_d03__bbob_f020_i21_d03
% instance = 9, reference value = 9.552669316640220e-01
% function evaluation | indicator value | target hit
1	5.544891650853161e-01	5.623413251903491e-01
39	5.487837970747569e-01	5.495408738576245e-01
74	5.369569535635077e-01	5.370317963702527e-01
116	5.229441245423122e-01	5.248074602497725e-01
151	5.113097875071760e-01	5.128613839913648e-01
186	4.997105167256570e-01	5.011872336272722e-01
221	4.895936646235296e-01	4.897788193684462e-01
19206	4.761700513338403e-01	4.786300923226383e-01
19330	4.520398688512490e-01	4.570881896148750e-01
19398	4.220622376117622e-01	4.265795188015927e-01
19466	3.749034174282154e-01	3.801893963205612e-01
19550	3.288240487168074e-01	3.311311214825911e-01
19640	2.847701819415772e-01	2.884031503126606e-01
19709	2.450234946659072e-01	2.454708915685030e-01
19778	2.094697650513879e-01	2.137962089502232e-01
19847	1.778240881253639e-01	1.778279410038923e-01
19915	1.496046335558687e-01	1.513561248436208e-01
19974	1.242215479471763e-01	1.258925411794167e-01
20043	1.012065964196338e-01	1.023292992280754e-01
20112	8.039551264672518e-02	8.128305161640990e-02
20180	6.197888226986581e-02	6.309573444801933e-02
20245	4.628985691693133e-02	4.677351412871981e-02
20313	3.343235286665969e-02	3.388441561392026e-02
20381	2.317923476272499e-02	2.344228815319923e-02
20448	1.521715500829413e-02	1.548816618912481e-02
20543	9.390850212620871e-03	9.549925860214359e-03
20589	5.693358654493941e-03	5.754399373371567e-03
20658	4.023490396853791e-03	4.073802778041126e-03
20739	3.876903301499701e-03	3.890451449942805e-03
76028	3.800655083155080e-03	3.801893963205613e-03
76402	3.649299928164762e-03	3.715352290971724e-03
76493	3.520863086274972e-03	3.548133892335753e-03
76562	3.357330943899339e-03	3.388441561392024e-03
76631	3.179012910017431e-03	3.235936569296281e-03
76700	3.007861648497534e-03	3.019951720402016e-03
76769	2.856467313034572e-03	2.884031503126605e-03
76835	2.726666087151886e-03	2.754228703338166e-03
76903	2.614492890342324e-03	2.630267991895381e-03
76972	2.514758335682599e-03	2.570395782768865e-03
77041	2.423888379761041e-03	2.454708915685031e-03
77108	2.340760059893143e-03	2.344228815319923e-03
77176	2.265126252644745e-03	2.290867652767772e-03
77244	2.196086400310993e-03	2.238721138568340e-03
77304	2.133027580782598e-03	2.137962089502233e-03
77392	2.077961919389026e-03	2.089296130854039e-03
77458	2.036258593376972e-03	2.041737944669530e-03
267203	1.994433747143698e-03	1.995262314968879e-03
268012	1.948149585596193e-03	1.949844599758046e-03
269176	1.893356057300788e-03	1.905460717963246e-03
269241	1.846473443700924e-03	1.862087136662868e-03
269307	1.811860946230204e-03	1.819700858609983e-03
269437	1.737192763246576e-03	1.737800828749376e-03
269559	1.664890225773097e-03	1.698243652461744e-03
269625	1.628502467138415e-03	1.659586907437561e-03
269691	1.600390815472141e-03	1.621810097358930e-03
269757	1.574259418508639e-03	1.584893192461114e-03
269823	1.542669435413924e-03	1.548816618912481e-03
269955	1.489324278317050e-03	1.513561248436209e-03
270021	1.461517623232211e-03	1.479108388168207e-03
270086	1.441962712452560e-03	1.445439770745928e-03
270216	1.396279504579101e-03	1.412537544622754e-03
270279	1.378431890679099e-03	1.380384264602885e-03
270409	1.339664845430466e-03	1.348962882591653e-03
270533	1.304687544569916e-03	1.318256738556408e-03
270576	1.287472604160622e-03	1.288249551693134e-03
270770	1.250864219184078e-03	1.258925411794167e-03
270878	1.224049578478770e-03	1.230268770812381e-03
271057	1.180249027177838e-03	1.202264434617413e-03
271120	1.157371947917096e-03	1.174897554939529e-03
271241	1.147660627422442e-03	1.148153621496883e-03
271366	1.113192634601412e-03	1.122018454301963e-03
271478	1.079762614518032e-03	1.096478196143185e-03
271531	1.068502767898605e-03	1.071519305237606e-03
271612	1.036191410985321e-03	1.047128548050900e-03
271733	1.004239031960896e-03	1.023292992280754e-03
271774	9.939751397156638e-04	1.000000000000000e-03
271830	9.744770618040910e-04	9.772372209558111e-04
271893	9.546928751624773e-04	9.549925860214359e-04
272084	9.172954455488602e-04	9.332543007969915e-04
272141	9.083803897571574e-04	9.120108393559096e-04
272262	8.833667260599309e-04	8.912509381337459e-04
272319	8.657675255430153e-04	8.709635899560805e-04
272447	8.420366276641333e-04	8.511380382023768e-04
272575	8.200515747052162e-04	8.317637711026709e-04
272632	8.126670067780672e-04	8.128305161640995e-04
272753	7.925617385967643e-04	7.943282347242813e-04
272887	7.722226911778263e-04	7.762471166286919e-04
273007	7.526336624471552e-04	7.585775750291835e-04
273071	7.339644039980886e-04	7.413102413009177e-04
273182	7.162641738169828e-04	7.244359600749898e-04
273308	6.990985701609276e-04	7.079457843841380e-04
273372	6.880613324942164e-04	6.918309709189362e-04
273486	6.721704583644295e-04	6.760829753919819e-04
273599	6.599825208689625e-04	6.606934480075957e-04
273755	6.374427582781506e-04	6.456542290346556e-04
273812	6.275380787824636e-04	6.309573444801930e-04
273896	6.131468337615686e-04	6.165950018614823e-04
274200	5.962335525814266e-04	6.025595860743575e-04
274311	5.840919287929403e-04	5.888436553555889e-04
274442	5.722758694142183e-04	5.754399373371566e-04
274593	5.606593998892517e-04	5.623413251903491e-04
274779	5.495065047828041e-04	5.495408738576248e-04
274968	5.359385163612451e-04	5.370317963702527e-04
276865	5.246495613477897e-04	5.248074602497728e-04
277984	5.127660035731951e-04	5.128613839913648e-04
279374	5.005364021705150e-04	5.011872336272725e-04
280544	4.877502799369715e-04	4.897788193684461e-04
281579	4.785838066385661e-04	4.786300923226385e-04
282378	4.668497596947985e-04	4.677351412871981e-04
282636	4.551504968940412e-04	4.570881896148752e-04
282841	4.439936481299700e-04	4.466835921509630e-04
283295	4.340110419807086e-04	4.365158322401661e-04
283532	4.245776604164808e-04	4.265795188015926e-04
283808	4.159234748918328e-04	4.168693834703355e-04
284100	4.054963387881694e-04	4.073802778041126e-04
284445	3.972153234973463e-04	3.981071705534974e-04
284756	3.875762018279438e-04	3.890451449942805e-04
285170	3.784040225202068e-04	3.801893963205612e-04
285506	3.711118194126284e-04	3.715352290971724e-04
285904	3.614663388449291e-04	3.630780547701014e-04
286381	3.542212328229155e-04	3.548133892335753e-04
286790	3.456654649591773e-04	3.467368504525317e-04
287205	3.383274550834425e-04	3.388441561392024e-04
287687	3.296424032378509e-04	3.311311214825911e-04
288005	3.224569961131074e-04	3.235936569296281e-04
288305	3.153877130001037e-04	3.162277660168379e-04
288745	3.079765135889367e-04	3.090295432513592e-04
289130	3.014141011163929e-04	3.019951720402016e-04
289689	2.948170763157343e-04	2.951209226666387e-04
290088	2.879574717653544e-04	2.884031503126605e-04
290615	2.808000098408758e-04	2.818382931264455e-04
291026	2.746600802472354e-04	2.754228703338166e-04
291515	2.683448699789537e-04	2.691534803926917e-04
292133	2.630078755887499e-04	2.630267991895381e-04
292668	2.565984920338549e-04	2.570395782768865e-04
293347	2.511738429263888e-04	2.511886431509580e-04
294331	2.454294603139173e-04	2.454708915685031e-04
294753	2.398285151745672e-04	2.398832919019490e-04
294966	2.341640802127065e-04	2.344228815319923e-04
295148	2.289388712780616e-04	2.290867652767772e-04
295693	2.232328317470778e-04	2.238721138568340e-04
295948	2.185893876003320e-04	2.187761623949552e-04
296222	2.133523551238747e-04	2.137962089502232e-04
296440	2.086159019554223e-04	2.089296130854039e-04
296897	2.038267350309431e-04	2.041737944669530e-04
297244	1.991642796493887e-04	1.995262314968879e-04
297613	1.947327465683379e-04	1.949844599758046e-04
298092	1.904925358793275e-04	1.905460717963246e-04
298579	1.860706564079662e-04	1.862087136662868e-04
299220	1.815950461094840e-04	1.819700858609983e-04
299684	1.777238951040649e-04	1.778279410038923e-04
300000	1.757195863398842e-04	1.778279410038923e-04
%
% index = 1089, name = bbob_f002_i21_d03__bbob_f020_i22_d03
% instance = 10, reference value = 9.774874043215540e-01
% function evaluation | indicator value | target hit
1	7.523523178155316e-01	7.585775750291838e-01
24	7.323104706361847e-01	7.413102413009175e-01
25	7.122590540569085e-01	7.244359600749900e-01
32	6.798190187008462e-01	6.918309709189365e-01
39	6.280216275888653e-01	6.309573444801932e-01
53	5.823765508697540e-01	5.888436553555889e-01
60	5.635806225344115e-01	5.754399373371569e-01
67	5.511207514952206e-01	5.623413251903491e-01
325	5.490364151530946e-01	5.495408738576245e-01
553	5.369145460132960e-01	5.370317963702527e-01
557	5.151080155845278e-01	5.248074602497725e-01
851	4.958722429954399e-01	5.011872336272722e-01
865	4.642686147641537e-01	4.677351412871982e-01
2232	4.550350912180953e-01	4.570881896148750e-01
2383	4.415680483697583e-01	4.466835921509631e-01
2557	4.298625356137754e-01	4.365158322401660e-01
2580	4.254552726863361e-01	4.265795188015927e-01
2883	4.050194511467706e-01	4.073802778041127e-01
2911	3.723462341734055e-01	3.801893963205612e-01
9264	3.656201862311380e-01	3.715352290971726e-01
14823	3.603265730633556e-01	3.630780547701014e-01
44995	3.518086251213259e-01	3.548133892335755e-01
50007	3.424236735353072e-01	3.467368504525316e-01
50058	3.297320954217954e-01	3.311311214825911e-01
50103	3.047667535895525e-01	3.090295432513591e-01
50184	2.732448311921190e-01	2.754228703338166e-01
50253	2.346860257774883e-01	2.398832919019490e-01
50320	1.926992711678086e-01	1.949844599758045e-01
50415	1.534237798665852e-01	1.548816618912481e-01
50482	1.217787371013170e-01	1.230268770812381e-01
50550	1.000608890258458e-01	1.023292992280754e-01
50620	8.830234167508033e-02	8.912509381337455e-02
50698	8.362802472016040e-02	8.511380382023763e-02
50784	7.576245446219543e-02	7.585775750291836e-02
51286	6.850378603832374e-02	6.918309709189366e-02
51364	5.052461118249985e-02	5.128613839913648e-02
51435	3.232228199594467e-02	3.235936569296283e-02
51506	2.279008226576562e-02	2.290867652767773e-02
51607	2.031303669075990e-02	2.041737944669529e-02
51699	1.170004351469289e-02	1.174897554939530e-02
52602	1.146656695293380e-02	1.148153621496883e-02
52682	8.667760477723219e-03	8.709635899560805e-03
52883	8.086486434440432e-03	8.128305161640995e-03
53173	7.937306655798615e-03	7.943282347242814e-03
53242	7.575933987589156e-03	7.585775750291836e-03
53311	6.847873799404658e-03	6.918309709189363e-03
54182	6.138503445707655e-03	6.165950018614822e-03
54282	4.863821570040394e-03	4.897788193684461e-03
55106	4.562738458180671e-03	4.570881896148752e-03
55190	3.813865862327015e-03	3.890451449942805e-03
55242	3.799921803551598e-03	3.801893963205613e-03
56539	3.700445645430928e-03	3.715352290971724e-03
57349	3.608396215348808e-03	3.630780547701014e-03
57421	3.467598782311176e-03	3.548133892335753e-03
57441	3.467330467686880e-03	3.467368504525317e-03
57493	3.351542460665824e-03	3.388441561392024e-03
57564	3.251033372559498e-03	3.311311214825911e-03
57632	3.158083513163157e-03	3.162277660168379e-03
57709	3.065759249927136e-03	3.090295432513592e-03
57733	3.014586164602928e-03	3.019951720402016e-03
63261	2.917619949660888e-03	2.951209226666387e-03
63336	2.834915262658666e-03	2.884031503126605e-03
63412	2.758263288519025e-03	2.818382931264455e-03
63488	2.687786750922294e-03	2.691534803926917e-03
63556	2.623422565542710e-03	2.630267991895381e-03
63626	2.564934220674275e-03	2.570395782768865e-03
63779	2.464491371210076e-03	2.511886431509579e-03
63848	2.422015760142116e-03	2.454708915685031e-03
63939	2.381987315098311e-03	2.398832919019490e-03
65065	2.313729943041798e-03	2.344228815319923e-03
65254	2.276668981642471e-03	2.290867652767772e-03
65431	2.203597615617503e-03	2.238721138568340e-03
65498	2.167116129977220e-03	2.187761623949552e-03
65606	2.131587872720719e-03	2.137962089502233e-03
65842	2.068864442031915e-03	2.089296130854039e-03
66023	2.024904217202583e-03	2.041737944669530e-03
66096	1.990987431353841e-03	1.995262314968879e-03
89481	1.949543044221791e-03	1.949844599758046e-03
144799	1.903753136897723e-03	1.905460717963246e-03
159164	1.852743297305892e-03	1.862087136662868e-03
229950	1.817936296395373e-03	1.819700858609983e-03
300000	1.809254664763782e-03	1.819700858609983e-03
