%
% index = 1665, name = bbob_f001_i02_d05__bbob_f002_i04_d05
% instance = 1, reference value = 9.533840843112420e-01
% function evaluation | indicator value | target hit
1	3.163039389914865e+00	3.235936569296283e+00
23	3.162083598729130e+00	3.162277660168380e+00
40	3.017272529920242e+00	3.019951720402016e+00
51	2.889453302945742e+00	2.951209226666386e+00
62	2.749557505299242e+00	2.754228703338166e+00
73	2.599860567505742e+00	2.630267991895382e+00
84	2.443591802964242e+00	2.454708915685031e+00
95	2.284586212263742e+00	2.290867652767773e+00
106	2.126866998252242e+00	2.137962089502232e+00
117	1.974225877059242e+00	1.995262314968880e+00
128	1.829864255743242e+00	1.862087136662868e+00
139	1.696138366051242e+00	1.698243652461744e+00
150	1.574424235620742e+00	1.584893192461114e+00
161	1.465093775572242e+00	1.479108388168207e+00
172	1.367578914228242e+00	1.380384264602885e+00
183	1.280500339901742e+00	1.288249551693134e+00
194	1.201847389667242e+00	1.202264434617413e+00
205	1.129210060337742e+00	1.148153621496883e+00
216	1.060071394953742e+00	1.071519305237606e+00
227	9.921587599517421e-01	1.000000000000000e+00
238	9.359075858280292e-01	9.549925860214360e-01
249	8.926901891682978e-01	9.120108393559098e-01
260	8.461573469000896e-01	8.511380382023764e-01
271	7.974067591442766e-01	8.128305161640993e-01
282	7.481148953823143e-01	7.585775750291838e-01
293	7.002260943849994e-01	7.079457843841379e-01
304	6.555651323400293e-01	6.606934480075960e-01
315	6.154862854501054e-01	6.165950018614822e-01
326	5.806290142077452e-01	5.888436553555889e-01
337	5.507885380182403e-01	5.623413251903491e-01
348	5.248840231599838e-01	5.370317963702527e-01
359	5.010457789600340e-01	5.011872336272722e-01
370	4.769090912076230e-01	4.786300923226383e-01
381	4.502019513914445e-01	4.570881896148750e-01
392	4.195630800308831e-01	4.265795188015927e-01
403	3.852255266436030e-01	3.890451449942806e-01
414	3.490613017649862e-01	3.548133892335755e-01
425	3.138375449367170e-01	3.162277660168379e-01
436	2.821288453351705e-01	2.884031503126606e-01
447	2.555444248982801e-01	2.570395782768864e-01
458	2.345685567914604e-01	2.398832919019490e-01
469	2.188354050066817e-01	2.238721138568339e-01
480	2.075038599721186e-01	2.089296130854039e-01
491	1.995308687373525e-01	2.041737944669530e-01
502	1.938204905646990e-01	1.949844599758045e-01
513	1.893896942258262e-01	1.905460717963247e-01
524	1.857297004941530e-01	1.862087136662867e-01
546	1.808109561242268e-01	1.819700858609984e-01
1044	1.766503858709298e-01	1.778279410038923e-01
1229	1.696986848387630e-01	1.698243652461744e-01
1333	1.654333636561962e-01	1.659586907437560e-01
1449	1.607736296367263e-01	1.621810097358930e-01
1521	1.545169919224384e-01	1.548816618912481e-01
1583	1.462213595680426e-01	1.479108388168208e-01
1644	1.377716236119950e-01	1.380384264602885e-01
1705	1.306157146610722e-01	1.318256738556407e-01
1776	1.247673381833895e-01	1.258925411794167e-01
1900	1.200225048200856e-01	1.202264434617413e-01
1960	1.161747102810714e-01	1.174897554939529e-01
2097	1.133632634453942e-01	1.148153621496883e-01
2200	1.114886267418899e-01	1.122018454301964e-01
3057	1.096345755594876e-01	1.096478196143185e-01
3369	1.063504318346012e-01	1.071519305237607e-01
3470	1.032431218514837e-01	1.047128548050900e-01
3585	9.998352128916965e-02	1.000000000000000e-01
16191	9.759350904494957e-02	9.772372209558107e-02
16213	9.524083165250696e-02	9.549925860214359e-02
66622	9.176125272344204e-02	9.332543007969910e-02
66688	8.791419925105692e-02	8.912509381337455e-02
66756	7.933211099707804e-02	7.943282347242814e-02
66815	6.865549574143348e-02	6.918309709189366e-02
66886	6.181924561972352e-02	6.309573444801933e-02
66979	5.747011406580782e-02	5.754399373371569e-02
67061	5.280637438432667e-02	5.370317963702527e-02
67143	4.732192548742820e-02	4.786300923226382e-02
67238	4.278902872468038e-02	4.365158322401658e-02
67353	3.933308887231124e-02	3.981071705534973e-02
67455	3.652730063494136e-02	3.715352290971726e-02
67643	3.435758835487712e-02	3.467368504525317e-02
67755	3.277627328061428e-02	3.311311214825911e-02
67892	3.123603830890032e-02	3.162277660168379e-02
67920	3.038409353692595e-02	3.090295432513590e-02
67931	2.893683880266584e-02	2.951209226666385e-02
72289	2.836332531198105e-02	2.884031503126606e-02
72300	2.779639481906182e-02	2.818382931264454e-02
105936	2.753657629422002e-02	2.754228703338166e-02
106163	2.611249146363681e-02	2.630267991895381e-02
106260	2.459292223748866e-02	2.511886431509579e-02
106358	2.192915235129544e-02	2.238721138568340e-02
106458	1.961687580374416e-02	1.995262314968880e-02
106561	1.780453503921919e-02	1.819700858609984e-02
106587	1.777177482020309e-02	1.778279410038923e-02
106600	1.724210231470835e-02	1.737800828749375e-02
128816	1.615475019332946e-02	1.621810097358930e-02
128917	1.450304831010707e-02	1.479108388168207e-02
128945	1.443671969457938e-02	1.445439770745927e-02
129113	1.308912906848791e-02	1.318256738556407e-02
129315	1.202155633061874e-02	1.202264434617413e-02
129489	1.112908167219628e-02	1.122018454301964e-02
129691	9.858817297975220e-03	1.000000000000000e-02
129738	9.599159491660236e-03	9.772372209558112e-03
129916	8.864296889620427e-03	8.912509381337459e-03
130156	7.315447712578971e-03	7.413102413009177e-03
130351	6.319305318274959e-03	6.456542290346556e-03
130431	6.305938037007963e-03	6.309573444801930e-03
130734	5.714050415397742e-03	5.754399373371567e-03
131312	5.535561234170427e-03	5.623413251903491e-03
132773	5.477126887182271e-03	5.495408738576248e-03
133200	5.301470494921467e-03	5.370317963702527e-03
133502	5.230732976316266e-03	5.248074602497728e-03
134383	5.114408160095119e-03	5.128613839913648e-03
237631	4.984329946136956e-03	5.011872336272725e-03
237780	4.809386469919796e-03	4.897788193684461e-03
238060	4.584893690405600e-03	4.677351412871981e-03
238386	4.433062097058738e-03	4.466835921509630e-03
238668	4.329834753712070e-03	4.365158322401661e-03
238994	4.216178136169368e-03	4.265795188015926e-03
240542	4.157843386823679e-03	4.168693834703355e-03
240903	4.063456736896454e-03	4.073802778041126e-03
241164	3.980561440172892e-03	3.981071705534973e-03
241895	3.854108213101393e-03	3.890451449942805e-03
242070	3.799352565081682e-03	3.801893963205613e-03
242342	3.694361209256258e-03	3.715352290971724e-03
315414	3.614019396896540e-03	3.630780547701014e-03
316342	3.540474941137184e-03	3.548133892335753e-03
341144	3.465932725056242e-03	3.467368504525317e-03
388843	3.375450436601257e-03	3.388441561392024e-03
389822	3.287962808300016e-03	3.311311214825911e-03
451557	3.207522284131903e-03	3.235936569296281e-03
453696	3.139438528437233e-03	3.162277660168379e-03
456568	3.080651481621510e-03	3.090295432513592e-03
500000	3.037613922910909e-03	3.090295432513592e-03
%
% index = 1666, name = bbob_f001_i03_d05__bbob_f002_i05_d05
% instance = 2, reference value = 9.664732313220750e-01
% function evaluation | indicator value | target hit
1	2.506453944510503e+00	2.511886431509580e+00
28	2.448215957384695e+00	2.454708915685031e+00
29	2.389951722672344e+00	2.398832919019490e+00
40	2.248568054097642e+00	2.290867652767773e+00
51	2.045485657054084e+00	2.089296130854040e+00
62	1.841914581781640e+00	1.862087136662868e+00
73	1.647832823533864e+00	1.659586907437561e+00
84	1.477568694035045e+00	1.479108388168207e+00
95	1.344251976276457e+00	1.348962882591654e+00
106	1.253277429897374e+00	1.258925411794167e+00
117	1.191423430030075e+00	1.202264434617413e+00
128	1.132399550861075e+00	1.148153621496883e+00
139	1.074967128897075e+00	1.096478196143185e+00
150	1.019115736626075e+00	1.023292992280754e+00
161	9.656630835049224e-01	9.772372209558107e-01
172	9.321215830466614e-01	9.332543007969910e-01
183	8.912958164764571e-01	9.120108393559098e-01
194	8.517125835372459e-01	8.709635899560807e-01
205	8.142790349776998e-01	8.317637711026710e-01
216	7.607109909004737e-01	7.762471166286917e-01
227	7.042941243879555e-01	7.079457843841379e-01
238	6.608650924564163e-01	6.760829753919817e-01
249	6.108088994427652e-01	6.165950018614822e-01
260	5.671536587822545e-01	5.754399373371569e-01
271	5.268871534129600e-01	5.370317963702527e-01
282	5.027041853695677e-01	5.128613839913648e-01
293	4.748170603249214e-01	4.786300923226383e-01
304	4.520383919029684e-01	4.570881896148750e-01
315	4.289597004723674e-01	4.365158322401660e-01
326	4.100114579037835e-01	4.168693834703354e-01
337	3.902093316463356e-01	3.981071705534972e-01
348	3.715926967573606e-01	3.801893963205612e-01
359	3.538509455559368e-01	3.548133892335755e-01
370	3.388841759915493e-01	3.467368504525316e-01
381	3.246356019688900e-01	3.311311214825911e-01
392	3.098092625105560e-01	3.162277660168379e-01
403	2.968610213559452e-01	3.019951720402016e-01
414	2.858113804770432e-01	2.884031503126606e-01
425	2.743616995194131e-01	2.754228703338166e-01
436	2.652661277837942e-01	2.691534803926916e-01
447	2.556460812480871e-01	2.570395782768864e-01
458	2.482484325622309e-01	2.511886431509580e-01
469	2.370896517399247e-01	2.398832919019490e-01
480	2.299228759271393e-01	2.344228815319922e-01
491	2.251626226497329e-01	2.290867652767773e-01
502	2.200535531970892e-01	2.238721138568339e-01
513	2.169888806654483e-01	2.187761623949552e-01
535	2.101469227637520e-01	2.137962089502232e-01
546	2.057180833300402e-01	2.089296130854039e-01
557	2.031396988146178e-01	2.041737944669530e-01
601	1.943473660661843e-01	1.949844599758045e-01
623	1.871165093067989e-01	1.905460717963247e-01
634	1.850823787608197e-01	1.862087136662867e-01
689	1.802838348732396e-01	1.819700858609984e-01
711	1.722845812962159e-01	1.737800828749375e-01
744	1.687340945173255e-01	1.698243652461744e-01
1379	1.655177374638640e-01	1.659586907437560e-01
1571	1.575717679739117e-01	1.584893192461113e-01
1671	1.480599034000855e-01	1.513561248436208e-01
1784	1.387903237352281e-01	1.412537544622754e-01
1898	1.301435198751071e-01	1.318256738556407e-01
2015	1.185945263425614e-01	1.202264434617413e-01
2121	1.114046238572101e-01	1.122018454301964e-01
2203	1.019162004123307e-01	1.023292992280754e-01
2287	8.895901256843575e-02	8.912509381337455e-02
2883	8.254032022502045e-02	8.317637711026708e-02
3132	8.073822579939616e-02	8.128305161640990e-02
3223	7.668713341703326e-02	7.762471166286916e-02
3292	6.959335421262047e-02	7.079457843841380e-02
3358	5.886634344779162e-02	5.888436553555890e-02
3452	4.823933271944070e-02	4.897788193684462e-02
3524	3.756198560133106e-02	3.801893963205612e-02
3596	2.850908116586448e-02	2.884031503126606e-02
3656	2.145654466842206e-02	2.187761623949553e-02
3713	1.613040033917612e-02	1.621810097358930e-02
3772	1.230541799826645e-02	1.258925411794167e-02
3830	9.838998408995603e-03	1.000000000000000e-02
3886	8.521331852775815e-03	8.709635899560805e-03
3932	8.054992611701950e-03	8.128305161640995e-03
5199	6.475122161142766e-03	6.606934480075957e-03
5371	5.358523961783823e-03	5.370317963702527e-03
5611	4.816351098798854e-03	4.897788193684461e-03
5636	4.758217519003960e-03	4.786300923226385e-03
6153	4.475687285770746e-03	4.570881896148752e-03
6914	4.158017555150773e-03	4.168693834703355e-03
7517	4.041360853091813e-03	4.073802778041126e-03
14631	3.907438314806555e-03	3.981071705534973e-03
15903	3.851649263400203e-03	3.890451449942805e-03
19253	3.797074329748407e-03	3.801893963205613e-03
500000	3.743805101304121e-03	3.801893963205613e-03
%
% index = 1667, name = bbob_f001_i07_d05__bbob_f002_i08_d05
% instance = 3, reference value = 9.503644028421510e-01
% function evaluation | indicator value | target hit
1	2.932726258755151e+00	2.951209226666386e+00
26	2.851841133099151e+00	2.884031503126606e+00
27	2.772824422622651e+00	2.818382931264454e+00
28	2.620691058114151e+00	2.630267991895382e+00
29	2.341671011414651e+00	2.344228815319922e+00
40	1.817552851833651e+00	1.819700858609983e+00
51	1.384562297836151e+00	1.412537544622754e+00
62	1.104513724163651e+00	1.122018454301963e+00
73	8.831994739965568e-01	8.912509381337456e-01
84	7.890202830032226e-01	7.943282347242815e-01
95	7.327226427558591e-01	7.413102413009175e-01
106	6.713164407817775e-01	6.760829753919817e-01
117	6.140800509112276e-01	6.165950018614822e-01
128	5.576809116846440e-01	5.623413251903491e-01
139	5.095080322903829e-01	5.128613839913648e-01
150	4.717569948145802e-01	4.786300923226383e-01
161	4.392105261078454e-01	4.466835921509631e-01
172	4.082704383387262e-01	4.168693834703354e-01
183	3.851191044237243e-01	3.890451449942806e-01
194	3.596449616740336e-01	3.630780547701014e-01
205	3.257727037586853e-01	3.311311214825911e-01
216	3.062355273190422e-01	3.090295432513591e-01
227	2.978569199260982e-01	3.019951720402016e-01
238	2.895787135528244e-01	2.951209226666385e-01
249	2.846458136547211e-01	2.884031503126606e-01
271	2.802906569051423e-01	2.818382931264454e-01
304	2.711774987730254e-01	2.754228703338166e-01
326	2.690016220169738e-01	2.691534803926916e-01
359	2.615978400644512e-01	2.630267991895382e-01
1106	2.565742115430001e-01	2.570395782768864e-01
1530	2.507163270760077e-01	2.511886431509580e-01
3305	2.360355855929810e-01	2.398832919019490e-01
3531	1.986870652664534e-01	1.995262314968880e-01
3652	1.629677002080036e-01	1.659586907437560e-01
3824	1.239951506088414e-01	1.258925411794167e-01
4113	8.274349368647171e-02	8.317637711026708e-02
4354	4.781087838553011e-02	4.786300923226382e-02
4609	2.821155682254151e-02	2.884031503126606e-02
4644	2.817691834526848e-02	2.818382931264454e-02
5068	1.977883137125591e-02	1.995262314968880e-02
6131	1.432807386165835e-02	1.445439770745927e-02
8761	1.412392138425111e-02	1.412537544622754e-02
11757	1.331966173828480e-02	1.348962882591653e-02
15777	1.277022721609400e-02	1.288249551693134e-02
16997	1.226410491481666e-02	1.230268770812382e-02
17921	1.150638975379636e-02	1.174897554939530e-02
19498	1.038330246663199e-02	1.047128548050900e-02
19962	8.779684845516500e-03	8.912509381337459e-03
21730	7.514243097889062e-03	7.585775750291836e-03
25266	7.401726429621558e-03	7.413102413009177e-03
25555	6.815689651085033e-03	6.918309709189363e-03
27040	6.649852154876568e-03	6.760829753919818e-03
28225	6.455446553356614e-03	6.456542290346556e-03
32761	6.231411499020956e-03	6.309573444801930e-03
34437	6.088086313580154e-03	6.165950018614822e-03
36629	6.023448847103818e-03	6.025595860743574e-03
231470	5.818025716850195e-03	5.888436553555890e-03
233981	5.724261914633377e-03	5.754399373371567e-03
235147	5.608307341382845e-03	5.623413251903491e-03
235540	5.459634653686596e-03	5.495408738576248e-03
236154	5.158894842886008e-03	5.248074602497728e-03
236856	4.902778801307961e-03	5.011872336272725e-03
237044	4.814435770939540e-03	4.897788193684461e-03
237068	4.778342273420444e-03	4.786300923226385e-03
237391	4.672294220437467e-03	4.677351412871981e-03
238276	4.441791241961535e-03	4.466835921509630e-03
238303	4.361740679258430e-03	4.365158322401661e-03
500000	4.269063259617289e-03	4.365158322401661e-03
%
% index = 1668, name = bbob_f001_i09_d05__bbob_f002_i10_d05
% instance = 4, reference value = 8.813635528940390e-01
% function evaluation | indicator value | target hit
1	8.595293143686507e-01	8.709635899560807e-01
29	8.460081257316031e-01	8.511380382023764e-01
40	8.297057698449763e-01	8.317637711026710e-01
51	8.065789957135757e-01	8.128305161640993e-01
62	7.835365981267325e-01	7.943282347242815e-01
73	7.607594665553165e-01	7.762471166286917e-01
84	7.384393129168579e-01	7.413102413009175e-01
95	7.167502159254695e-01	7.244359600749900e-01
106	6.958052723083189e-01	7.079457843841379e-01
117	6.756026144466439e-01	6.760829753919817e-01
128	6.559781155058065e-01	6.606934480075960e-01
139	6.366458242565287e-01	6.456542290346555e-01
150	6.174513730474823e-01	6.309573444801932e-01
161	5.986741470668320e-01	6.025595860743578e-01
172	5.808276690167389e-01	5.888436553555889e-01
183	5.641277459979122e-01	5.754399373371569e-01
194	5.483531734236105e-01	5.495408738576245e-01
205	5.328851369537069e-01	5.370317963702527e-01
216	5.177446423335803e-01	5.248074602497725e-01
227	5.038483702030814e-01	5.128613839913648e-01
238	4.908123227208614e-01	5.011872336272722e-01
249	4.786909485594705e-01	4.897788193684462e-01
260	4.675800867230185e-01	4.677351412871982e-01
282	4.485047174799198e-01	4.570881896148750e-01
293	4.405636389527313e-01	4.466835921509631e-01
304	4.336262948735749e-01	4.365158322401660e-01
326	4.239367178400016e-01	4.265795188015927e-01
683	4.161543896696442e-01	4.168693834703354e-01
854	4.065530665418767e-01	4.073802778041127e-01
921	3.961694104769722e-01	3.981071705534972e-01
989	3.760444848195096e-01	3.801893963205612e-01
1060	3.526034546371115e-01	3.548133892335755e-01
1132	3.248324580117954e-01	3.311311214825911e-01
1204	2.937196873247212e-01	2.951209226666385e-01
1276	2.629991536130705e-01	2.630267991895382e-01
1347	2.343922743281270e-01	2.344228815319922e-01
1416	2.074312944052217e-01	2.089296130854039e-01
1487	1.821653724066568e-01	1.862087136662867e-01
1557	1.589404338236311e-01	1.621810097358930e-01
1613	1.376055829674400e-01	1.380384264602885e-01
1682	1.181358102598581e-01	1.202264434617413e-01
1751	1.005875945554477e-01	1.023292992280754e-01
1809	8.498012073829220e-02	8.511380382023763e-02
1866	7.127611134377643e-02	7.244359600749903e-02
1923	5.939258145002546e-02	6.025595860743578e-02
1979	4.921544487343121e-02	5.011872336272722e-02
2034	4.061290760024883e-02	4.073802778041128e-02
2077	3.344632383370849e-02	3.388441561392026e-02
2129	2.757781351077970e-02	2.818382931264454e-02
2171	2.287445468899718e-02	2.290867652767773e-02
2214	1.920939288862655e-02	1.949844599758046e-02
2257	1.646054663070606e-02	1.659586907437561e-02
2299	1.450769605753399e-02	1.479108388168207e-02
2340	1.322864641169808e-02	1.348962882591653e-02
2381	1.249497423872004e-02	1.258925411794167e-02
2423	1.216769247986083e-02	1.230268770812382e-02
2846	1.201045665488010e-02	1.202264434617413e-02
3053	1.147335271352334e-02	1.148153621496883e-02
3134	1.083298512738462e-02	1.096478196143185e-02
3415	1.059559718166569e-02	1.071519305237606e-02
3481	1.013435463853518e-02	1.023292992280754e-02
3564	9.588319813399915e-03	9.772372209558112e-03
3984	9.387915750120324e-03	9.549925860214359e-03
4066	9.071308441920722e-03	9.120108393559097e-03
4172	8.702157786287801e-03	8.709635899560805e-03
4289	8.425545514141985e-03	8.511380382023767e-03
4392	8.166155580361711e-03	8.317637711026709e-03
4497	7.895339426060688e-03	7.943282347242814e-03
4741	7.760880296625916e-03	7.762471166286920e-03
6208	7.557666363286475e-03	7.585775750291836e-03
500000	7.423643476679787e-03	7.585775750291836e-03
%
% index = 1669, name = bbob_f001_i11_d05__bbob_f002_i12_d05
% instance = 5, reference value = 8.615933530380380e-01
% function evaluation | indicator value | target hit
1	9.266195084243137e+00	9.332543007969910e+00
28	9.096346365149291e+00	9.120108393559097e+00
29	8.881366239765935e+00	8.912509381337454e+00
40	8.162466034120321e+00	8.317637711026711e+00
51	7.152939755153880e+00	7.244359600749901e+00
62	6.646911342779935e+00	6.760829753919817e+00
73	6.359804114786951e+00	6.456542290346556e+00
84	5.954243031786966e+00	6.025595860743578e+00
95	5.589711582844649e+00	5.623413251903491e+00
106	5.317000777266054e+00	5.370317963702527e+00
117	5.066618226681594e+00	5.128613839913648e+00
128	4.840156210053004e+00	4.897788193684462e+00
139	4.622555391200233e+00	4.677351412871983e+00
150	4.413593423379859e+00	4.466835921509632e+00
161	4.211278554149361e+00	4.265795188015927e+00
172	4.015946936658784e+00	4.073802778041127e+00
183	3.827206455280549e+00	3.890451449942806e+00
194	3.644818684718005e+00	3.715352290971725e+00
205	3.468365709683413e+00	3.548133892335755e+00
216	3.297796450815891e+00	3.311311214825911e+00
227	3.133083982233268e+00	3.162277660168380e+00
238	2.974147153590466e+00	3.019951720402016e+00
249	2.821302133410001e+00	2.884031503126606e+00
260	2.674970022901723e+00	2.691534803926916e+00
271	2.535549600652538e+00	2.570395782768863e+00
282	2.403924464120954e+00	2.454708915685031e+00
293	2.280825583490038e+00	2.290867652767773e+00
304	2.164294545954038e+00	2.187761623949553e+00
315	2.052092863748038e+00	2.089296130854040e+00
326	1.944282221739038e+00	1.949844599758045e+00
337	1.840673911067038e+00	1.862087136662868e+00
348	1.741368395918038e+00	1.778279410038923e+00
359	1.646276632324538e+00	1.659586907437561e+00
370	1.555302726715538e+00	1.584893192461114e+00
381	1.468512796703538e+00	1.479108388168207e+00
392	1.385622066915038e+00	1.412537544622754e+00
403	1.306890284832038e+00	1.318256738556407e+00
414	1.231139519804038e+00	1.258925411794167e+00
425	1.157211386708538e+00	1.174897554939530e+00
436	1.082613193275538e+00	1.096478196143185e+00
447	1.017919289106038e+00	1.023292992280754e+00
458	9.570369219290380e-01	9.772372209558107e-01
469	8.922015715040379e-01	9.120108393559098e-01
480	8.354319742074982e-01	8.511380382023764e-01
491	8.014423181971105e-01	8.128305161640993e-01
502	7.574919669793803e-01	7.585775750291838e-01
513	7.085557711125891e-01	7.244359600749900e-01
524	6.908075841465664e-01	6.918309709189365e-01
535	6.536917766993349e-01	6.606934480075960e-01
546	6.168451236367058e-01	6.309573444801932e-01
557	5.784222537180720e-01	5.888436553555889e-01
568	5.472317561731008e-01	5.495408738576245e-01
579	5.121467571923251e-01	5.128613839913648e-01
590	4.918211794741150e-01	5.011872336272722e-01
601	4.633422979656132e-01	4.677351412871982e-01
612	4.275375014224530e-01	4.365158322401660e-01
623	4.182421124435282e-01	4.265795188015927e-01
634	4.016919952435721e-01	4.073802778041127e-01
645	3.781555583037104e-01	3.801893963205612e-01
656	3.494467438980023e-01	3.548133892335755e-01
667	3.387676155136010e-01	3.388441561392025e-01
678	3.305548794922704e-01	3.311311214825911e-01
700	3.227689964949793e-01	3.235936569296283e-01
711	3.122292985631849e-01	3.162277660168379e-01
722	2.893848970210480e-01	2.951209226666385e-01
733	2.783865386859372e-01	2.818382931264454e-01
755	2.729963350991593e-01	2.754228703338166e-01
766	2.669797229380844e-01	2.691534803926916e-01
777	2.623311236748249e-01	2.630267991895382e-01
788	2.397705979726015e-01	2.398832919019490e-01
876	2.341905192896235e-01	2.344228815319922e-01
975	2.120222751955885e-01	2.137962089502232e-01
986	2.017359763086616e-01	2.041737944669530e-01
997	1.993487032731033e-01	1.995262314968880e-01
1996	1.932266667090986e-01	1.949844599758045e-01
2070	1.877883689553265e-01	1.905460717963247e-01
2419	1.779575990896037e-01	1.819700858609984e-01
2621	1.624014029831071e-01	1.659586907437560e-01
2809	1.505817476540131e-01	1.513561248436208e-01
3001	1.433565477532192e-01	1.445439770745928e-01
3192	1.397593358705229e-01	1.412537544622754e-01
14021	1.378717026446564e-01	1.380384264602885e-01
14818	1.274229608446757e-01	1.288249551693134e-01
15162	9.720331533747029e-02	9.772372209558107e-02
15527	6.618373072281702e-02	6.760829753919818e-02
15777	4.029196400222490e-02	4.073802778041128e-02
16300	2.548837813604909e-02	2.570395782768863e-02
18157	1.973062664813219e-02	1.995262314968880e-02
18910	1.677648482817484e-02	1.698243652461744e-02
19720	1.516627904587287e-02	1.548816618912481e-02
21992	1.474995779909216e-02	1.479108388168207e-02
23909	1.435894117565384e-02	1.445439770745927e-02
500000	1.423292064941617e-02	1.445439770745927e-02
%
% index = 1670, name = bbob_f001_i13_d05__bbob_f002_i14_d05
% instance = 6, reference value = 9.104392801903530e-01
% function evaluation | indicator value | target hit
1	8.547119203561067e-01	8.709635899560807e-01
28	8.503990378537279e-01	8.511380382023764e-01
51	8.179512676870425e-01	8.317637711026710e-01
62	7.999059761287357e-01	8.128305161640993e-01
73	7.807430723505585e-01	7.943282347242815e-01
84	7.605274949447300e-01	7.762471166286917e-01
95	7.393272021204009e-01	7.413102413009175e-01
106	7.172200906198833e-01	7.244359600749900e-01
117	6.942998032619691e-01	7.079457843841379e-01
128	6.706800358594389e-01	6.760829753919817e-01
139	6.464961147880027e-01	6.606934480075960e-01
150	6.219051527958253e-01	6.309573444801932e-01
161	5.970833636764690e-01	6.025595860743578e-01
172	5.722207920842528e-01	5.754399373371569e-01
183	5.475143943534885e-01	5.495408738576245e-01
194	5.231601628204358e-01	5.248074602497725e-01
205	4.993450629436635e-01	5.011872336272722e-01
216	4.762396140966941e-01	4.786300923226383e-01
227	4.539918534510839e-01	4.570881896148750e-01
238	4.327231937055694e-01	4.365158322401660e-01
249	4.125263851854990e-01	4.168693834703354e-01
260	3.934654898210663e-01	3.981071705534972e-01
271	3.755775943668436e-01	3.801893963205612e-01
282	3.588758997829198e-01	3.630780547701014e-01
293	3.433537312666711e-01	3.467368504525316e-01
304	3.289890721246087e-01	3.311311214825911e-01
315	3.157492475672485e-01	3.162277660168379e-01
326	3.035954371690768e-01	3.090295432513591e-01
337	2.924867491188052e-01	2.951209226666385e-01
348	2.823836154333521e-01	2.884031503126606e-01
359	2.732503395827621e-01	2.754228703338166e-01
370	2.650567048116713e-01	2.691534803926916e-01
381	2.577786552255253e-01	2.630267991895382e-01
392	2.513981738354367e-01	2.570395782768864e-01
403	2.459025543229001e-01	2.511886431509580e-01
414	2.412833027068023e-01	2.454708915685030e-01
425	2.375348805402273e-01	2.398832919019490e-01
447	2.326357403606195e-01	2.344228815319922e-01
729	2.287527183871181e-01	2.290867652767773e-01
822	2.216359111823555e-01	2.238721138568339e-01
877	2.124459648160576e-01	2.137962089502232e-01
944	1.951155328055705e-01	1.995262314968880e-01
1012	1.776955818957318e-01	1.778279410038923e-01
1080	1.618082865243614e-01	1.621810097358930e-01
1149	1.474733066667149e-01	1.479108388168208e-01
1207	1.347159768405944e-01	1.348962882591654e-01
1264	1.235238050563006e-01	1.258925411794167e-01
1321	1.138442384006157e-01	1.148153621496883e-01
1377	1.055931428450599e-01	1.071519305237607e-01
1432	9.866505870949227e-02	1.000000000000000e-01
1476	9.294293254144326e-02	9.332543007969910e-02
1519	8.830605242926626e-02	8.912509381337455e-02
1558	8.463541351674220e-02	8.511380382023763e-02
1599	8.181634661756243e-02	8.317637711026708e-02
1641	7.973872611851807e-02	8.128305161640990e-02
1683	7.829534249971626e-02	7.943282347242814e-02
1724	7.737907448413350e-02	7.762471166286916e-02
2195	7.519820071857775e-02	7.585775750291836e-02
2235	7.375325459763771e-02	7.413102413009177e-02
2288	7.088148775899072e-02	7.244359600749903e-02
2354	6.512339175802795e-02	6.606934480075961e-02
2422	5.299566486347285e-02	5.370317963702527e-02
2491	3.856861900657960e-02	3.890451449942807e-02
2560	2.522556836521417e-02	2.570395782768863e-02
2632	1.652428983107479e-02	1.659586907437561e-02
2716	1.267000120915596e-02	1.288249551693134e-02
2811	1.108353121762440e-02	1.122018454301964e-02
2901	9.350980147543098e-03	9.549925860214359e-03
2929	9.313271607003570e-03	9.332543007969915e-03
4318	8.633708549967034e-03	8.709635899560805e-03
4878	8.324659374837284e-03	8.511380382023767e-03
4950	7.822775426477357e-03	7.943282347242814e-03
5044	7.334407445697910e-03	7.413102413009177e-03
5149	6.837636908051059e-03	6.918309709189363e-03
5254	6.373234750784440e-03	6.456542290346556e-03
7005	6.236033914028494e-03	6.309573444801930e-03
7107	6.122392091555406e-03	6.165950018614822e-03
7264	6.005225370345868e-03	6.025595860743574e-03
7799	5.886705985326812e-03	5.888436553555890e-03
12429	5.748505070366838e-03	5.754399373371567e-03
210893	5.621753318826084e-03	5.623413251903491e-03
212201	5.487839452353316e-03	5.495408738576248e-03
212659	5.347930193710826e-03	5.370317963702527e-03
213619	5.213531908617619e-03	5.248074602497728e-03
214855	4.948610809610843e-03	5.011872336272725e-03
214897	4.765657243160470e-03	4.786300923226385e-03
214940	4.590816449146606e-03	4.677351412871981e-03
214981	4.429111698268207e-03	4.466835921509630e-03
215021	4.282744320254328e-03	4.365158322401661e-03
215060	4.135381997299903e-03	4.168693834703355e-03
215129	3.999119664387485e-03	4.073802778041126e-03
215197	3.868671948568325e-03	3.890451449942805e-03
215234	3.733923818577845e-03	3.801893963205613e-03
215289	3.618877669698151e-03	3.630780547701014e-03
215328	3.523078029594062e-03	3.548133892335753e-03
215383	3.409916950130931e-03	3.467368504525317e-03
215453	3.320428132585818e-03	3.388441561392024e-03
215494	3.232756764219524e-03	3.235936569296281e-03
215536	3.145247449978794e-03	3.162277660168379e-03
215575	3.070126692026109e-03	3.090295432513592e-03
215612	2.999322208124489e-03	3.019951720402016e-03
215653	2.937984940185157e-03	2.951209226666387e-03
215706	2.874978241067749e-03	2.884031503126605e-03
215782	2.778864533623859e-03	2.818382931264455e-03
215822	2.733665336430713e-03	2.754228703338166e-03
215863	2.688777833942502e-03	2.691534803926917e-03
215942	2.600739374804206e-03	2.630267991895381e-03
215983	2.558286357756345e-03	2.570395782768865e-03
216022	2.509096942843958e-03	2.511886431509579e-03
216142	2.429148018064708e-03	2.454708915685031e-03
216180	2.390940012298337e-03	2.398832919019490e-03
216255	2.317053101829614e-03	2.344228815319923e-03
216322	2.281445869925292e-03	2.290867652767772e-03
216413	2.211390101572119e-03	2.238721138568340e-03
216480	2.178426002918066e-03	2.187761623949552e-03
216558	2.111395892140933e-03	2.137962089502233e-03
216600	2.074506635035722e-03	2.089296130854039e-03
216686	2.011858304109437e-03	2.041737944669530e-03
216738	1.982562915839647e-03	1.995262314968879e-03
216843	1.925802277689126e-03	1.949844599758046e-03
216880	1.900467266885530e-03	1.905460717963246e-03
216973	1.855448381863689e-03	1.862087136662868e-03
217067	1.811291162074569e-03	1.819700858609983e-03
217143	1.767182539565981e-03	1.778279410038923e-03
217236	1.722077934153465e-03	1.737800828749376e-03
217345	1.680281914181236e-03	1.698243652461744e-03
217423	1.641695503545204e-03	1.659586907437561e-03
217497	1.606446604676348e-03	1.621810097358930e-03
217560	1.568130611366958e-03	1.584893192461114e-03
217640	1.535342940312989e-03	1.548816618912481e-03
217704	1.505244290193830e-03	1.513561248436209e-03
217780	1.476595791659596e-03	1.479108388168207e-03
217893	1.438190584836074e-03	1.445439770745928e-03
218082	1.402772993057799e-03	1.412537544622754e-03
218159	1.380352841528598e-03	1.380384264602885e-03
218273	1.347185920740901e-03	1.348962882591653e-03
218386	1.314534113456611e-03	1.318256738556408e-03
218499	1.282224150305322e-03	1.288249551693134e-03
218609	1.252095643003215e-03	1.258925411794167e-03
218717	1.223484764427796e-03	1.230268770812381e-03
218842	1.195995276643935e-03	1.202264434617413e-03
218977	1.168125745280357e-03	1.174897554939529e-03
219092	1.140950199440827e-03	1.148153621496883e-03
219211	1.115078612266007e-03	1.122018454301963e-03
219294	1.090132384960141e-03	1.096478196143185e-03
219402	1.065526629933200e-03	1.071519305237606e-03
219494	1.042136345413058e-03	1.047128548050900e-03
219569	1.019707328693609e-03	1.023292992280754e-03
219685	9.979320762656396e-04	1.000000000000000e-03
219849	9.717327339199278e-04	9.772372209558111e-04
219968	9.540958885086992e-04	9.549925860214359e-04
220158	9.319876784298353e-04	9.332543007969915e-04
220309	9.101585992457029e-04	9.120108393559096e-04
220462	8.885979160238033e-04	8.912509381337459e-04
220635	8.669452562238833e-04	8.709635899560805e-04
220812	8.463817293651310e-04	8.511380382023768e-04
220926	8.273279502499786e-04	8.317637711026709e-04
220999	8.099608704812411e-04	8.128305161640995e-04
221112	7.932512324004826e-04	7.943282347242813e-04
221240	7.741198656087134e-04	7.762471166286919e-04
221388	7.563572269960739e-04	7.585775750291835e-04
221567	7.397496909860024e-04	7.413102413009177e-04
221846	7.221018523632106e-04	7.244359600749898e-04
222093	7.079007260306636e-04	7.079457843841380e-04
222310	6.912291910200485e-04	6.918309709189362e-04
222558	6.747372417702513e-04	6.760829753919819e-04
222772	6.587456642564993e-04	6.606934480075957e-04
222929	6.434042824280395e-04	6.456542290346556e-04
223092	6.288006206438546e-04	6.309573444801930e-04
223199	6.147398801359394e-04	6.165950018614823e-04
223369	6.011384480884008e-04	6.025595860743575e-04
223544	5.878374485839277e-04	5.888436553555889e-04
223708	5.748372651976918e-04	5.754399373371566e-04
223889	5.621645677177378e-04	5.623413251903491e-04
224097	5.479009631120801e-04	5.495408738576248e-04
224355	5.359790515669927e-04	5.370317963702527e-04
224581	5.237840356627776e-04	5.248074602497728e-04
224772	5.111351403895847e-04	5.128613839913648e-04
224978	5.008906527530499e-04	5.011872336272725e-04
225256	4.883890020700443e-04	4.897788193684461e-04
225514	4.784438823984827e-04	4.786300923226385e-04
225764	4.674962254079817e-04	4.677351412871981e-04
226046	4.566518614291804e-04	4.570881896148752e-04
226328	4.460159051755674e-04	4.466835921509630e-04
226594	4.355320272284580e-04	4.365158322401661e-04
226784	4.256345562351216e-04	4.265795188015926e-04
226998	4.163425806201770e-04	4.168693834703355e-04
227156	4.067735372477177e-04	4.073802778041126e-04
227365	3.977071730929538e-04	3.981071705534974e-04
227620	3.884128272171328e-04	3.890451449942805e-04
227741	3.798659833589291e-04	3.801893963205612e-04
228196	3.713364700664856e-04	3.715352290971724e-04
228528	3.628119705382238e-04	3.630780547701014e-04
228755	3.544807315947196e-04	3.548133892335753e-04
228972	3.462712256934175e-04	3.467368504525317e-04
229165	3.382144627621653e-04	3.388441561392024e-04
229373	3.309665130774020e-04	3.311311214825911e-04
229505	3.234843940247423e-04	3.235936569296281e-04
229750	3.162216496227499e-04	3.162277660168379e-04
229941	3.087521183516850e-04	3.090295432513592e-04
230291	3.014589517409405e-04	3.019951720402016e-04
230581	2.948774860163095e-04	2.951209226666387e-04
230886	2.879881045914079e-04	2.884031503126605e-04
231214	2.817902978538012e-04	2.818382931264455e-04
231583	2.752884053827120e-04	2.754228703338166e-04
231933	2.689800121272734e-04	2.691534803926917e-04
232314	2.629712430604059e-04	2.630267991895381e-04
232590	2.567954221751600e-04	2.570395782768865e-04
232873	2.510611069491686e-04	2.511886431509580e-04
233501	2.454621806026180e-04	2.454708915685031e-04
233838	2.395992911440326e-04	2.398832919019490e-04
234159	2.341423544574006e-04	2.344228815319923e-04
234554	2.287837979555452e-04	2.290867652767772e-04
235043	2.238412171955417e-04	2.238721138568340e-04
235533	2.186286041274688e-04	2.187761623949552e-04
235824	2.137726039475041e-04	2.137962089502232e-04
236017	2.086821532438776e-04	2.089296130854039e-04
236248	2.039606456654131e-04	2.041737944669530e-04
236583	1.994992870731904e-04	1.995262314968879e-04
236818	1.949367814195746e-04	1.949844599758046e-04
237072	1.903584083304821e-04	1.905460717963246e-04
238114	1.861802410015878e-04	1.862087136662868e-04
238234	1.819642795194421e-04	1.819700858609983e-04
238640	1.777471306306788e-04	1.778279410038923e-04
238850	1.736592522756375e-04	1.737800828749376e-04
238980	1.698048289073828e-04	1.698243652461744e-04
239308	1.659457316557367e-04	1.659586907437562e-04
239413	1.621147173912485e-04	1.621810097358930e-04
239576	1.584447355320595e-04	1.584893192461114e-04
240154	1.547471242741016e-04	1.548816618912481e-04
240715	1.512662619171934e-04	1.513561248436209e-04
241405	1.478713385437702e-04	1.479108388168207e-04
241929	1.444328292408148e-04	1.445439770745928e-04
242388	1.412483668596920e-04	1.412537544622754e-04
242851	1.380335645210229e-04	1.380384264602885e-04
243301	1.348160281448019e-04	1.348962882591653e-04
243847	1.318086967041499e-04	1.318256738556407e-04
244257	1.287968982783827e-04	1.288249551693134e-04
244773	1.258598532957178e-04	1.258925411794167e-04
245880	1.229743008956952e-04	1.230268770812381e-04
246277	1.201493160215561e-04	1.202264434617413e-04
246555	1.174380671518094e-04	1.174897554939529e-04
247056	1.147754302869286e-04	1.148153621496883e-04
247836	1.121534669568103e-04	1.122018454301963e-04
248121	1.096019500983481e-04	1.096478196143185e-04
248930	1.071416911337941e-04	1.071519305237606e-04
249126	1.046704867883053e-04	1.047128548050900e-04
249271	1.022770629742764e-04	1.023292992280754e-04
250116	9.999152023232316e-05	1.000000000000000e-04
251109	9.769555215610737e-05	9.772372209558111e-05
251416	9.545926433762730e-05	9.549925860214369e-05
253278	9.330337154833668e-05	9.332543007969905e-05
253619	9.118198234325803e-05	9.120108393559096e-05
255134	8.911743186001964e-05	8.912509381337459e-05
255220	8.708014371838768e-05	8.709635899560814e-05
255406	8.508767016668362e-05	8.511380382023759e-05
257790	8.316863113899675e-05	8.317637711026709e-05
258113	8.126802772523423e-05	8.128305161640995e-05
258629	7.939925553956950e-05	7.943282347242822e-05
259701	7.759404511709089e-05	7.762471166286911e-05
260535	7.582468335942671e-05	7.585775750291836e-05
261215	7.410708946498090e-05	7.413102413009176e-05
261794	7.243834044812214e-05	7.244359600749906e-05
262630	7.078862234044525e-05	7.079457843841373e-05
263426	6.915783850969248e-05	6.918309709189363e-05
264034	6.758613315072104e-05	6.760829753919819e-05
264932	6.606150837917824e-05	6.606934480075965e-05
265487	6.454350639961692e-05	6.456542290346549e-05
266631	6.308097399521095e-05	6.309573444801929e-05
267671	6.164406432274117e-05	6.165950018614822e-05
268098	6.025515570640128e-05	6.025595860743581e-05
268753	5.888404625542520e-05	5.888436553555884e-05
269344	5.753231875105236e-05	5.754399373371566e-05
270094	5.622188452547583e-05	5.623413251903491e-05
270863	5.494889916535239e-05	5.495408738576248e-05
273706	5.368682892925580e-05	5.370317963702532e-05
274063	5.247717648504402e-05	5.248074602497723e-05
274250	5.127843167163082e-05	5.128613839913648e-05
276043	5.010800421356709e-05	5.011872336272725e-05
276574	4.897267372128145e-05	4.897788193684466e-05
278560	4.785390167516557e-05	4.786300923226380e-05
282128	4.676456951735464e-05	4.677351412871981e-05
284102	4.570425140559831e-05	4.570881896148752e-05
284609	4.465954801080585e-05	4.466835921509635e-05
287897	4.365093622060723e-05	4.365158322401657e-05
288221	4.265239180767377e-05	4.265795188015926e-05
289407	4.168035499507727e-05	4.168693834703355e-05
290304	4.073800958093177e-05	4.073802778041130e-05
290891	3.980692925753537e-05	3.981071705534969e-05
291289	3.889631982356700e-05	3.890451449942805e-05
291874	3.801137524084286e-05	3.801893963205612e-05
294103	3.715289337369310e-05	3.715352290971728e-05
294774	3.630089512363099e-05	3.630780547701010e-05
295556	3.547731923569941e-05	3.548133892335753e-05
297713	3.466964505216552e-05	3.467368504525317e-05
298850	3.388208795307435e-05	3.388441561392028e-05
300093	3.310911702025798e-05	3.311311214825908e-05
300874	3.235463551898299e-05	3.235936569296281e-05
302688	3.161734210233025e-05	3.162277660168380e-05
303990	3.090117144621818e-05	3.090295432513592e-05
304633	3.019876173171454e-05	3.019951720402019e-05
305150	2.951039019127855e-05	2.951209226666384e-05
305562	2.883963995881089e-05	2.884031503126606e-05
306178	2.817898236862071e-05	2.818382931264455e-05
306909	2.753842079916691e-05	2.754228703338169e-05
309807	2.691406680799258e-05	2.691534803926914e-05
311661	2.630063438313623e-05	2.630267991895381e-05
317644	2.570066664486781e-05	2.570395782768864e-05
321488	2.511659689141688e-05	2.511886431509582e-05
323584	2.454549431041286e-05	2.454708915685029e-05
330699	2.398700093342310e-05	2.398832919019490e-05
340363	2.344096157802511e-05	2.344228815319923e-05
341866	2.290800944004800e-05	2.290867652767775e-05
347983	2.238479149718753e-05	2.238721138568338e-05
349345	2.187726561952985e-05	2.187761623949552e-05
350417	2.137928453926907e-05	2.137962089502232e-05
354564	2.089177865050029e-05	2.089296130854041e-05
355777	2.041525616969242e-05	2.041737944669527e-05
356595	1.995154782985509e-05	1.995262314968879e-05
358235	1.949717666260842e-05	1.949844599758046e-05
359626	1.905311471683824e-05	1.905460717963248e-05
360199	1.861944799785853e-05	1.862087136662866e-05
361866	1.819503319233640e-05	1.819700858609983e-05
364023	1.778146378250689e-05	1.778279410038923e-05
366718	1.737790033162767e-05	1.737800828749376e-05
368840	1.698201511413089e-05	1.698243652461746e-05
370480	1.659529902220402e-05	1.659586907437560e-05
371315	1.621798681483710e-05	1.621810097358930e-05
373199	1.584758616379744e-05	1.584893192461114e-05
374586	1.548775640047850e-05	1.548816618912483e-05
376114	1.513447864254225e-05	1.513561248436207e-05
376652	1.479087644218335e-05	1.479108388168207e-05
377248	1.445311032177710e-05	1.445439770745928e-05
377984	1.412434447112254e-05	1.412537544622755e-05
380203	1.380358030289575e-05	1.380384264602884e-05
383064	1.348883401364187e-05	1.348962882591653e-05
386363	1.318226698610037e-05	1.318256738556407e-05
389269	1.288238455721125e-05	1.288249551693135e-05
396565	1.258835821604798e-05	1.258925411794166e-05
412582	1.230243395755615e-05	1.230268770812381e-05
424870	1.202227620944463e-05	1.202264434617413e-05
428923	1.174843553763960e-05	1.174897554939530e-05
433183	1.148106251147585e-05	1.148153621496882e-05
435687	1.121974899431777e-05	1.122018454301963e-05
436829	1.096445094284082e-05	1.096478196143185e-05
438896	1.071464432289559e-05	1.071519305237607e-05
441673	1.047113216090523e-05	1.047128548050899e-05
443391	1.023275792433331e-05	1.023292992280754e-05
444518	9.999849841513253e-06	1.000000000000000e-05
450871	9.772129006213603e-06	9.772372209558111e-06
452538	9.549893090099459e-06	9.549925860214369e-06
458774	9.332475822687591e-06	9.332543007969906e-06
461330	9.119869316509543e-06	9.120108393559096e-06
464608	8.912318104292716e-06	8.912509381337459e-06
468390	8.709570982978754e-06	8.709635899560814e-06
472410	8.511008985911950e-06	8.511380382023760e-06
474512	8.317553430003954e-06	8.317637711026709e-06
476860	8.127929468693118e-06	8.128305161640995e-06
479161	7.943248635844391e-06	7.943282347242822e-06
500000	7.908882665108585e-06	7.943282347242822e-06
%
% index = 1671, name = bbob_f001_i15_d05__bbob_f002_i16_d05
% instance = 7, reference value = 9.125872846543670e-01
% function evaluation | indicator value | target hit
1	8.165033395915888e-01	8.317637711026710e-01
27	8.125492122175355e-01	8.128305161640993e-01
40	7.818487732883397e-01	7.943282347242815e-01
51	7.552953068325701e-01	7.585775750291838e-01
62	7.290867221188774e-01	7.413102413009175e-01
73	7.032935160860408e-01	7.079457843841379e-01
84	6.779251934519732e-01	6.918309709189365e-01
95	6.529475087511295e-01	6.606934480075960e-01
106	6.283052477069045e-01	6.309573444801932e-01
117	6.039531415593372e-01	6.165950018614822e-01
128	5.798955831797807e-01	5.888436553555889e-01
139	5.562243898584200e-01	5.623413251903491e-01
150	5.331334542063715e-01	5.370317963702527e-01
161	5.108939552682092e-01	5.128613839913648e-01
172	4.897943292904497e-01	5.011872336272722e-01
183	4.700710133913601e-01	4.786300923226383e-01
194	4.518613785947788e-01	4.570881896148750e-01
205	4.351956904939121e-01	4.365158322401660e-01
216	4.200229015827561e-01	4.265795188015927e-01
227	4.062523993018315e-01	4.073802778041127e-01
238	3.937936965738182e-01	3.981071705534972e-01
249	3.825803825174654e-01	3.890451449942806e-01
260	3.725682492121071e-01	3.801893963205612e-01
271	3.637099491410725e-01	3.715352290971726e-01
282	3.559295939521546e-01	3.630780547701014e-01
293	3.491157601187531e-01	3.548133892335755e-01
304	3.431147495448432e-01	3.467368504525316e-01
315	3.377030095116913e-01	3.388441561392025e-01
337	3.280038114972974e-01	3.311311214825911e-01
359	3.234506842433112e-01	3.235936569296283e-01
988	3.137371642914942e-01	3.162277660168379e-01
1089	3.053029724983722e-01	3.090295432513591e-01
1192	2.906782576613880e-01	2.951209226666385e-01
1296	2.664153372214291e-01	2.691534803926916e-01
1390	2.438880940854348e-01	2.454708915685030e-01
1493	2.246940738143389e-01	2.290867652767773e-01
1588	2.006133456345910e-01	2.041737944669530e-01
1682	1.771624303206830e-01	1.778279410038923e-01
1776	1.515156599994980e-01	1.548816618912481e-01
1857	1.284457254269911e-01	1.288249551693134e-01
1939	1.073438361724831e-01	1.096478196143185e-01
2032	8.876395007919724e-02	8.912509381337455e-02
2099	7.247191195555214e-02	7.413102413009177e-02
2168	5.840264297297382e-02	5.888436553555890e-02
2248	4.660804076608061e-02	4.677351412871981e-02
2316	3.703990222010811e-02	3.715352290971726e-02
2373	2.955933069207783e-02	3.019951720402016e-02
2440	2.396192079797510e-02	2.398832919019490e-02
2495	1.999844369543835e-02	2.041737944669529e-02
2550	1.739358790244905e-02	1.778279410038923e-02
2604	1.586153297324944e-02	1.621810097358930e-02
2645	1.511661180092061e-02	1.513561248436208e-02
3227	1.468355326302362e-02	1.479108388168207e-02
3401	1.403934352959402e-02	1.412537544622754e-02
3502	1.318005476849238e-02	1.318256738556407e-02
3582	1.149097763255724e-02	1.174897554939530e-02
3687	1.008340757227122e-02	1.023292992280754e-02
3998	9.864191747429585e-03	1.000000000000000e-02
4121	9.255577838529816e-03	9.332543007969915e-03
4225	8.590933187660688e-03	8.709635899560805e-03
4462	8.478847678812684e-03	8.511380382023767e-03
26689	8.272809777181589e-03	8.317637711026709e-03
26881	7.990892659824889e-03	8.128305161640995e-03
27781	7.842654317988140e-03	7.943282347242814e-03
27882	7.695511215601192e-03	7.762471166286920e-03
28337	7.541693533044125e-03	7.585775750291836e-03
29768	7.413075201409880e-03	7.413102413009177e-03
77491	7.218921723587179e-03	7.244359600749898e-03
112065	7.079448836311286e-03	7.079457843841380e-03
500000	7.026586764784071e-03	7.079457843841380e-03
%
% index = 1672, name = bbob_f001_i17_d05__bbob_f002_i18_d05
% instance = 8, reference value = 9.360674360586780e-01
% function evaluation | indicator value | target hit
1	2.519356000986948e+00	2.570395782768863e+00
26	2.507324190525376e+00	2.511886431509580e+00
29	2.382548554659873e+00	2.398832919019490e+00
40	2.003094798653904e+00	2.041737944669529e+00
51	1.788553992902115e+00	1.819700858609983e+00
62	1.699065624536678e+00	1.737800828749375e+00
73	1.613011925231678e+00	1.621810097358930e+00
84	1.537911330372678e+00	1.548816618912481e+00
95	1.461796550000178e+00	1.479108388168207e+00
106	1.389155570423178e+00	1.412537544622754e+00
117	1.319375690288178e+00	1.348962882591654e+00
128	1.252435925855178e+00	1.258925411794167e+00
139	1.187837013746678e+00	1.202264434617413e+00
150	1.123881487767178e+00	1.148153621496883e+00
161	1.057490621384178e+00	1.071519305237606e+00
172	9.894643158411780e-01	1.000000000000000e+00
183	9.390668143446781e-01	9.549925860214360e-01
194	8.914024750607075e-01	9.120108393559098e-01
205	8.489521351543078e-01	8.511380382023764e-01
216	8.255371183998945e-01	8.317637711026710e-01
227	7.849232281769369e-01	7.943282347242815e-01
238	7.432036201916215e-01	7.585775750291838e-01
249	7.245653248652730e-01	7.413102413009175e-01
260	6.864134142609135e-01	6.918309709189365e-01
271	6.466045686921261e-01	6.606934480075960e-01
282	6.189250636726515e-01	6.309573444801932e-01
293	5.968772272047576e-01	6.025595860743578e-01
304	5.846454443972384e-01	5.888436553555889e-01
315	5.617546460589629e-01	5.623413251903491e-01
326	5.278329037485543e-01	5.370317963702527e-01
337	5.002778119943604e-01	5.011872336272722e-01
348	4.792532742218116e-01	4.897788193684462e-01
359	4.621228635053575e-01	4.677351412871982e-01
370	4.470316588228210e-01	4.570881896148750e-01
381	4.233364323494329e-01	4.265795188015927e-01
392	3.952905168160460e-01	3.981071705534972e-01
403	3.816625465047930e-01	3.890451449942806e-01
414	3.698563457715233e-01	3.715352290971726e-01
425	3.512627715534535e-01	3.548133892335755e-01
436	3.287863005448864e-01	3.311311214825911e-01
447	3.181920661953469e-01	3.235936569296283e-01
458	3.017993392764604e-01	3.019951720402016e-01
469	2.870744081484659e-01	2.884031503126606e-01
480	2.684146854551783e-01	2.691534803926916e-01
491	2.629498139193553e-01	2.630267991895382e-01
513	2.491124091886163e-01	2.511886431509580e-01
524	2.339927422776505e-01	2.344228815319922e-01
535	2.287426811621711e-01	2.290867652767773e-01
557	2.229577074111210e-01	2.238721138568339e-01
579	2.093577520458058e-01	2.137962089502232e-01
590	2.083790499545844e-01	2.089296130854039e-01
1505	2.033958950866408e-01	2.041737944669530e-01
1873	1.954318807562749e-01	1.995262314968880e-01
1972	1.888252608961488e-01	1.905460717963247e-01
2073	1.820200660355675e-01	1.862087136662867e-01
2174	1.780760845262508e-01	1.819700858609984e-01
2272	1.760568769280879e-01	1.778279410038923e-01
3614	1.728997882491721e-01	1.737800828749375e-01
3750	1.534497743079315e-01	1.548816618912481e-01
4913	1.487503386920390e-01	1.513561248436208e-01
5536	1.341356250368168e-01	1.348962882591654e-01
5630	1.295831345525131e-01	1.318256738556407e-01
11570	9.502209782712556e-02	9.549925860214359e-02
11989	5.896196133778386e-02	6.025595860743578e-02
12689	4.349755616648621e-02	4.365158322401658e-02
14391	4.037738895279519e-02	4.073802778041128e-02
14949	3.772681195181771e-02	3.801893963205612e-02
16042	3.612106663546055e-02	3.630780547701014e-02
16207	3.531162375574903e-02	3.548133892335755e-02
170447	3.450433247654550e-02	3.467368504525317e-02
170760	2.664183029050660e-02	2.691534803926915e-02
171789	1.900069722970554e-02	1.905460717963247e-02
171904	1.859202170285990e-02	1.862087136662868e-02
177788	1.698554022679089e-02	1.737800828749375e-02
177947	1.697815303681449e-02	1.698243652461744e-02
178263	1.430471127354016e-02	1.445439770745927e-02
179095	1.194661390303997e-02	1.202264434617413e-02
189874	1.026905476263329e-02	1.047128548050900e-02
198310	9.913906295766051e-03	1.000000000000000e-02
199009	8.764625705888207e-03	8.912509381337459e-03
200925	6.951725211205240e-03	7.079457843841380e-03
203439	5.869390117545059e-03	5.888436553555890e-03
209937	5.448381080615627e-03	5.495408738576248e-03
221846	5.256245647913493e-03	5.370317963702527e-03
221869	5.248068614658319e-03	5.248074602497728e-03
244202	5.127808210206197e-03	5.128613839913648e-03
252396	5.008767841280459e-03	5.011872336272725e-03
271207	4.891598163960786e-03	4.897788193684461e-03
377858	4.765190157186128e-03	4.786300923226385e-03
378393	4.630271280254172e-03	4.677351412871981e-03
378983	4.510501662355226e-03	4.570881896148752e-03
378994	4.463810224053844e-03	4.466835921509630e-03
382029	4.275892940257209e-03	4.365158322401661e-03
382040	4.261380523789993e-03	4.265795188015926e-03
382073	4.114630245404594e-03	4.168693834703355e-03
382348	4.062863922584592e-03	4.073802778041126e-03
384001	3.930968277068625e-03	3.981071705534973e-03
384012	3.838301643279807e-03	3.890451449942805e-03
384045	3.798836916123149e-03	3.801893963205613e-03
384155	3.346615508407202e-03	3.388441561392024e-03
384310	3.197785387448970e-03	3.235936569296281e-03
384537	3.112249687685531e-03	3.162277660168379e-03
384793	2.878006869888927e-03	2.884031503126605e-03
384987	2.623262434694018e-03	2.630267991895381e-03
385747	2.478636289043656e-03	2.511886431509579e-03
385846	2.397439047353234e-03	2.398832919019490e-03
386589	2.274307416911481e-03	2.290867652767772e-03
386672	2.198860076284337e-03	2.238721138568340e-03
386874	2.143460718844747e-03	2.187761623949552e-03
386970	2.077130752395240e-03	2.089296130854039e-03
387391	2.007668893010184e-03	2.041737944669530e-03
387645	1.946779056155146e-03	1.949844599758046e-03
387740	1.889687645562410e-03	1.905460717963246e-03
387834	1.845897299014743e-03	1.862087136662868e-03
387930	1.799090151883842e-03	1.819700858609983e-03
388057	1.766976534139042e-03	1.778279410038923e-03
388303	1.728764043058995e-03	1.737800828749376e-03
388752	1.686247037560040e-03	1.698243652461744e-03
389193	1.624912903971820e-03	1.659586907437561e-03
389304	1.591390608254417e-03	1.621810097358930e-03
389399	1.565786733342844e-03	1.584893192461114e-03
389503	1.530811233291240e-03	1.548816618912481e-03
390096	1.499369839881637e-03	1.513561248436209e-03
390192	1.474965075184742e-03	1.479108388168207e-03
390632	1.431960959094036e-03	1.445439770745928e-03
390679	1.411881166745732e-03	1.412537544622754e-03
391411	1.375879603607522e-03	1.380384264602885e-03
391845	1.337538188401544e-03	1.348962882591653e-03
392011	1.318228140407940e-03	1.318256738556408e-03
393719	1.277854056228489e-03	1.288249551693134e-03
394518	1.244528497126085e-03	1.258925411794167e-03
394849	1.216469492897221e-03	1.230268770812381e-03
394942	1.200213916102699e-03	1.202264434617413e-03
395951	1.165478483810434e-03	1.174897554939529e-03
396141	1.136631459104254e-03	1.148153621496883e-03
396386	1.121847204686111e-03	1.122018454301963e-03
399745	1.088737156355490e-03	1.096478196143185e-03
400296	1.058783687655995e-03	1.071519305237606e-03
400586	1.038726216360475e-03	1.047128548050900e-03
400837	1.012968223363608e-03	1.023292992280754e-03
401175	9.947224154842615e-04	1.000000000000000e-03
401532	9.724286586523245e-04	9.772372209558111e-04
402460	9.546000231852592e-04	9.549925860214359e-04
403592	9.261656292821607e-04	9.332543007969915e-04
403960	9.089235887151936e-04	9.120108393559096e-04
404303	8.832184341610594e-04	8.912509381337459e-04
404928	8.708588416090901e-04	8.709635899560805e-04
405596	8.463660557312958e-04	8.511380382023768e-04
406536	8.313279706849697e-04	8.317637711026709e-04
418329	8.128271837525292e-04	8.128305161640995e-04
418943	7.903547884676732e-04	7.943282347242813e-04
423348	7.731519963907196e-04	7.762471166286919e-04
423588	7.575354306571525e-04	7.585775750291835e-04
424742	7.395638436027419e-04	7.413102413009177e-04
427570	7.207384526978222e-04	7.244359600749898e-04
427871	7.070657236852851e-04	7.079457843841380e-04
429066	6.887909785456836e-04	6.918309709189362e-04
429791	6.740458179776976e-04	6.760829753919819e-04
430648	6.576512563424286e-04	6.606934480075957e-04
431050	6.454273341712780e-04	6.456542290346556e-04
431366	6.293823697033352e-04	6.309573444801930e-04
431672	6.137866874111886e-04	6.165950018614823e-04
432066	6.022281403195162e-04	6.025595860743575e-04
433906	5.875173443081749e-04	5.888436553555889e-04
434301	5.736360763084480e-04	5.754399373371566e-04
434970	5.608473649677537e-04	5.623413251903491e-04
435383	5.486275983309641e-04	5.495408738576248e-04
436317	5.355881934844264e-04	5.370317963702527e-04
440181	5.229754245595908e-04	5.248074602497728e-04
441783	5.125422825228432e-04	5.128613839913648e-04
443543	4.994648070872909e-04	5.011872336272725e-04
445094	4.884470830144316e-04	4.897788193684461e-04
446058	4.782610530482678e-04	4.786300923226385e-04
446942	4.659194690702639e-04	4.677351412871981e-04
452760	4.569053081660002e-04	4.570881896148752e-04
453675	4.461033001406101e-04	4.466835921509630e-04
455199	4.358688231007601e-04	4.365158322401661e-04
457035	4.261300954391256e-04	4.265795188015926e-04
457482	4.162298956238430e-04	4.168693834703355e-04
459224	4.069316006346524e-04	4.073802778041126e-04
465658	3.976303320608610e-04	3.981071705534974e-04
467292	3.883619446946041e-04	3.890451449942805e-04
469307	3.800651125864807e-04	3.801893963205612e-04
477537	3.705950293632077e-04	3.715352290971724e-04
479185	3.628813614620086e-04	3.630780547701014e-04
479935	3.543585956026218e-04	3.548133892335753e-04
480633	3.463055665801074e-04	3.467368504525317e-04
482010	3.382528707100985e-04	3.388441561392024e-04
482338	3.303995798028536e-04	3.311311214825911e-04
483027	3.229632104660984e-04	3.235936569296281e-04
483659	3.157450719769583e-04	3.162277660168379e-04
484540	3.087681219237082e-04	3.090295432513592e-04
491035	3.017782582551698e-04	3.019951720402016e-04
492528	2.945525369529856e-04	2.951209226666387e-04
493595	2.879173058005779e-04	2.884031503126605e-04
494866	2.817243255934798e-04	2.818382931264455e-04
497747	2.750500551443880e-04	2.754228703338166e-04
500000	2.731323670756014e-04	2.754228703338166e-04
%
% index = 1673, name = bbob_f001_i19_d05__bbob_f002_i21_d05
% instance = 9, reference value = 9.425499823850511e-01
% function evaluation | indicator value | target hit
1	1.073177238958301e+01	1.096478196143185e+01
25	1.070586677603497e+01	1.071519305237607e+01
29	1.032759871219261e+01	1.047128548050900e+01
40	9.869474297362103e+00	1.000000000000000e+01
51	9.273136544670930e+00	9.332543007969910e+00
62	8.729414192154470e+00	8.912509381337454e+00
73	8.226740807098677e+00	8.317637711026711e+00
84	7.751977445849660e+00	7.762471166286917e+00
95	7.292296573030581e+00	7.413102413009175e+00
106	6.837540060750523e+00	6.918309709189364e+00
117	6.382748109410972e+00	6.456542290346556e+00
128	5.929967787059565e+00	6.025595860743578e+00
139	5.488107465845367e+00	5.495408738576246e+00
150	5.070139381717738e+00	5.128613839913648e+00
161	4.688432869644377e+00	4.786300923226384e+00
172	4.350384593984955e+00	4.365158322401660e+00
183	4.056359716150055e+00	4.073802778041127e+00
194	3.800118370197167e+00	3.801893963205611e+00
205	3.570187117484495e+00	3.630780547701014e+00
216	3.351295408334239e+00	3.388441561392026e+00
227	3.128286245870615e+00	3.162277660168380e+00
238	2.897158361605382e+00	2.951209226666386e+00
249	2.677969710820132e+00	2.691534803926916e+00
260	2.502744326957149e+00	2.511886431509580e+00
271	2.364380358533051e+00	2.398832919019490e+00
282	2.232075472188051e+00	2.238721138568339e+00
293	2.104681919516551e+00	2.137962089502232e+00
304	1.979514925794051e+00	1.995262314968880e+00
315	1.858430620499551e+00	1.862087136662868e+00
326	1.747786108496551e+00	1.778279410038923e+00
337	1.643448553156051e+00	1.659586907437561e+00
348	1.544089397767551e+00	1.548816618912481e+00
359	1.446554666777051e+00	1.479108388168207e+00
370	1.353665175385551e+00	1.380384264602885e+00
381	1.270867731476051e+00	1.288249551693134e+00
392	1.192115940489551e+00	1.202264434617413e+00
403	1.118843895837051e+00	1.122018454301963e+00
414	1.049309575575051e+00	1.071519305237606e+00
425	1.003532797119551e+00	1.023292992280754e+00
436	9.486843466665510e-01	9.549925860214360e-01
447	8.414973373928318e-01	8.511380382023764e-01
458	7.872135660317503e-01	7.943282347242815e-01
469	7.388513911311251e-01	7.413102413009175e-01
480	6.464353466345329e-01	6.606934480075960e-01
491	6.108964911290939e-01	6.165950018614822e-01
502	5.888430489644518e-01	5.888436553555889e-01
513	5.533822453341981e-01	5.623413251903491e-01
524	5.181028657825877e-01	5.248074602497725e-01
535	4.870648489026662e-01	4.897788193684462e-01
546	4.673072356180678e-01	4.677351412871982e-01
557	4.553676416832940e-01	4.570881896148750e-01
568	4.453545150911549e-01	4.466835921509631e-01
579	4.205654221963712e-01	4.265795188015927e-01
590	3.948132185006562e-01	3.981071705534972e-01
601	3.831482542227705e-01	3.890451449942806e-01
612	3.177372166803923e-01	3.235936569296283e-01
623	3.065522024291860e-01	3.090295432513591e-01
634	2.895219313969158e-01	2.951209226666385e-01
645	2.854716866099805e-01	2.884031503126606e-01
656	2.813243224086288e-01	2.818382931264454e-01
678	2.705788479257923e-01	2.754228703338166e-01
711	2.690176162995263e-01	2.691534803926916e-01
755	2.452247114824259e-01	2.454708915685030e-01
788	2.355294324740412e-01	2.398832919019490e-01
975	2.343945680235852e-01	2.344228815319922e-01
1540	2.255501189312107e-01	2.290867652767773e-01
1643	2.204578480879470e-01	2.238721138568339e-01
1836	2.186810460184935e-01	2.187761623949552e-01
148691	1.909408561552340e-01	1.949844599758045e-01
148716	1.904957016295011e-01	1.905460717963247e-01
500000	1.867634786093114e-01	1.905460717963247e-01
%
% index = 1674, name = bbob_f001_i21_d05__bbob_f002_i22_d05
% instance = 10, reference value = 9.484420173095069e-01
% function evaluation | indicator value | target hit
1	7.406356343024814e-01	7.413102413009175e-01
29	7.231161900328431e-01	7.244359600749900e-01
40	7.029900520928826e-01	7.079457843841379e-01
51	6.768101984212734e-01	6.918309709189365e-01
62	6.534122348065838e-01	6.606934480075960e-01
73	6.318386081709435e-01	6.456542290346555e-01
84	6.101551793203869e-01	6.165950018614822e-01
95	5.862783212612517e-01	5.888436553555889e-01
106	5.598028774904114e-01	5.623413251903491e-01
117	5.340223314577600e-01	5.370317963702527e-01
128	5.118332361096471e-01	5.128613839913648e-01
139	4.933844570453951e-01	5.011872336272722e-01
150	4.771987244486739e-01	4.786300923226383e-01
161	4.597794299758488e-01	4.677351412871982e-01
172	4.416662474003218e-01	4.466835921509631e-01
183	4.259824758437891e-01	4.265795188015927e-01
194	4.122415310365606e-01	4.168693834703354e-01
205	3.989765830301778e-01	4.073802778041127e-01
216	3.869717555836868e-01	3.890451449942806e-01
227	3.761157969227840e-01	3.801893963205612e-01
238	3.661961149699260e-01	3.715352290971726e-01
249	3.581117391789541e-01	3.630780547701014e-01
260	3.291204106363373e-01	3.311311214825911e-01
271	3.210970094125072e-01	3.235936569296283e-01
282	3.125936639438928e-01	3.162277660168379e-01
293	3.056800424154693e-01	3.090295432513591e-01
304	2.993637682168020e-01	3.019951720402016e-01
315	2.941813805294645e-01	2.951209226666385e-01
326	2.811818812542209e-01	2.818382931264454e-01
348	2.735291941962732e-01	2.754228703338166e-01
370	2.670692691850992e-01	2.691534803926916e-01
381	2.587318542202045e-01	2.630267991895382e-01
392	2.567112482541843e-01	2.570395782768864e-01
414	2.507117678215410e-01	2.511886431509580e-01
491	2.398292253000955e-01	2.398832919019490e-01
1323	2.317411401262607e-01	2.344228815319922e-01
1733	2.288295051152411e-01	2.290867652767773e-01
2038	2.234974947110581e-01	2.238721138568339e-01
2208	2.135319777560744e-01	2.137962089502232e-01
3284	2.044875595623481e-01	2.089296130854039e-01
3666	2.041737860501669e-01	2.041737944669530e-01
143961	1.913732152235990e-01	1.949844599758045e-01
305422	1.806589339239054e-01	1.819700858609984e-01
305527	1.692442598967152e-01	1.698243652461744e-01
305654	1.617859022475694e-01	1.621810097358930e-01
306302	1.573995192105461e-01	1.584893192461113e-01
306393	1.481230359962652e-01	1.513561248436208e-01
306486	1.293997924281076e-01	1.318256738556407e-01
306569	1.094279408698909e-01	1.096478196143185e-01
306675	9.125416895357552e-02	9.332543007969910e-02
306769	7.443659376496070e-02	7.585775750291836e-02
306852	6.014218380733150e-02	6.025595860743578e-02
306923	4.797937107138683e-02	4.897788193684462e-02
306993	3.782662372035983e-02	3.801893963205612e-02
307073	2.925633505213299e-02	2.951209226666385e-02
307129	2.205004205399708e-02	2.238721138568340e-02
307198	1.617718653510924e-02	1.621810097358930e-02
307266	1.166456968484286e-02	1.174897554939530e-02
307322	8.464512779481237e-03	8.511380382023767e-03
307378	6.429664303643334e-03	6.456542290346556e-03
307433	5.324052617703523e-03	5.370317963702527e-03
307476	4.866607136468026e-03	4.897788193684461e-03
307517	4.774339888055867e-03	4.786300923226385e-03
328377	4.411943563003562e-03	4.466835921509630e-03
328432	4.137181371633769e-03	4.168693834703355e-03
328499	3.918151776909684e-03	3.981071705534973e-03
328553	3.732775107210373e-03	3.801893963205613e-03
328633	3.623215172540828e-03	3.630780547701014e-03
328714	3.464114667160789e-03	3.467368504525317e-03
328756	3.329881108069976e-03	3.388441561392024e-03
328799	3.182463743057862e-03	3.235936569296281e-03
328840	3.032827475082267e-03	3.090295432513592e-03
328883	2.871574342791838e-03	2.884031503126605e-03
328963	2.745243063014602e-03	2.754228703338166e-03
329002	2.626748532740697e-03	2.630267991895381e-03
329041	2.517048442557956e-03	2.570395782768865e-03
329108	2.440283265856658e-03	2.454708915685031e-03
329150	2.358542384601092e-03	2.398832919019490e-03
329175	2.285569207229554e-03	2.290867652767772e-03
329217	2.215801706862863e-03	2.238721138568340e-03
329260	2.152816991023876e-03	2.187761623949552e-03
329302	2.094495510757688e-03	2.137962089502233e-03
329357	2.046234664544455e-03	2.089296130854039e-03
329425	1.995970772464939e-03	2.041737944669530e-03
329466	1.949416603390319e-03	1.949844599758046e-03
329582	1.866715632906968e-03	1.905460717963246e-03
329649	1.821273865633910e-03	1.862087136662868e-03
329699	1.783450026078159e-03	1.819700858609983e-03
329739	1.745670706351454e-03	1.778279410038923e-03
329779	1.709120048836277e-03	1.737800828749376e-03
329818	1.669858047937511e-03	1.698243652461744e-03
329885	1.633407498955575e-03	1.659586907437561e-03
329936	1.599364937996617e-03	1.621810097358930e-03
329975	1.565255222547135e-03	1.584893192461114e-03
330038	1.534283972034922e-03	1.548816618912481e-03
330080	1.503065964510331e-03	1.513561248436209e-03
330120	1.472522839241264e-03	1.479108388168207e-03
330169	1.445389213479809e-03	1.445439770745928e-03
330252	1.396630198838511e-03	1.412537544622754e-03
330320	1.369973701463523e-03	1.380384264602885e-03
330362	1.343622837873149e-03	1.348962882591653e-03
330480	1.298082761940211e-03	1.318256738556408e-03
330548	1.276294858406413e-03	1.288249551693134e-03
330674	1.257184869759453e-03	1.258925411794167e-03
330754	1.219729999321850e-03	1.230268770812381e-03
330794	1.201931240282672e-03	1.202264434617413e-03
330875	1.167780516039496e-03	1.174897554939529e-03
330974	1.131319012099730e-03	1.148153621496883e-03
331042	1.114920962767552e-03	1.122018454301963e-03
331123	1.085446935597756e-03	1.096478196143185e-03
331177	1.070574114831024e-03	1.071519305237606e-03
331257	1.043919747682698e-03	1.047128548050900e-03
331338	1.020794409817838e-03	1.023292992280754e-03
331440	9.967063397678944e-04	1.000000000000000e-03
331548	9.739338944708686e-04	9.772372209558111e-04
331739	9.473823227622580e-04	9.549925860214359e-04
331864	9.288427016976852e-04	9.332543007969915e-04
331940	9.103980542618517e-04	9.120108393559096e-04
332075	8.832193252065190e-04	8.912509381337459e-04
332253	8.651401521065916e-04	8.709635899560805e-04
332367	8.481630839779486e-04	8.511380382023768e-04
332521	8.237694691227704e-04	8.317637711026709e-04
332596	8.091619551345852e-04	8.128305161640995e-04
332715	7.927519764948654e-04	7.943282347242813e-04
332868	7.698218063437734e-04	7.762471166286919e-04
332954	7.541926827889789e-04	7.585775750291835e-04
333027	7.400295380894928e-04	7.413102413009177e-04
333143	7.195617784534480e-04	7.244359600749898e-04
333220	7.057734234205970e-04	7.079457843841380e-04
333365	6.882303763789954e-04	6.918309709189362e-04
333572	6.757709537466017e-04	6.760829753919819e-04
333719	6.555878904426216e-04	6.606934480075957e-04
333861	6.414648749355489e-04	6.456542290346556e-04
333975	6.275282664737203e-04	6.309573444801930e-04
334139	6.135639661739578e-04	6.165950018614823e-04
334294	5.999218041508048e-04	6.025595860743575e-04
334383	5.872986308748107e-04	5.888436553555889e-04
334624	5.753138709355676e-04	5.754399373371566e-04
334855	5.596106838999804e-04	5.623413251903491e-04
335041	5.461169342492189e-04	5.495408738576248e-04
335157	5.363855280728913e-04	5.370317963702527e-04
335327	5.229171551353051e-04	5.248074602497728e-04
335524	5.111726677314854e-04	5.128613839913648e-04
335682	4.998576840269386e-04	5.011872336272725e-04
335836	4.891287995102411e-04	4.897788193684461e-04
336156	4.768771781605841e-04	4.786300923226385e-04
336364	4.654812764641747e-04	4.677351412871981e-04
336528	4.563719080750150e-04	4.570881896148752e-04
336697	4.451567044535532e-04	4.466835921509630e-04
336857	4.364748096343796e-04	4.365158322401661e-04
337016	4.256738274168725e-04	4.265795188015926e-04
337181	4.152774685234339e-04	4.168693834703355e-04
337440	4.071306724957591e-04	4.073802778041126e-04
337587	3.974880452701779e-04	3.981071705534974e-04
337775	3.883649831106784e-04	3.890451449942805e-04
337966	3.793530180801197e-04	3.801893963205612e-04
338130	3.707196968559812e-04	3.715352290971724e-04
338293	3.624311035105299e-04	3.630780547701014e-04
338469	3.544281442849906e-04	3.548133892335753e-04
338826	3.459731758989060e-04	3.467368504525317e-04
339505	3.378643705105322e-04	3.388441561392024e-04
339846	3.302218508943744e-04	3.311311214825911e-04
340062	3.231840339068537e-04	3.235936569296281e-04
340314	3.151521516849831e-04	3.162277660168379e-04
340525	3.085891036752608e-04	3.090295432513592e-04
340989	3.010118227166902e-04	3.019951720402016e-04
341448	2.947998737645730e-04	2.951209226666387e-04
341708	2.879277617191534e-04	2.884031503126605e-04
341934	2.815008399962293e-04	2.818382931264455e-04
342203	2.751777847119774e-04	2.754228703338166e-04
342516	2.684238460022303e-04	2.691534803926917e-04
342824	2.627512943443877e-04	2.630267991895381e-04
343121	2.570056094727269e-04	2.570395782768865e-04
343501	2.507688502142447e-04	2.511886431509580e-04
343823	2.454537160500037e-04	2.454708915685031e-04
344304	2.398434480330724e-04	2.398832919019490e-04
344475	2.341747448070253e-04	2.344228815319923e-04
344684	2.285553882190872e-04	2.290867652767772e-04
344857	2.236274803525395e-04	2.238721138568340e-04
345155	2.182650331354896e-04	2.187761623949552e-04
345374	2.136136420756163e-04	2.137962089502232e-04
345588	2.086402185271785e-04	2.089296130854039e-04
346012	2.038956067857978e-04	2.041737944669530e-04
346234	1.991952725819424e-04	1.995262314968879e-04
346473	1.947520447890261e-04	1.949844599758046e-04
346860	1.904244974842983e-04	1.905460717963246e-04
347447	1.858146850736153e-04	1.862087136662868e-04
347762	1.817538283197528e-04	1.819700858609983e-04
348202	1.777121207059418e-04	1.778279410038923e-04
348954	1.735737967695217e-04	1.737800828749376e-04
349683	1.697734178452981e-04	1.698243652461744e-04
349952	1.656669614858997e-04	1.659586907437562e-04
350302	1.619115860140852e-04	1.621810097358930e-04
350662	1.584258027224061e-04	1.584893192461114e-04
351403	1.548243384937864e-04	1.548816618912481e-04
351809	1.511672984895185e-04	1.513561248436209e-04
352277	1.479085947215797e-04	1.479108388168207e-04
352870	1.444711326202830e-04	1.445439770745928e-04
353358	1.411304515185341e-04	1.412537544622754e-04
354049	1.379142680730805e-04	1.380384264602885e-04
354392	1.348766608624263e-04	1.348962882591653e-04
355037	1.318130833625197e-04	1.318256738556407e-04
355552	1.286867829544125e-04	1.288249551693134e-04
356229	1.258762515975453e-04	1.258925411794167e-04
357330	1.228922633642604e-04	1.230268770812381e-04
357430	1.201989226241595e-04	1.202264434617413e-04
357570	1.173980168347466e-04	1.174897554939529e-04
357796	1.147825064379271e-04	1.148153621496883e-04
358064	1.121924554533527e-04	1.122018454301963e-04
358395	1.095404252932086e-04	1.096478196143185e-04
358989	1.071337220123203e-04	1.071519305237606e-04
359279	1.046988545160277e-04	1.047128548050900e-04
359493	1.022491693321026e-04	1.023292992280754e-04
360045	9.989154615597240e-05	1.000000000000000e-04
360327	9.762925248035792e-05	9.772372209558111e-05
360626	9.545291346602092e-05	9.549925860214369e-05
361041	9.323296175445250e-05	9.332543007969905e-05
362288	9.119549990532771e-05	9.120108393559096e-05
363734	8.904763501149660e-05	8.912509381337459e-05
365078	8.704922313351737e-05	8.709635899560814e-05
365261	8.506275116593187e-05	8.511380382023759e-05
365795	8.316513246198198e-05	8.317637711026709e-05
366409	8.128082817249194e-05	8.128305161640995e-05
366800	7.937635432131440e-05	7.943282347242822e-05
367275	7.762265750332897e-05	7.762471166286911e-05
368136	7.585472767723811e-05	7.585775750291836e-05
368950	7.412263069994651e-05	7.413102413009176e-05
369518	7.240762769589182e-05	7.244359600749906e-05
370508	7.076252593496424e-05	7.079457843841373e-05
371183	6.915183710121120e-05	6.918309709189363e-05
372057	6.759613687890020e-05	6.760829753919819e-05
373069	6.604089825745785e-05	6.606934480075965e-05
374325	6.453826013530506e-05	6.456542290346549e-05
375577	6.306630532904034e-05	6.309573444801929e-05
375666	6.163020930638474e-05	6.165950018614822e-05
376159	6.022963223251132e-05	6.025595860743581e-05
376416	5.886732936055683e-05	5.888436553555884e-05
376905	5.751728342240359e-05	5.754399373371566e-05
377484	5.621022917434715e-05	5.623413251903491e-05
377802	5.494175074305385e-05	5.495408738576248e-05
378432	5.368511407177756e-05	5.370317963702532e-05
379124	5.247183514822673e-05	5.248074602497723e-05
379542	5.126618081485734e-05	5.128613839913648e-05
380125	5.010941528327262e-05	5.011872336272725e-05
380765	4.896595305625695e-05	4.897788193684466e-05
382321	4.783927070450833e-05	4.786300923226380e-05
384766	4.675513053931102e-05	4.677351412871981e-05
387498	4.570301340733884e-05	4.570881896148752e-05
388134	4.466687677862069e-05	4.466835921509635e-05
388572	4.363871124068996e-05	4.365158322401657e-05
389395	4.265187065921605e-05	4.265795188015926e-05
394316	4.167751785444374e-05	4.168693834703355e-05
395071	4.072419591127918e-05	4.073802778041130e-05
395912	3.980247238599688e-05	3.981071705534969e-05
397337	3.889100610632301e-05	3.890451449942805e-05
398298	3.801686044424546e-05	3.801893963205612e-05
399920	3.715034609674817e-05	3.715352290971728e-05
400768	3.630584003511128e-05	3.630780547701010e-05
401820	3.547172571993773e-05	3.548133892335753e-05
402845	3.466700779863885e-05	3.467368504525317e-05
404453	3.387741524307764e-05	3.388441561392028e-05
406142	3.310920260068961e-05	3.311311214825908e-05
406412	3.235618895469639e-05	3.235936569296281e-05
406990	3.161877663626633e-05	3.162277660168380e-05
407757	3.090048487663921e-05	3.090295432513592e-05
408588	3.019227532830016e-05	3.019951720402019e-05
408995	2.950773187315736e-05	2.951209226666384e-05
409671	2.883526250629931e-05	2.884031503126606e-05
410333	2.817879323480099e-05	2.818382931264455e-05
411428	2.753601637583980e-05	2.754228703338169e-05
412067	2.691302785029492e-05	2.691534803926914e-05
412857	2.629692724986921e-05	2.630267991895381e-05
422018	2.570273083202235e-05	2.570395782768864e-05
424751	2.511501294344409e-05	2.511886431509582e-05
430001	2.454684709851662e-05	2.454708915685029e-05
432853	2.398644496559577e-05	2.398832919019490e-05
433470	2.343850874098052e-05	2.344228815319923e-05
434744	2.290582286423870e-05	2.290867652767775e-05
435972	2.238524120723451e-05	2.238721138568338e-05
437592	2.187669345898868e-05	2.187761623949552e-05
438781	2.137931098700196e-05	2.137962089502232e-05
440394	2.089168355134952e-05	2.089296130854041e-05
443286	2.041610880965106e-05	2.041737944669527e-05
445461	1.994987864128994e-05	1.995262314968879e-05
446822	1.949660103950368e-05	1.949844599758046e-05
448452	1.905302852311941e-05	1.905460717963248e-05
450650	1.861867540620121e-05	1.862087136662866e-05
452469	1.819594111795997e-05	1.819700858609983e-05
453059	1.778249535178134e-05	1.778279410038923e-05
454400	1.737787556477244e-05	1.737800828749376e-05
455906	1.698237416680737e-05	1.698243652461746e-05
457108	1.659492629657588e-05	1.659586907437560e-05
460994	1.621725150291464e-05	1.621810097358930e-05
462830	1.584825932743339e-05	1.584893192461114e-05
463954	1.548722068445141e-05	1.548816618912483e-05
464838	1.513518441220718e-05	1.513561248436207e-05
467559	1.479050994179776e-05	1.479108388168207e-05
470767	1.445318217951908e-05	1.445439770745928e-05
476913	1.412533697686680e-05	1.412537544622755e-05
480113	1.380327020239491e-05	1.380384264602884e-05
480902	1.348900540187881e-05	1.348962882591653e-05
485904	1.318187550036765e-05	1.318256738556407e-05
487911	1.288178886860170e-05	1.288249551693135e-05
498927	1.258867822029330e-05	1.258925411794166e-05
500000	1.246724084957851e-05	1.258925411794166e-05
