%
% index = 585, name = bbob_f013_i02_d02__bbob_f021_i04_d02
% instance = 1, reference value = 8.001614945366931e-01
% function evaluation | indicator value | target hit
1	1.186505828806693e+00	1.202264434617413e+00
19	1.174573154307193e+00	1.174897554939530e+00
21	1.138127885985193e+00	1.148153621496883e+00
22	1.088378289976693e+00	1.096478196143185e+00
23	9.882638512461930e-01	1.000000000000000e+00
28	8.787261695126931e-01	8.912509381337456e-01
33	7.634431322786880e-01	7.762471166286917e-01
38	7.433959055757244e-01	7.585775750291838e-01
43	7.378732476065798e-01	7.413102413009175e-01
53	7.238906355653136e-01	7.244359600749900e-01
289	7.009509168265156e-01	7.079457843841379e-01
544	6.855459213390914e-01	6.918309709189365e-01
554	6.741001016603774e-01	6.760829753919817e-01
691	6.598832046722278e-01	6.606934480075960e-01
741	6.340532597820723e-01	6.456542290346555e-01
772	6.221811961656765e-01	6.309573444801932e-01
835	6.157150844535200e-01	6.165950018614822e-01
1687	6.006294237999639e-01	6.025595860743578e-01
2097	5.489285351025792e-01	5.495408738576245e-01
2102	5.367524627915804e-01	5.370317963702527e-01
2107	5.173995623792111e-01	5.248074602497725e-01
2112	4.973403128994502e-01	5.011872336272722e-01
2117	4.825512399875312e-01	4.897788193684462e-01
2122	4.746572473372976e-01	4.786300923226383e-01
3190	4.676756270450979e-01	4.677351412871982e-01
3226	4.515786426216468e-01	4.570881896148750e-01
3246	4.349863182648847e-01	4.365158322401660e-01
3268	4.031269331998151e-01	4.073802778041127e-01
3291	3.428880950711619e-01	3.467368504525316e-01
3317	2.750914703412604e-01	2.754228703338166e-01
3349	2.464636670175296e-01	2.511886431509580e-01
3383	2.386758142725477e-01	2.398832919019490e-01
3417	2.332561794915891e-01	2.344228815319922e-01
6751	2.274378532376773e-01	2.290867652767773e-01
6756	2.122358099152337e-01	2.137962089502232e-01
6761	1.782049446948171e-01	1.819700858609984e-01
6766	1.248558802379227e-01	1.258925411794167e-01
6771	7.219073720141311e-02	7.244359600749903e-02
6776	5.150933000119706e-02	5.248074602497726e-02
7498	5.125598901957529e-02	5.128613839913648e-02
7540	4.857125131043571e-02	4.897788193684462e-02
7597	4.732385839220221e-02	4.786300923226382e-02
7726	4.674761669682670e-02	4.677351412871981e-02
7732	4.532749189703256e-02	4.570881896148749e-02
7751	4.420658591515858e-02	4.466835921509630e-02
10183	4.359460755181377e-02	4.365158322401658e-02
10218	4.221935286811340e-02	4.265795188015926e-02
10237	4.099052751583665e-02	4.168693834703355e-02
10257	3.972039543623074e-02	3.981071705534973e-02
10958	3.881682801780817e-02	3.890451449942807e-02
19885	3.801402544497456e-02	3.801893963205612e-02
20664	3.715170451799044e-02	3.715352290971726e-02
27369	2.560701883818395e-02	2.570395782768863e-02
27374	1.038377152767855e-02	1.047128548050900e-02
27379	4.036109001717580e-03	4.073802778041126e-03
27384	3.940740283899014e-03	3.981071705534973e-03
28823	3.551985744902231e-03	3.630780547701014e-03
28854	3.421531068410477e-03	3.467368504525317e-03
28886	2.854439907466699e-03	2.884031503126605e-03
28921	2.163648696293485e-03	2.187761623949552e-03
28936	2.126859591982333e-03	2.137962089502233e-03
28949	2.023987882192824e-03	2.041737944669530e-03
28992	1.937671830638421e-03	1.949844599758046e-03
29019	1.898618139451136e-03	1.905460717963246e-03
29025	1.853562717503143e-03	1.862087136662868e-03
49536	1.809488128369119e-03	1.819700858609983e-03
62151	1.202044125288793e-03	1.202264434617413e-03
76114	1.172744946666637e-03	1.174897554939529e-03
76124	1.144826544819066e-03	1.148153621496883e-03
113708	1.113652653110364e-03	1.122018454301963e-03
116768	1.084529118110189e-03	1.096478196143185e-03
154733	1.065963097735989e-03	1.071519305237606e-03
154817	1.046798608692834e-03	1.047128548050900e-03
155155	1.023000999361257e-03	1.023292992280754e-03
156359	1.002183222394759e-03	1.023292992280754e-03
%
% index = 586, name = bbob_f013_i03_d02__bbob_f021_i05_d02
% instance = 2, reference value = 8.144229439929050e-01
% function evaluation | indicator value | target hit
1	1.542388145729604e+00	1.548816618912481e+00
21	1.503134739592573e+00	1.513561248436208e+00
22	1.469394795724893e+00	1.479108388168207e+00
23	1.418094892581905e+00	1.445439770745927e+00
28	1.364203435712905e+00	1.380384264602885e+00
33	1.291004924049405e+00	1.318256738556407e+00
38	1.237112736836905e+00	1.258925411794167e+00
43	1.199537353542905e+00	1.202264434617413e+00
53	1.169241459653405e+00	1.174897554939530e+00
461	9.640770032484051e-01	9.772372209558107e-01
466	8.400154736579050e-01	8.511380382023764e-01
471	7.979848640951710e-01	8.128305161640993e-01
476	7.859676628996521e-01	7.943282347242815e-01
1499	5.321758757624142e-01	5.370317963702527e-01
1504	3.206067901302838e-01	3.235936569296283e-01
1509	2.473466977774774e-01	2.511886431509580e-01
1514	2.075935475743307e-01	2.089296130854039e-01
1965	2.040817366963685e-01	2.041737944669530e-01
1973	1.918580830047758e-01	1.949844599758045e-01
2138	1.852599675662110e-01	1.862087136662867e-01
2144	1.716777386347333e-01	1.737800828749375e-01
2162	1.618100679730643e-01	1.621810097358930e-01
2181	1.573784015036118e-01	1.584893192461113e-01
2201	1.547395575228093e-01	1.548816618912481e-01
2240	1.489528647518062e-01	1.513561248436208e-01
2259	1.460189363009508e-01	1.479108388168208e-01
2278	1.438793736113987e-01	1.445439770745928e-01
9544	1.408020738439082e-01	1.412537544622754e-01
9559	1.370990484600139e-01	1.380384264602885e-01
9569	1.342686903820403e-01	1.348962882591654e-01
9579	1.315780310046273e-01	1.318256738556407e-01
9594	1.287236518027011e-01	1.288249551693134e-01
11474	1.257325093944553e-01	1.258925411794167e-01
14459	1.205870621421311e-01	1.230268770812381e-01
14464	1.181070559408908e-01	1.202264434617413e-01
14469	1.160427316595206e-01	1.174897554939529e-01
14474	1.145399413795013e-01	1.148153621496883e-01
16226	1.120951647672782e-01	1.122018454301964e-01
16304	1.084365417526436e-01	1.096478196143185e-01
16386	1.050612351514387e-01	1.071519305237607e-01
16424	1.045292567360401e-01	1.047128548050900e-01
18423	1.023201273818695e-01	1.023292992280754e-01
35071	7.621399539778562e-02	7.762471166286916e-02
35076	4.866356939910543e-02	4.897788193684462e-02
35081	4.088747721546182e-02	4.168693834703355e-02
35086	3.626093755259741e-02	3.630780547701014e-02
35091	2.185932941874669e-02	2.187761623949553e-02
35096	1.729837253525557e-02	1.737800828749375e-02
35101	1.681806009943132e-02	1.698243652461744e-02
35111	1.422104766254295e-02	1.445439770745927e-02
35116	1.352470732091005e-02	1.380384264602885e-02
35253	1.348727755532775e-02	1.348962882591653e-02
35261	8.089969415636333e-03	8.128305161640995e-03
35427	7.933291694729117e-03	7.943282347242814e-03
35444	5.420842533411352e-03	5.495408738576248e-03
35450	2.097919060640718e-03	2.137962089502233e-03
35462	5.798274692144778e-04	5.888436553555889e-04
35481	4.585502151420728e-04	4.677351412871981e-04
35497	4.562088414478138e-04	4.570881896148752e-04
98644	4.324452837418669e-04	4.365158322401661e-04
103350	2.868831506525060e-04	2.884031503126605e-04
112115	2.782081968143446e-04	2.818382931264455e-04
112125	2.722837718021065e-04	2.754228703338166e-04
114262	2.604768469985919e-04	2.630267991895381e-04
119610	2.509591264602262e-04	2.511886431509580e-04
133137	2.411203501144765e-04	2.454708915685031e-04
133153	2.355786096051027e-04	2.398832919019490e-04
133163	2.330863574483422e-04	2.344228815319923e-04
161367	2.274628307405990e-04	2.290867652767772e-04
167660	1.768098645784644e-04	1.778279410038923e-04
167666	1.631304452665017e-04	1.659586907437562e-04
167672	1.486651831078545e-04	1.513561248436209e-04
167678	1.368165742249294e-04	1.380384264602885e-04
167679	1.305332663168457e-04	1.318256738556407e-04
167685	1.244237970569051e-04	1.258925411794167e-04
167686	1.214298853310369e-04	1.230268770812381e-04
167687	1.198588836198722e-04	1.202264434617413e-04
167688	1.160638041960427e-04	1.174897554939529e-04
167689	1.126301628272541e-04	1.148153621496883e-04
167690	1.095732757078194e-04	1.096478196143185e-04
167692	1.064836698595473e-04	1.071519305237606e-04
167693	1.038168634481806e-04	1.047128548050900e-04
167694	1.015515708048254e-04	1.023292992280754e-04
167696	9.833586233531921e-05	1.000000000000000e-04
167698	9.665474076436809e-05	9.772372209558111e-05
167699	9.521966834769025e-05	9.549925860214369e-05
167701	9.315649917784885e-05	9.332543007969905e-05
167709	9.080809703509996e-05	9.120108393559096e-05
167712	8.859788295811910e-05	8.912509381337459e-05
167714	8.681568615076518e-05	8.709635899560814e-05
167722	8.491415250522216e-05	8.511380382023759e-05
167725	8.295501269395267e-05	8.317637711026709e-05
167728	8.121912249825503e-05	8.128305161640995e-05
167733	7.930797299782189e-05	7.943282347242822e-05
167743	7.757936799679399e-05	7.762471166286911e-05
167751	7.577117586066162e-05	7.585775750291836e-05
167764	7.409071074260254e-05	7.413102413009176e-05
167773	7.238314367352672e-05	7.244359600749906e-05
167784	7.070599317238191e-05	7.079457843841373e-05
167797	6.915908476867738e-05	6.918309709189363e-05
167816	6.760551562989825e-05	6.760829753919819e-05
167844	6.604630861062333e-05	6.606934480075965e-05
167885	6.455606380162404e-05	6.456542290346549e-05
167940	6.308837488699925e-05	6.309573444801929e-05
168045	6.165822306114510e-05	6.165950018614822e-05
168280	6.025519118268985e-05	6.025595860743581e-05
169320	5.888415458654706e-05	5.888436553555884e-05
171999	5.764920199591295e-05	5.888436553555884e-05
%
% index = 587, name = bbob_f013_i07_d02__bbob_f021_i08_d02
% instance = 3, reference value = 8.413542527009950e-01
% function evaluation | indicator value | target hit
1	1.049520788828995e+00	1.071519305237606e+00
20	1.045014923906995e+00	1.047128548050900e+00
31	1.004437814057495e+00	1.023292992280754e+00
36	9.799254299419948e-01	1.000000000000000e+00
42	9.552437619019949e-01	9.772372209558107e-01
59	9.335069105559950e-01	9.549925860214360e-01
76	9.100172169309950e-01	9.120108393559098e-01
93	8.879532459039949e-01	8.912509381337456e-01
115	8.488625377874950e-01	8.511380382023764e-01
147	8.230053883957836e-01	8.317637711026710e-01
163	8.040832485281607e-01	8.128305161640993e-01
179	7.833639659680636e-01	7.943282347242815e-01
195	7.600089433409731e-01	7.762471166286917e-01
354	7.569154322148455e-01	7.585775750291838e-01
360	7.382959967993099e-01	7.413102413009175e-01
378	7.131630942303966e-01	7.244359600749900e-01
397	6.886368834108183e-01	6.918309709189365e-01
416	6.646689422539317e-01	6.760829753919817e-01
435	6.412027059228009e-01	6.456542290346555e-01
455	6.181958233623762e-01	6.309573444801932e-01
475	5.956435233037236e-01	6.025595860743578e-01
495	5.735965322578314e-01	5.754399373371569e-01
515	5.520688381899399e-01	5.623413251903491e-01
534	5.487325092153150e-01	5.495408738576245e-01
537	5.273841652618556e-01	5.370317963702527e-01
557	5.145474871453168e-01	5.248074602497725e-01
750	5.127465904720047e-01	5.128613839913648e-01
755	4.912355146779526e-01	5.011872336272722e-01
766	4.893246346446880e-01	4.897788193684462e-01
776	4.693103149218943e-01	4.786300923226383e-01
782	4.674534668934427e-01	4.677351412871982e-01
807	4.543631480240120e-01	4.570881896148750e-01
842	4.451202180676955e-01	4.466835921509631e-01
857	4.315650976268668e-01	4.365158322401660e-01
873	4.219892494940833e-01	4.265795188015927e-01
2806	4.153562095748768e-01	4.168693834703354e-01
2818	4.046295692508183e-01	4.073802778041127e-01
2830	3.900735862505059e-01	3.981071705534972e-01
2842	3.758771627232265e-01	3.801893963205612e-01
2859	3.621628634842325e-01	3.630780547701014e-01
2865	3.490717128631211e-01	3.548133892335755e-01
2882	3.367578856601475e-01	3.388441561392025e-01
2888	3.253775533110614e-01	3.311311214825911e-01
2905	3.150745735849029e-01	3.162277660168379e-01
2911	3.059616334129083e-01	3.090295432513591e-01
2928	2.981032464127100e-01	3.019951720402016e-01
3333	2.950760577157463e-01	2.951209226666385e-01
3383	2.861584713510110e-01	2.884031503126606e-01
3384	2.770620273211284e-01	2.818382931264454e-01
3389	2.714778436587924e-01	2.754228703338166e-01
3400	2.584359958176508e-01	2.630267991895382e-01
3419	2.565793674543020e-01	2.570395782768864e-01
4323	2.510982482590600e-01	2.511886431509580e-01
4344	2.414545505922254e-01	2.454708915685030e-01
4367	2.392419302040890e-01	2.398832919019490e-01
4390	2.328764976620197e-01	2.344228815319922e-01
4436	2.290689702279844e-01	2.290867652767773e-01
5002	2.161253786984807e-01	2.187761623949552e-01
5007	2.060166502675261e-01	2.089296130854039e-01
5012	2.034066259634281e-01	2.041737944669530e-01
5774	1.975706548528187e-01	1.995262314968880e-01
5797	1.929241537129882e-01	1.949844599758045e-01
5822	1.889201196597889e-01	1.905460717963247e-01
6203	1.776293078765551e-01	1.778279410038923e-01
6208	1.431816166541013e-01	1.445439770745928e-01
6213	9.329250174431025e-02	9.332543007969910e-02
6218	8.528542856618315e-02	8.709635899560805e-02
6223	8.150217270923488e-02	8.317637711026708e-02
6299	8.121381536622052e-02	8.128305161640990e-02
6352	7.919556387828675e-02	7.943282347242814e-02
6378	4.313635613327127e-02	4.365158322401658e-02
6379	4.248909983043547e-02	4.265795188015926e-02
6523	2.812724375070053e-02	2.818382931264454e-02
6546	1.850051357769522e-02	1.862087136662868e-02
6570	1.445117141593832e-02	1.445439770745927e-02
6594	8.479684407426413e-03	8.511380382023767e-03
6618	4.306576905650061e-03	4.365158322401661e-03
6661	4.265381965702697e-03	4.265795188015926e-03
6667	4.163850713474249e-03	4.168693834703355e-03
7057	4.046483514770771e-03	4.073802778041126e-03
15276	3.930987908875805e-03	3.981071705534973e-03
15277	3.853172777855240e-03	3.890451449942805e-03
15595	3.796314850485039e-03	3.801893963205613e-03
15613	3.651597134780804e-03	3.715352290971724e-03
15619	3.539177436500340e-03	3.548133892335753e-03
15657	3.444814310126665e-03	3.467368504525317e-03
15679	3.252461140732521e-03	3.311311214825911e-03
15702	3.124839931720857e-03	3.162277660168379e-03
15725	3.075783913710661e-03	3.090295432513592e-03
15771	3.008003165968054e-03	3.019951720402016e-03
16076	2.937166787646772e-03	2.951209226666387e-03
16134	2.776957687535608e-03	2.818382931264455e-03
16194	2.580203037226392e-03	2.630267991895381e-03
16240	2.501606819175217e-03	2.511886431509579e-03
16292	2.403735441074750e-03	2.454708915685031e-03
16310	2.353107075733551e-03	2.398832919019490e-03
16327	2.294977557050770e-03	2.344228815319923e-03
16367	2.268680095886988e-03	2.290867652767772e-03
16405	2.216777721800955e-03	2.238721138568340e-03
16481	2.165870184379970e-03	2.187761623949552e-03
16517	2.114719746614369e-03	2.137962089502233e-03
16538	2.063471109218673e-03	2.089296130854039e-03
16557	2.019702616054886e-03	2.041737944669530e-03
16613	1.972998744934173e-03	1.995262314968879e-03
16688	1.924122981124321e-03	1.949844599758046e-03
16708	1.898704104790649e-03	1.905460717963246e-03
16761	1.848386993020590e-03	1.862087136662868e-03
16781	1.806424161433062e-03	1.819700858609983e-03
16820	1.759230636141695e-03	1.778279410038923e-03
16838	1.722800239561062e-03	1.737800828749376e-03
16865	1.695401953010767e-03	1.698243652461744e-03
16914	1.658512570476556e-03	1.659586907437561e-03
16970	1.618592752231973e-03	1.621810097358930e-03
17030	1.574140044491079e-03	1.584893192461114e-03
17113	1.538286089643348e-03	1.548816618912481e-03
17207	1.512172637176956e-03	1.513561248436209e-03
17301	1.479077299492482e-03	1.479108388168207e-03
17386	1.443721825429845e-03	1.445439770745928e-03
17454	1.411399163571470e-03	1.412537544622754e-03
17505	1.377557251926120e-03	1.380384264602885e-03
17529	1.345906955299903e-03	1.348962882591653e-03
17555	1.317493538502523e-03	1.318256738556408e-03
17583	1.287917842793140e-03	1.288249551693134e-03
17692	1.258875611768850e-03	1.258925411794167e-03
17803	1.229222225117343e-03	1.230268770812381e-03
17889	1.199844373531378e-03	1.202264434617413e-03
17994	1.174672266827437e-03	1.174897554939529e-03
18157	1.147923730037359e-03	1.148153621496883e-03
18202	1.120835987179492e-03	1.122018454301963e-03
18257	1.096238897027035e-03	1.096478196143185e-03
18319	1.070622902026641e-03	1.071519305237606e-03
18519	1.046878268229134e-03	1.047128548050900e-03
18677	1.023273094044042e-03	1.023292992280754e-03
18805	9.999304956376243e-04	1.000000000000000e-03
18971	9.771543054235554e-04	9.772372209558111e-04
19162	9.549713285951222e-04	9.549925860214359e-04
19552	9.331922428134076e-04	9.332543007969915e-04
19972	9.120006136763559e-04	9.120108393559096e-04
21271	8.912476716390616e-04	8.912509381337459e-04
27599	8.709622678254592e-04	8.709635899560805e-04
199999	8.639995599504235e-04	8.709635899560805e-04
%
% index = 588, name = bbob_f013_i09_d02__bbob_f021_i10_d02
% instance = 4, reference value = 5.451320304084840e-01
% function evaluation | indicator value | target hit
1	1.999069355829105e+00	2.041737944669529e+00
20	1.991826837989047e+00	1.995262314968880e+00
240	1.595204321286824e+00	1.621810097358930e+00
349	1.548945359047984e+00	1.584893192461114e+00
354	1.545470061124984e+00	1.548816618912481e+00
359	1.512809374888323e+00	1.513561248436208e+00
369	1.412922629801484e+00	1.445439770745927e+00
374	1.406676659194484e+00	1.412537544622754e+00
399	1.379617858074670e+00	1.380384264602885e+00
414	1.339295364540063e+00	1.348962882591654e+00
419	1.315790747131300e+00	1.318256738556407e+00
444	1.285560291987221e+00	1.288249551693134e+00
459	1.258699054039877e+00	1.258925411794167e+00
474	1.228858068669887e+00	1.230268770812382e+00
489	1.201294570892611e+00	1.202264434617413e+00
509	1.168322680929181e+00	1.174897554939530e+00
524	1.144660447229533e+00	1.148153621496883e+00
539	1.121912166886034e+00	1.122018454301963e+00
559	1.095489142133583e+00	1.096478196143185e+00
579	1.067490767419705e+00	1.071519305237606e+00
599	1.038626445473882e+00	1.047128548050900e+00
614	1.020346898919029e+00	1.023292992280754e+00
644	9.899373990698274e-01	1.000000000000000e+00
674	9.753266636500056e-01	9.772372209558107e-01
6797	6.756396781694839e-01	6.760829753919817e-01
6802	5.403382797200171e-01	5.495408738576245e-01
6807	4.978236843081399e-01	5.011872336272722e-01
6812	4.591753331438644e-01	4.677351412871982e-01
6817	4.372879839798831e-01	4.466835921509631e-01
6822	4.269104055885028e-01	4.365158322401660e-01
6827	4.264515093277073e-01	4.265795188015927e-01
7599	3.407957232859569e-01	3.467368504525316e-01
7801	3.318394249526061e-01	3.388441561392025e-01
7835	3.308486144513414e-01	3.311311214825911e-01
13990	2.979869386708381e-01	3.019951720402016e-01
14021	2.843083972396040e-01	2.884031503126606e-01
14052	2.804502397395145e-01	2.818382931264454e-01
26332	1.591618070448375e-01	1.621810097358930e-01
26348	1.580158404303306e-01	1.584893192461113e-01
26350	1.545636883421768e-01	1.548816618912481e-01
26351	1.500185717149756e-01	1.513561248436208e-01
26352	1.415720082092002e-01	1.445439770745928e-01
26353	1.285833076225095e-01	1.288249551693134e-01
26354	1.149012610810874e-01	1.174897554939529e-01
26359	1.094189982896351e-01	1.096478196143185e-01
26364	1.069324142262804e-01	1.071519305237607e-01
26472	1.035192736175495e-01	1.047128548050900e-01
26478	1.009231880545758e-01	1.023292992280754e-01
26490	9.588692411237337e-02	9.772372209558107e-02
26507	8.651438753493679e-02	8.709635899560805e-02
26526	6.966571589284914e-02	7.079457843841380e-02
26547	4.800876900034362e-02	4.897788193684462e-02
26569	3.454894966971866e-02	3.467368504525317e-02
27351	3.207513444092758e-02	3.235936569296283e-02
27369	2.864100624311150e-02	2.884031503126606e-02
27387	2.378532917838505e-02	2.398832919019490e-02
27408	1.810820586804496e-02	1.819700858609984e-02
27430	1.569840747127538e-02	1.584893192461113e-02
27452	1.493714784409805e-02	1.513561248436208e-02
27474	1.478701030279705e-02	1.479108388168207e-02
56575	1.445271551544414e-02	1.445439770745927e-02
97821	1.276383428269157e-02	1.288249551693134e-02
97843	1.183933263128978e-02	1.202264434617413e-02
97887	1.166902736733377e-02	1.174897554939530e-02
98107	9.297324500383897e-03	9.332543007969915e-03
98126	8.790846552383269e-03	8.912509381337459e-03
98145	6.668936119614277e-03	6.760829753919818e-03
98164	6.273473540418739e-03	6.309573444801930e-03
98183	5.772490462421676e-03	5.888436553555890e-03
98219	5.484069635198874e-03	5.495408738576248e-03
98236	5.247957228057709e-03	5.248074602497728e-03
98253	4.909477069691581e-03	5.011872336272725e-03
98272	4.855050617239454e-03	4.897788193684461e-03
98289	4.454125898162964e-03	4.466835921509630e-03
98306	4.279298450331370e-03	4.365158322401661e-03
98323	4.264105861273237e-03	4.265795188015926e-03
98341	3.824289273839931e-03	3.890451449942805e-03
98360	3.587482535992614e-03	3.630780547701014e-03
98377	3.491798437880722e-03	3.548133892335753e-03
98394	3.387431134825536e-03	3.388441561392024e-03
98447	3.235979614833018e-03	3.311311214825911e-03
98466	3.069381185639486e-03	3.090295432513592e-03
98533	3.015073461462459e-03	3.019951720402016e-03
98557	2.885020892848811e-03	2.951209226666387e-03
98591	2.879726046085107e-03	2.884031503126605e-03
98615	2.686852694634312e-03	2.691534803926917e-03
98653	2.622331442668435e-03	2.630267991895381e-03
98665	2.568659410970175e-03	2.570395782768865e-03
98689	2.507584759579795e-03	2.511886431509579e-03
98730	2.426143752863985e-03	2.454708915685031e-03
98765	2.381829461255647e-03	2.398832919019490e-03
98771	2.339005715031650e-03	2.344228815319923e-03
98812	2.275634880903099e-03	2.290867652767772e-03
98843	2.190506351821941e-03	2.238721138568340e-03
98844	2.186724808721063e-03	2.187761623949552e-03
98845	2.129933739310585e-03	2.137962089502233e-03
98847	2.081270551119951e-03	2.089296130854039e-03
98864	2.026033203417099e-03	2.041737944669530e-03
98866	1.966638296107770e-03	1.995262314968879e-03
98868	1.946549988863011e-03	1.949844599758046e-03
98885	1.893973382683156e-03	1.905460717963246e-03
98887	1.836948593336274e-03	1.862087136662868e-03
98897	1.781494555730512e-03	1.819700858609983e-03
98899	1.777091173641776e-03	1.778279410038923e-03
98905	1.730628233324372e-03	1.737800828749376e-03
98919	1.682619342714631e-03	1.698243652461744e-03
98931	1.635046743288848e-03	1.659586907437561e-03
98972	1.584723699275536e-03	1.584893192461114e-03
98975	1.545635929173228e-03	1.548816618912481e-03
99007	1.485082157951068e-03	1.513561248436209e-03
99009	1.450067294539337e-03	1.479108388168207e-03
99010	1.435284008765914e-03	1.445439770745928e-03
99012	1.395740255218048e-03	1.412537544622754e-03
99030	1.376727863781513e-03	1.380384264602885e-03
99077	1.343947528400502e-03	1.348962882591653e-03
99083	1.315923925300222e-03	1.318256738556408e-03
99092	1.285124764711543e-03	1.288249551693134e-03
99108	1.257916705212025e-03	1.258925411794167e-03
99151	1.229047289815544e-03	1.230268770812381e-03
99178	1.201944519896525e-03	1.202264434617413e-03
99193	1.174075227280524e-03	1.174897554939529e-03
99213	1.145985066077770e-03	1.148153621496883e-03
99221	1.119516834373280e-03	1.122018454301963e-03
99225	1.090465642319738e-03	1.096478196143185e-03
99229	1.060711059491681e-03	1.071519305237606e-03
99231	1.046003566525400e-03	1.047128548050900e-03
99235	1.016821751491315e-03	1.023292992280754e-03
99239	9.882025980122444e-04	1.000000000000000e-03
99241	9.740150597754571e-04	9.772372209558111e-04
99245	9.489516510067242e-04	9.549925860214359e-04
99256	9.230719764761197e-04	9.332543007969915e-04
99259	9.117730528080958e-04	9.120108393559096e-04
99279	8.876525233099120e-04	8.912509381337459e-04
99293	8.671450789554669e-04	8.709635899560805e-04
99297	8.459933922313478e-04	8.511380382023768e-04
99316	8.249943614165867e-04	8.317637711026709e-04
99326	8.094447560085261e-04	8.128305161640995e-04
99346	7.939604726614480e-04	7.943282347242813e-04
99351	7.735297891089399e-04	7.762471166286919e-04
99359	7.537984194894154e-04	7.585775750291835e-04
99365	7.398347894139734e-04	7.413102413009177e-04
99374	7.241800754669292e-04	7.244359600749898e-04
99378	7.067399226982074e-04	7.079457843841380e-04
99385	6.887447428236548e-04	6.918309709189362e-04
99390	6.755977394569124e-04	6.760829753919819e-04
99396	6.571662013438173e-04	6.606934480075957e-04
99411	6.428743453592567e-04	6.456542290346556e-04
99451	6.292983021378706e-04	6.309573444801930e-04
99464	6.155380583081627e-04	6.165950018614823e-04
99472	6.006933971952622e-04	6.025595860743575e-04
99499	5.867436613378185e-04	5.888436553555889e-04
99515	5.746243320156053e-04	5.754399373371566e-04
99525	5.607632335438151e-04	5.623413251903491e-04
99541	5.468440573093147e-04	5.495408738576248e-04
99549	5.352214367444486e-04	5.370317963702527e-04
99555	5.244298375033374e-04	5.248074602497728e-04
99562	5.112021698822078e-04	5.128613839913648e-04
99568	5.008888618130980e-04	5.011872336272725e-04
99574	4.881005502840319e-04	4.897788193684461e-04
99593	4.768479745761445e-04	4.786300923226385e-04
99601	4.658579580374411e-04	4.677351412871981e-04
99608	4.552934698222044e-04	4.570881896148752e-04
99616	4.443522770395392e-04	4.466835921509630e-04
99624	4.357327619510798e-04	4.365158322401661e-04
99636	4.264238749911442e-04	4.265795188015926e-04
99646	4.157170397951493e-04	4.168693834703355e-04
99653	4.060120403205358e-04	4.073802778041126e-04
99660	3.980457417244176e-04	3.981071705534974e-04
99669	3.871525813465837e-04	3.890451449942805e-04
99679	3.788811830314209e-04	3.801893963205612e-04
99689	3.707204359145733e-04	3.715352290971724e-04
99704	3.627669385320997e-04	3.630780547701014e-04
99720	3.532149941757323e-04	3.548133892335753e-04
99741	3.463106743127886e-04	3.467368504525317e-04
99751	3.383042455721297e-04	3.388441561392024e-04
99762	3.310148307155147e-04	3.311311214825911e-04
99807	3.224700467088226e-04	3.235936569296281e-04
99817	3.161183469665430e-04	3.162277660168379e-04
99830	3.082935405326337e-04	3.090295432513592e-04
99850	3.018924236815046e-04	3.019951720402016e-04
99866	2.948603653626369e-04	2.951209226666387e-04
99882	2.879629413404805e-04	2.884031503126605e-04
99904	2.815720031398294e-04	2.818382931264455e-04
99926	2.751963587944717e-04	2.754228703338166e-04
99944	2.690019712174863e-04	2.691534803926917e-04
99962	2.628229532376514e-04	2.630267991895381e-04
99980	2.569208711756810e-04	2.570395782768865e-04
99997	2.510448638991525e-04	2.511886431509580e-04
100014	2.450855497856397e-04	2.454708915685031e-04
100031	2.397816138274278e-04	2.398832919019490e-04
100064	2.343097512627068e-04	2.344228815319923e-04
100083	2.288139391629640e-04	2.290867652767772e-04
100123	2.237406471579106e-04	2.238721138568340e-04
100154	2.185844855260299e-04	2.187761623949552e-04
100182	2.137299491754563e-04	2.137962089502232e-04
100203	2.088872307257628e-04	2.089296130854039e-04
100225	2.040142230940178e-04	2.041737944669530e-04
100245	1.992832165330638e-04	1.995262314968879e-04
100293	1.948079749138909e-04	1.949844599758046e-04
100315	1.903330206544096e-04	1.905460717963246e-04
100334	1.861983448747662e-04	1.862087136662868e-04
100370	1.818437784458782e-04	1.819700858609983e-04
100394	1.777606773488705e-04	1.778279410038923e-04
100420	1.736958445286430e-04	1.737800828749376e-04
100449	1.697375493241449e-04	1.698243652461744e-04
100486	1.658612529965575e-04	1.659586907437562e-04
100518	1.621451795968953e-04	1.621810097358930e-04
100549	1.583864637834109e-04	1.584893192461114e-04
100580	1.548525677398382e-04	1.548816618912481e-04
100617	1.512242615966386e-04	1.513561248436209e-04
100655	1.478749320471540e-04	1.479108388168207e-04
100751	1.445364337796518e-04	1.445439770745928e-04
100888	1.412421518653950e-04	1.412537544622754e-04
100988	1.380049086388002e-04	1.380384264602885e-04
101085	1.348957245909110e-04	1.348962882591653e-04
101181	1.317681256752801e-04	1.318256738556407e-04
101273	1.288211118838367e-04	1.288249551693134e-04
101508	1.258909905536010e-04	1.258925411794167e-04
101632	1.230196353600999e-04	1.230268770812381e-04
101782	1.201966115980113e-04	1.202264434617413e-04
101906	1.174707734087344e-04	1.174897554939529e-04
102025	1.147900577540550e-04	1.148153621496883e-04
102200	1.121702064713626e-04	1.122018454301963e-04
102292	1.096050764349821e-04	1.096478196143185e-04
102387	1.071028974104493e-04	1.071519305237606e-04
102481	1.046924621683765e-04	1.047128548050900e-04
102576	1.023019741798192e-04	1.023292992280754e-04
102675	9.999669213944795e-05	1.000000000000000e-04
102786	9.768212300365064e-05	9.772372209558111e-05
102904	9.549829782029562e-05	9.549925860214369e-05
103018	9.330085397030174e-05	9.332543007969905e-05
103154	9.120096685666379e-05	9.120108393559096e-05
103300	8.912155076246098e-05	8.912509381337459e-05
103453	8.708762149223226e-05	8.709635899560814e-05
103625	8.509856269456328e-05	8.511380382023759e-05
103819	8.317003057556338e-05	8.317637711026709e-05
104049	8.128029627485489e-05	8.128305161640995e-05
104310	7.941532660804551e-05	7.943282347242822e-05
104624	7.761626757762929e-05	7.762471166286911e-05
104912	7.584982146269237e-05	7.585775750291836e-05
105176	7.412097398573625e-05	7.413102413009176e-05
105440	7.243917715349379e-05	7.244359600749906e-05
105711	7.079375059804160e-05	7.079457843841373e-05
106012	6.918044254866640e-05	6.918309709189363e-05
106357	6.760618676471264e-05	6.760829753919819e-05
106756	6.606478872850374e-05	6.606934480075965e-05
107175	6.456177121716422e-05	6.456542290346549e-05
107678	6.309305121354747e-05	6.309573444801929e-05
108228	6.165925344092660e-05	6.165950018614822e-05
108971	6.025374640605818e-05	6.025595860743581e-05
109914	5.888334189163569e-05	5.888436553555884e-05
110895	5.754397089996477e-05	5.754399373371566e-05
111912	5.623333158166766e-05	5.623413251903491e-05
112950	5.495229654861600e-05	5.495408738576248e-05
114505	5.370249581815312e-05	5.370317963702532e-05
116264	5.248068251018090e-05	5.248074602497723e-05
118589	5.128607568205545e-05	5.128613839913648e-05
123507	5.011871000382140e-05	5.011872336272725e-05
127888	4.897771041789678e-05	4.897788193684466e-05
133139	4.786280362012452e-05	4.786300923226380e-05
141766	4.677330390046031e-05	4.677351412871981e-05
151730	4.570861853070429e-05	4.570881896148752e-05
160752	3.249528447768490e-05	3.311311214825908e-05
199996	3.249348076561631e-05	3.311311214825908e-05
%
% index = 589, name = bbob_f013_i11_d02__bbob_f021_i12_d02
% instance = 5, reference value = 7.100702457430810e-01
% function evaluation | indicator value | target hit
1	9.469559620356607e+00	9.549925860214358e+00
21	9.211745384660642e+00	9.332543007969910e+00
22	8.976261837628565e+00	9.120108393559097e+00
23	8.577689097888445e+00	8.709635899560805e+00
28	8.203299693345116e+00	8.317637711026711e+00
33	7.563791945824478e+00	7.585775750291837e+00
38	6.854087241966081e+00	6.918309709189364e+00
43	6.244652425727581e+00	6.309573444801933e+00
48	5.608502714431081e+00	5.623413251903491e+00
53	5.127498649175581e+00	5.128613839913648e+00
58	4.639864966088081e+00	4.677351412871983e+00
63	4.329949914191581e+00	4.365158322401660e+00
68	3.994681085269581e+00	4.073802778041127e+00
73	3.809167255845081e+00	3.890451449942806e+00
78	3.560693401749081e+00	3.630780547701014e+00
83	3.416927006362081e+00	3.467368504525317e+00
88	3.136925840896581e+00	3.162277660168380e+00
93	2.969724424029081e+00	3.019951720402016e+00
98	2.569223932859081e+00	2.570395782768863e+00
103	2.382868972055581e+00	2.398832919019490e+00
108	1.906450888024581e+00	1.949844599758045e+00
113	1.455127182980081e+00	1.479108388168207e+00
118	1.000014582364081e+00	1.023292992280754e+00
123	7.946083619560809e-01	8.128305161640993e-01
128	7.278066485310810e-01	7.413102413009175e-01
133	7.068953740485876e-01	7.079457843841379e-01
143	6.914064839823775e-01	6.918309709189365e-01
609	6.737601544216414e-01	6.760829753919817e-01
619	6.186625966554595e-01	6.309573444801932e-01
629	5.561337668194446e-01	5.623413251903491e-01
639	5.037279113525776e-01	5.128613839913648e-01
644	5.006563541787583e-01	5.011872336272722e-01
649	4.808070512432890e-01	4.897788193684462e-01
654	4.772399129472460e-01	4.786300923226383e-01
669	4.654277541770127e-01	4.677351412871982e-01
684	4.566821581464429e-01	4.570881896148750e-01
1168	4.457282183268255e-01	4.466835921509631e-01
1479	4.321384452970877e-01	4.365158322401660e-01
1498	3.984438862956701e-01	4.073802778041127e-01
1518	3.777130089352110e-01	3.801893963205612e-01
1538	3.696990984837886e-01	3.715352290971726e-01
27626	3.509792401098247e-01	3.548133892335755e-01
27631	3.395576515740108e-01	3.467368504525316e-01
27641	3.382970621131505e-01	3.388441561392025e-01
27805	3.248197163432101e-01	3.311311214825911e-01
27824	3.115661953334421e-01	3.162277660168379e-01
27844	2.935408029338214e-01	2.951209226666385e-01
27866	2.760625269300604e-01	2.818382931264454e-01
27888	2.595018713024150e-01	2.630267991895382e-01
27910	2.438510776088529e-01	2.454708915685030e-01
27932	2.309549874927349e-01	2.344228815319922e-01
27954	2.202382603196109e-01	2.238721138568339e-01
27976	2.110182576073871e-01	2.137962089502232e-01
27997	2.084977188424361e-01	2.089296130854039e-01
37792	1.822954814691190e-01	1.862087136662867e-01
37797	9.846503945822938e-02	1.000000000000000e-01
37802	7.295116226379883e-02	7.413102413009177e-02
37807	5.320836951608277e-02	5.370317963702527e-02
37812	4.749902201877187e-02	4.786300923226382e-02
37817	3.976911898929836e-02	3.981071705534973e-02
37822	3.301342744827718e-02	3.311311214825911e-02
37827	3.108543568567657e-02	3.162277660168379e-02
37897	3.089036506452991e-02	3.090295432513590e-02
37945	2.990357435427693e-02	3.019951720402016e-02
37965	2.880849579111966e-02	2.884031503126606e-02
38012	1.813340402624353e-02	1.819700858609984e-02
38013	1.641990825694439e-02	1.659586907437561e-02
38117	1.570300696045557e-02	1.584893192461113e-02
38297	1.071805840678453e-02	1.096478196143185e-02
38323	1.041463672127607e-02	1.047128548050900e-02
38340	1.010702395038754e-02	1.023292992280754e-02
38341	9.949535396102327e-03	1.000000000000000e-02
43281	9.403067426048906e-03	9.549925860214359e-03
43286	8.168224699719229e-03	8.317637711026709e-03
43291	8.055256782826037e-03	8.128305161640995e-03
43311	7.799400666644751e-03	7.943282347242814e-03
62801	7.734744192998577e-03	7.762471166286920e-03
86389	7.529540062880646e-03	7.585775750291836e-03
86394	6.525068112458010e-03	6.606934480075957e-03
86405	6.397714314491987e-03	6.456542290346556e-03
86416	6.108034347340641e-03	6.165950018614822e-03
89425	5.830519359589892e-03	5.888436553555890e-03
97728	5.667621905549258e-03	5.754399373371567e-03
97734	5.460072272512551e-03	5.495408738576248e-03
117671	5.361768437763370e-03	5.370317963702527e-03
121382	5.247006686934119e-03	5.248074602497728e-03
131982	4.996072422709719e-03	5.011872336272725e-03
132647	4.697906546469399e-03	4.786300923226385e-03
132648	4.563996574260543e-03	4.570881896148752e-03
132653	4.409490528107796e-03	4.466835921509630e-03
136709	4.349103004437693e-03	4.365158322401661e-03
137598	4.229203947088478e-03	4.265795188015926e-03
145633	4.161791752216648e-03	4.168693834703355e-03
165126	4.066907933553243e-03	4.073802778041126e-03
165740	3.958059771764333e-03	3.981071705534973e-03
165999	3.834623953535399e-03	3.890451449942805e-03
166009	3.769496380344517e-03	3.801893963205613e-03
166014	3.695006555420655e-03	3.715352290971724e-03
178544	3.629024039007223e-03	3.630780547701014e-03
181864	2.723872108088998e-03	2.754228703338166e-03
181883	2.536305072801115e-03	2.570395782768865e-03
181884	2.451194683644742e-03	2.454708915685031e-03
181902	2.218443201188691e-03	2.238721138568340e-03
181918	2.069067085406551e-03	2.089296130854039e-03
181942	2.000983941258472e-03	2.041737944669530e-03
181954	1.945093851404178e-03	1.949844599758046e-03
181955	1.903797159563680e-03	1.905460717963246e-03
181956	1.797015316879813e-03	1.819700858609983e-03
181973	1.728246498232777e-03	1.737800828749376e-03
181991	1.627760846698245e-03	1.659586907437561e-03
181997	1.574998799132810e-03	1.584893192461114e-03
182009	1.506509305458259e-03	1.513561248436209e-03
182026	1.451256027747316e-03	1.479108388168207e-03
182032	1.394665428508191e-03	1.412537544622754e-03
182039	1.342119946059928e-03	1.348962882591653e-03
182046	1.278763899741242e-03	1.288249551693134e-03
182053	1.242596609149271e-03	1.258925411794167e-03
182065	1.211395109065205e-03	1.230268770812381e-03
182071	1.183046973823099e-03	1.202264434617413e-03
182077	1.163374422530006e-03	1.174897554939529e-03
182095	1.128433161246001e-03	1.148153621496883e-03
182096	1.106857855412091e-03	1.122018454301963e-03
182097	1.085701392343874e-03	1.096478196143185e-03
182100	1.062692727337389e-03	1.071519305237606e-03
182102	1.035143836805807e-03	1.047128548050900e-03
182103	1.016173611473992e-03	1.023292992280754e-03
182109	9.985013988809133e-04	1.000000000000000e-03
182122	9.620433041968024e-04	9.772372209558111e-04
182123	9.471262432154681e-04	9.549925860214359e-04
182129	9.284579236292778e-04	9.332543007969915e-04
182131	9.091974647928991e-04	9.120108393559096e-04
182138	8.795406830668373e-04	8.912509381337459e-04
182144	8.639880055270055e-04	8.709635899560805e-04
182145	8.487592393943144e-04	8.511380382023768e-04
182147	8.203248497871130e-04	8.317637711026709e-04
182148	8.089047392013660e-04	8.128305161640995e-04
182150	7.798750986960368e-04	7.943282347242813e-04
182157	7.669039803652744e-04	7.762471166286919e-04
182158	7.545414180423204e-04	7.585775750291835e-04
182165	7.304832491621394e-04	7.413102413009177e-04
182166	7.194528913773146e-04	7.244359600749898e-04
182168	6.990512542807137e-04	7.079457843841380e-04
182169	6.912602274107282e-04	6.918309709189362e-04
182172	6.678676642871695e-04	6.760829753919819e-04
182173	6.594391128786903e-04	6.606934480075957e-04
182176	6.451200333600360e-04	6.456542290346556e-04
182185	6.275561593254153e-04	6.309573444801930e-04
182188	6.152814558394448e-04	6.165950018614823e-04
182192	6.003962651459638e-04	6.025595860743575e-04
182196	5.843082205365668e-04	5.888436553555889e-04
182198	5.739663709615206e-04	5.754399373371566e-04
182201	5.586583356030905e-04	5.623413251903491e-04
182203	5.485740051571764e-04	5.495408738576248e-04
182206	5.343206617254292e-04	5.370317963702527e-04
182209	5.228273582713605e-04	5.248074602497728e-04
182212	5.085777537391367e-04	5.128613839913648e-04
182214	5.001246162944506e-04	5.011872336272725e-04
182217	4.890428362159804e-04	4.897788193684461e-04
182226	4.762818855881257e-04	4.786300923226385e-04
182229	4.643238727342069e-04	4.677351412871981e-04
182232	4.564091911049006e-04	4.570881896148752e-04
182235	4.455843634837420e-04	4.466835921509630e-04
182239	4.350743539759394e-04	4.365158322401661e-04
182242	4.248118764909048e-04	4.265795188015926e-04
182245	4.149790322294233e-04	4.168693834703355e-04
182248	4.061657927718620e-04	4.073802778041126e-04
182251	3.976451182455820e-04	3.981071705534974e-04
182255	3.864874464039048e-04	3.890451449942805e-04
182258	3.787601428717480e-04	3.801893963205612e-04
182262	3.698144814954230e-04	3.715352290971724e-04
182266	3.610680023916624e-04	3.630780547701014e-04
182270	3.543267524372951e-04	3.548133892335753e-04
182295	3.460775907698777e-04	3.467368504525317e-04
182302	3.376486540442869e-04	3.388441561392024e-04
182309	3.301064912318852e-04	3.311311214825911e-04
182314	3.230357058532363e-04	3.235936569296281e-04
182321	3.160594668143446e-04	3.162277660168379e-04
182327	3.081090618581861e-04	3.090295432513592e-04
182332	3.015646931349147e-04	3.019951720402016e-04
182337	2.951192389001323e-04	2.951209226666387e-04
182349	2.872016277195577e-04	2.884031503126605e-04
182355	2.810616351921480e-04	2.818382931264455e-04
182360	2.753089190642433e-04	2.754228703338166e-04
182366	2.691349083757677e-04	2.691534803926917e-04
182372	2.623927475735588e-04	2.630267991895381e-04
182379	2.566702747162086e-04	2.570395782768865e-04
182387	2.505885628180105e-04	2.511886431509580e-04
182393	2.448922758446770e-04	2.454708915685031e-04
182399	2.395143738629368e-04	2.398832919019490e-04
182422	2.342405120067115e-04	2.344228815319923e-04
182428	2.290751211354580e-04	2.290867652767772e-04
182435	2.232795911241148e-04	2.238721138568340e-04
182442	2.187027173866651e-04	2.187761623949552e-04
182478	2.136680196276330e-04	2.137962089502232e-04
182497	2.084594324560651e-04	2.089296130854039e-04
182521	2.038515602753588e-04	2.041737944669530e-04
182529	1.989578008917414e-04	1.995262314968879e-04
182536	1.949789798031398e-04	1.949844599758046e-04
182545	1.904267161868534e-04	1.905460717963246e-04
182601	1.861108506016063e-04	1.862087136662868e-04
182611	1.817237174694952e-04	1.819700858609983e-04
182643	1.776825403827509e-04	1.778279410038923e-04
182657	1.734530066044293e-04	1.737800828749376e-04
182678	1.696631303462759e-04	1.698243652461744e-04
182690	1.659364149719789e-04	1.659586907437562e-04
182703	1.619368539812482e-04	1.621810097358930e-04
182714	1.583248369404489e-04	1.584893192461114e-04
182726	1.548142870454461e-04	1.548816618912481e-04
182743	1.510660180029655e-04	1.513561248436209e-04
182754	1.477406510524970e-04	1.479108388168207e-04
182766	1.443179491039670e-04	1.445439770745928e-04
182777	1.411254129265460e-04	1.412537544622754e-04
182790	1.378042324025053e-04	1.380384264602885e-04
182803	1.346623321245577e-04	1.348962882591653e-04
182816	1.315987400856145e-04	1.318256738556407e-04
182828	1.287972890071654e-04	1.288249551693134e-04
182847	1.257938104736178e-04	1.258925411794167e-04
182860	1.229435404586088e-04	1.230268770812381e-04
182884	1.201489710568326e-04	1.202264434617413e-04
182897	1.174364503526704e-04	1.174897554939529e-04
182927	1.147364805259565e-04	1.148153621496883e-04
182953	1.121649500369637e-04	1.122018454301963e-04
182995	1.096385877314976e-04	1.096478196143185e-04
183015	1.071456604334609e-04	1.071519305237606e-04
183063	1.046470174276282e-04	1.047128548050900e-04
183079	1.023214510359471e-04	1.023292992280754e-04
183112	9.988831810181509e-05	1.000000000000000e-04
183164	9.771814630765707e-05	9.772372209558111e-05
183196	9.547173379798046e-05	9.549925860214369e-05
183220	9.331336385043354e-05	9.332543007969905e-05
183245	9.116524438801399e-05	9.120108393559096e-05
183270	8.904464431147563e-05	8.912509381337459e-05
183299	8.703990211966772e-05	8.709635899560814e-05
183323	8.510970165298559e-05	8.511380382023759e-05
183348	8.313449311680987e-05	8.317637711026709e-05
183372	8.127464055540656e-05	8.128305161640995e-05
183396	7.938785325067865e-05	7.943282347242822e-05
183438	7.756073799813912e-05	7.762471166286911e-05
183461	7.582613053858100e-05	7.585775750291836e-05
183486	7.409629354104830e-05	7.413102413009176e-05
183511	7.239247549106764e-05	7.244359600749906e-05
183536	7.073388087486254e-05	7.079457843841373e-05
183572	6.916248390409496e-05	6.918309709189363e-05
183598	6.757366257703623e-05	6.760829753919819e-05
183629	6.606148084942198e-05	6.606934480075965e-05
183656	6.456406037036455e-05	6.456542290346549e-05
183684	6.305635203396331e-05	6.309573444801929e-05
183711	6.164035085509667e-05	6.165950018614822e-05
183745	6.023170997937477e-05	6.025595860743581e-05
183788	5.886942409127904e-05	5.888436553555884e-05
183819	5.752645966883296e-05	5.754399373371566e-05
183861	5.621052592341691e-05	5.623413251903491e-05
183893	5.493846992776774e-05	5.495408738576248e-05
183938	5.366854256250164e-05	5.370317963702532e-05
183983	5.246564920702301e-05	5.248074602497723e-05
184039	5.126566883140171e-05	5.128613839913648e-05
184092	5.011057426540511e-05	5.011872336272725e-05
184142	4.897032905371024e-05	4.897788193684466e-05
184222	4.786089801744886e-05	4.786300923226380e-05
184272	4.676496092181903e-05	4.677351412871981e-05
184327	4.569073731452988e-05	4.570881896148752e-05
184378	4.465353331850608e-05	4.466835921509635e-05
184428	4.364868424722168e-05	4.365158322401657e-05
184478	4.265319154406200e-05	4.265795188015926e-05
184528	4.168231044721082e-05	4.168693834703355e-05
184583	4.072739563143468e-05	4.073802778041130e-05
184633	3.979814453891617e-05	3.981071705534969e-05
184683	3.889975443405191e-05	3.890451449942805e-05
184734	3.800814361754057e-05	3.801893963205612e-05
184786	3.713825365270207e-05	3.715352290971728e-05
184843	3.630556766931470e-05	3.630780547701010e-05
184903	3.547971048534215e-05	3.548133892335753e-05
184959	3.466737242485696e-05	3.467368504525317e-05
185027	3.388102002044313e-05	3.388441561392028e-05
185085	3.310178007132070e-05	3.311311214825908e-05
185143	3.234833187848452e-05	3.235936569296281e-05
185204	3.161273200724679e-05	3.162277660168380e-05
185279	3.089927125077274e-05	3.090295432513592e-05
185350	3.019671185722217e-05	3.019951720402019e-05
185422	2.950203264984186e-05	2.951209226666384e-05
185491	2.883281319732145e-05	2.884031503126606e-05
185570	2.818136128135418e-05	2.818382931264455e-05
185653	2.753894225127063e-05	2.754228703338169e-05
185738	2.691286867417819e-05	2.691534803926914e-05
185829	2.630188135799294e-05	2.630267991895381e-05
185939	2.569910150040933e-05	2.570395782768864e-05
186050	2.511773046831589e-05	2.511886431509582e-05
186156	2.454669094720252e-05	2.454708915685029e-05
186265	2.398715183149491e-05	2.398832919019490e-05
186372	2.344141916443832e-05	2.344228815319923e-05
186478	2.290638305035841e-05	2.290867652767775e-05
186584	2.238512113905688e-05	2.238721138568338e-05
186689	2.187709834344798e-05	2.187761623949552e-05
186795	2.137579288308267e-05	2.137962089502232e-05
186906	2.089033526275763e-05	2.089296130854041e-05
187025	2.041393097873545e-05	2.041737944669527e-05
187137	1.994994203247114e-05	1.995262314968879e-05
187256	1.949659101585510e-05	1.949844599758046e-05
187375	1.905273143987252e-05	1.905460717963248e-05
187498	1.861871487840450e-05	1.862087136662866e-05
187623	1.819508467137965e-05	1.819700858609983e-05
187754	1.778278457742477e-05	1.778279410038923e-05
187885	1.737542764290723e-05	1.737800828749376e-05
188022	1.698217152146242e-05	1.698243652461746e-05
188166	1.659421853827947e-05	1.659586907437560e-05
188312	1.621641263871432e-05	1.621810097358930e-05
188471	1.584891431283264e-05	1.584893192461114e-05
188635	1.548816061158753e-05	1.548816618912483e-05
188811	1.513450313106457e-05	1.513561248436207e-05
189008	1.479099000567530e-05	1.479108388168207e-05
189215	1.445352614615203e-05	1.445439770745928e-05
189453	1.412492348717986e-05	1.412537544622755e-05
189694	1.380368551018307e-05	1.380384264602884e-05
189930	1.348845509518970e-05	1.348962882591653e-05
190166	1.318246041148718e-05	1.318256738556407e-05
190402	1.288139457633619e-05	1.288249551693135e-05
190639	1.258824581529261e-05	1.258925411794166e-05
190877	1.230151353914799e-05	1.230268770812381e-05
191039	1.211152575397723e-05	1.230268770812381e-05
%
% index = 590, name = bbob_f013_i13_d02__bbob_f021_i14_d02
% instance = 6, reference value = 9.406022139176270e-01
% function evaluation | indicator value | target hit
1	1.617030854351627e+00	1.621810097358930e+00
307	1.570921468641127e+00	1.584893192461114e+00
317	1.515339257229627e+00	1.548816618912481e+00
322	1.486503478125127e+00	1.513561248436208e+00
327	1.455481409870627e+00	1.479108388168207e+00
332	1.426581465012127e+00	1.445439770745927e+00
337	1.392110930202127e+00	1.412537544622754e+00
342	1.363484501576127e+00	1.380384264602885e+00
347	1.338391233049127e+00	1.348962882591654e+00
352	1.309536391512627e+00	1.318256738556407e+00
357	1.274130040542627e+00	1.288249551693134e+00
362	1.245698193985627e+00	1.258925411794167e+00
367	1.224898837675127e+00	1.230268770812382e+00
372	1.196883235536627e+00	1.202264434617413e+00
377	1.162102610279127e+00	1.174897554939530e+00
382	1.118723250779627e+00	1.122018454301963e+00
432	1.095514866662627e+00	1.096478196143185e+00
1525	1.042970473882127e+00	1.047128548050900e+00
1530	1.014968608907627e+00	1.023292992280754e+00
1540	9.884135432491269e-01	1.000000000000000e+00
1545	9.734851952701270e-01	9.772372209558107e-01
1555	9.352085277060038e-01	9.549925860214360e-01
1560	9.125986805901847e-01	9.332543007969910e-01
1565	8.750941458461182e-01	8.912509381337456e-01
1570	8.459769387149825e-01	8.511380382023764e-01
1575	8.131662618392366e-01	8.317637711026710e-01
1580	7.855977333524277e-01	7.943282347242815e-01
1585	7.486880690625215e-01	7.585775750291838e-01
1590	7.146552519811120e-01	7.244359600749900e-01
1595	6.809592466618397e-01	6.918309709189365e-01
1600	6.547104320318142e-01	6.606934480075960e-01
1605	6.382391510334171e-01	6.456542290346555e-01
1610	6.254651072175315e-01	6.309573444801932e-01
7491	5.789856183473380e-01	5.888436553555889e-01
7512	5.417423608248013e-01	5.495408738576245e-01
7533	5.049868899826917e-01	5.128613839913648e-01
7553	4.685022655622594e-01	4.786300923226383e-01
7574	4.323610454814619e-01	4.365158322401660e-01
7595	3.971428491215673e-01	3.981071705534972e-01
7616	3.638706793200033e-01	3.715352290971726e-01
7637	3.336247566286145e-01	3.388441561392025e-01
7658	3.067765840198498e-01	3.090295432513591e-01
7678	2.827020679817138e-01	2.884031503126606e-01
7699	2.606762497345305e-01	2.630267991895382e-01
7720	2.407970682567175e-01	2.454708915685030e-01
7741	2.240064663869820e-01	2.290867652767773e-01
7762	2.115812842184702e-01	2.137962089502232e-01
7783	2.045592500856365e-01	2.089296130854039e-01
7803	2.037451648631909e-01	2.041737944669530e-01
32487	1.994467556049709e-01	1.995262314968880e-01
32492	1.947934038775971e-01	1.949844599758045e-01
32497	1.866260071634236e-01	1.905460717963247e-01
32502	1.860023631584802e-01	1.862087136662867e-01
35748	1.806832201964592e-01	1.819700858609984e-01
35753	1.772274698965020e-01	1.778279410038923e-01
35920	1.737110180616643e-01	1.737800828749375e-01
35950	1.696363348395586e-01	1.698243652461744e-01
35987	1.635317622301621e-01	1.659586907437560e-01
36007	1.606919316624507e-01	1.621810097358930e-01
36027	1.581234097503752e-01	1.584893192461113e-01
36067	1.522955004176385e-01	1.548816618912481e-01
36087	1.498893744229483e-01	1.513561248436208e-01
36147	1.471382931599825e-01	1.479108388168208e-01
36187	1.425476988829675e-01	1.445439770745928e-01
36207	1.406683302509485e-01	1.412537544622754e-01
36247	1.380123114111327e-01	1.380384264602885e-01
36287	1.333115179993222e-01	1.348962882591654e-01
36306	1.317131198010236e-01	1.318256738556407e-01
36308	1.246060512295672e-01	1.258925411794167e-01
36309	1.091797251648822e-01	1.096478196143185e-01
36314	8.503026124854063e-02	8.511380382023763e-02
36534	8.267777812299404e-02	8.317637711026708e-02
36539	8.112645749309211e-02	8.128305161640990e-02
36544	5.260397109458770e-02	5.370317963702527e-02
36554	5.236848906759994e-02	5.248074602497726e-02
36905	5.086030898775884e-02	5.128613839913648e-02
36980	5.007577717565670e-02	5.011872336272722e-02
37193	4.866876313476121e-02	4.897788193684462e-02
37334	4.746441467269435e-02	4.786300923226382e-02
37443	4.659704151001032e-02	4.677351412871981e-02
47522	4.563257720688219e-02	4.570881896148749e-02
47540	4.417738256854542e-02	4.466835921509630e-02
47558	4.307902443064859e-02	4.365158322401658e-02
47576	4.255185157131836e-02	4.265795188015926e-02
47682	3.484980370119761e-02	3.548133892335755e-02
47698	3.466549939193397e-02	3.467368504525317e-02
47707	3.379814903317668e-02	3.388441561392026e-02
52965	3.296232275557454e-02	3.311311214825911e-02
53025	3.225503843165012e-02	3.235936569296283e-02
53087	3.157770231509971e-02	3.162277660168379e-02
53261	3.088768897633465e-02	3.090295432513590e-02
53906	3.019846242592916e-02	3.019951720402016e-02
70126	2.949297297562026e-02	2.951209226666385e-02
70684	2.851008018135093e-02	2.884031503126606e-02
70689	2.743806471975496e-02	2.754228703338166e-02
70694	2.592489043462654e-02	2.630267991895381e-02
70699	2.422273822290100e-02	2.454708915685030e-02
70704	2.263666097606487e-02	2.290867652767773e-02
70709	2.139360496635201e-02	2.187761623949553e-02
70714	2.061286753735281e-02	2.089296130854040e-02
70719	2.040052617934029e-02	2.041737944669529e-02
70882	1.974805421228587e-02	1.995262314968880e-02
70906	1.942525814511953e-02	1.949844599758046e-02
71955	1.896474251863089e-02	1.905460717963247e-02
71979	1.843266094802576e-02	1.862087136662868e-02
71999	1.781080531107482e-02	1.819700858609984e-02
72026	1.684744935984528e-02	1.698243652461744e-02
72050	1.581641241786080e-02	1.584893192461113e-02
75108	1.526154952015824e-02	1.548816618912481e-02
75134	1.479132217220447e-02	1.513561248436208e-02
75142	1.479087447511884e-02	1.479108388168207e-02
82803	1.445013213954494e-02	1.445439770745927e-02
82808	1.177590836397824e-02	1.202264434617413e-02
82813	9.628125116725839e-03	9.772372209558112e-03
82818	8.632767566694843e-03	8.709635899560805e-03
82823	8.249391684344243e-03	8.317637711026709e-03
82828	7.923770053343104e-03	7.943282347242814e-03
82838	7.690422587189993e-03	7.762471166286920e-03
82902	7.552688954001074e-03	7.585775750291836e-03
82914	7.140078952982631e-03	7.244359600749898e-03
82926	6.588812618178896e-03	6.606934480075957e-03
82933	6.384988506768274e-03	6.456542290346556e-03
82948	6.239647003189241e-03	6.309573444801930e-03
82949	6.034203124497650e-03	6.165950018614822e-03
82955	5.827930522127489e-03	5.888436553555890e-03
83082	5.731076085932152e-03	5.754399373371567e-03
83182	5.522825195593772e-03	5.623413251903491e-03
83188	4.274045685488170e-03	4.365158322401661e-03
83194	3.031508748584266e-03	3.090295432513592e-03
83200	2.180331644597522e-03	2.187761623949552e-03
83212	1.652339504673139e-03	1.659586907437561e-03
83224	1.372115281565667e-03	1.380384264602885e-03
83230	1.285146519798275e-03	1.288249551693134e-03
88732	1.255280407269743e-03	1.258925411794167e-03
90179	1.219731380556532e-03	1.230268770812381e-03
96787	1.197162419268705e-03	1.202264434617413e-03
133903	1.173288597030364e-03	1.174897554939529e-03
158861	1.147274518372376e-03	1.148153621496883e-03
159113	1.115129767533252e-03	1.122018454301963e-03
159123	1.090592657621126e-03	1.096478196143185e-03
163130	1.047264991700492e-03	1.071519305237606e-03
163135	1.030605144621610e-03	1.047128548050900e-03
166504	1.017985233703333e-03	1.023292992280754e-03
174839	9.939526025670720e-04	1.000000000000000e-03
182067	9.744442139582032e-04	9.772372209558111e-04
189547	9.539484968751344e-04	9.549925860214359e-04
191603	9.267002379726996e-04	9.332543007969915e-04
199998	9.146126711550018e-04	9.332543007969915e-04
%
% index = 591, name = bbob_f013_i15_d02__bbob_f021_i16_d02
% instance = 7, reference value = 9.113079064440061e-01
% function evaluation | indicator value | target hit
1	1.150204412862006e+00	1.174897554939530e+00
21	1.147597558385006e+00	1.148153621496883e+00
33	1.087533019831506e+00	1.096478196143185e+00
38	1.063805936068006e+00	1.071519305237606e+00
48	1.036196849120506e+00	1.047128548050900e+00
168	1.022859091974506e+00	1.023292992280754e+00
196	9.892855468365059e-01	1.000000000000000e+00
208	9.445214568920061e-01	9.549925860214360e-01
231	9.170558036390061e-01	9.332543007969910e-01
340	8.967700701548538e-01	9.120108393559098e-01
345	8.490430978895261e-01	8.511380382023764e-01
350	8.092598064297953e-01	8.128305161640993e-01
355	7.592881408850946e-01	7.762471166286917e-01
360	7.082729353447040e-01	7.244359600749900e-01
365	6.669263763933072e-01	6.760829753919817e-01
370	6.505463044155330e-01	6.606934480075960e-01
1302	6.446715236767763e-01	6.456542290346555e-01
1320	6.292975863452522e-01	6.309573444801932e-01
1326	6.089851334641588e-01	6.165950018614822e-01
1338	5.690281792274439e-01	5.754399373371569e-01
1357	5.145812397819216e-01	5.248074602497725e-01
1376	4.607730796335332e-01	4.677351412871982e-01
1396	4.098075878952582e-01	4.168693834703354e-01
1416	3.654276631949366e-01	3.715352290971726e-01
1436	3.260107826993361e-01	3.311311214825911e-01
1457	3.230083764374869e-01	3.235936569296283e-01
1478	2.803882591396402e-01	2.818382931264454e-01
1502	2.670252779212241e-01	2.691534803926916e-01
1866	2.620649221335513e-01	2.630267991895382e-01
1871	2.349940213386861e-01	2.398832919019490e-01
1876	1.883823081529299e-01	1.905460717963247e-01
1881	1.729678360460877e-01	1.737800828749375e-01
2415	1.692430167403329e-01	1.698243652461744e-01
2427	1.657394038221440e-01	1.659586907437560e-01
2439	1.610796047329132e-01	1.621810097358930e-01
2445	1.518032274865158e-01	1.548816618912481e-01
2451	1.334527769439334e-01	1.348962882591654e-01
2463	9.783375623862067e-02	1.000000000000000e-01
2469	5.165468607375401e-02	5.248074602497726e-02
2548	5.095688351878036e-02	5.128613839913648e-02
2565	5.006439686082109e-02	5.011872336272722e-02
2582	4.867546125846822e-02	4.897788193684462e-02
2588	4.706844228520324e-02	4.786300923226382e-02
2605	4.629958247081056e-02	4.677351412871981e-02
6586	4.521634249200768e-02	4.570881896148749e-02
6596	4.429452696164204e-02	4.466835921509630e-02
6606	4.259989566678468e-02	4.265795188015926e-02
6616	4.017769241046010e-02	4.073802778041128e-02
6621	3.912666379793006e-02	3.981071705534973e-02
6626	3.729881514464661e-02	3.801893963205612e-02
6631	3.559623880190632e-02	3.630780547701014e-02
6636	3.250456292143256e-02	3.311311214825911e-02
6641	2.940957284699630e-02	2.951209226666385e-02
6651	2.784324401288774e-02	2.818382931264454e-02
6750	2.752885956309081e-02	2.754228703338166e-02
8459	2.617917066217235e-02	2.630267991895381e-02
14261	2.048470041488526e-02	2.089296130854040e-02
14285	1.686599424324264e-02	1.698243652461744e-02
14310	1.555311283478555e-02	1.584893192461113e-02
14334	1.368444391338330e-02	1.380384264602885e-02
14358	1.320681326111284e-02	1.348962882591653e-02
14383	1.293270408397673e-02	1.318256738556407e-02
14408	1.285400052471397e-02	1.288249551693134e-02
15915	1.251333236428609e-02	1.258925411794167e-02
15998	1.227108312820535e-02	1.230268770812382e-02
16074	1.201550102957527e-02	1.202264434617413e-02
16288	1.174404129085438e-02	1.174897554939530e-02
16939	1.148097562185946e-02	1.148153621496883e-02
28708	1.121559381749726e-02	1.122018454301964e-02
28713	8.992648709108653e-03	9.120108393559097e-03
28718	6.643883350451407e-03	6.760829753919818e-03
28723	6.416214508130458e-03	6.456542290346556e-03
28779	6.304929723839670e-03	6.309573444801930e-03
28809	6.020700153534397e-03	6.025595860743574e-03
28815	5.715546294808083e-03	5.754399373371567e-03
28832	5.106637956776239e-03	5.128613839913648e-03
28844	3.955668016689340e-03	3.981071705534973e-03
28861	2.496462941269151e-03	2.511886431509579e-03
28879	2.276818978728223e-03	2.290867652767772e-03
29483	2.151939096054600e-03	2.187761623949552e-03
29495	2.029452419611499e-03	2.041737944669530e-03
29515	1.995202672625429e-03	1.995262314968879e-03
43449	1.814299227043126e-03	1.819700858609983e-03
43454	1.569895779603980e-03	1.584893192461114e-03
44612	1.542795708828870e-03	1.548816618912481e-03
44867	1.280698833449501e-03	1.288249551693134e-03
44896	1.176347395572042e-03	1.202264434617413e-03
44908	1.090959130140901e-03	1.096478196143185e-03
44914	1.027487707392138e-03	1.047128548050900e-03
44926	9.741795565454403e-04	9.772372209558111e-04
44932	9.340068125091028e-04	9.549925860214359e-04
44938	9.026009165848947e-04	9.120108393559096e-04
44939	8.757157345776756e-04	8.912509381337459e-04
44940	8.500993934542622e-04	8.511380382023768e-04
44941	8.259494263734846e-04	8.317637711026709e-04
44942	8.098557019172725e-04	8.128305161640995e-04
44944	7.846923344669854e-04	7.943282347242813e-04
44945	7.709797195963874e-04	7.762471166286919e-04
44947	7.483820735668667e-04	7.585775750291835e-04
44948	7.400059136019044e-04	7.413102413009177e-04
44950	7.235577306866636e-04	7.244359600749898e-04
44953	7.028972182010484e-04	7.079457843841380e-04
44955	6.895599918063100e-04	6.918309709189362e-04
44958	6.734005696330536e-04	6.760829753919819e-04
44962	6.579510860391657e-04	6.606934480075957e-04
44967	6.439318150441853e-04	6.456542290346556e-04
44978	6.296030190664492e-04	6.309573444801930e-04
44986	6.150358713082893e-04	6.165950018614823e-04
44994	6.020549626526428e-04	6.025595860743575e-04
45013	5.882752018785409e-04	5.888436553555889e-04
45033	5.750855917719955e-04	5.754399373371566e-04
45067	5.621604070041863e-04	5.623413251903491e-04
45122	5.493919932610947e-04	5.495408738576248e-04
45237	5.369661408449744e-04	5.370317963702527e-04
45664	5.247989453747159e-04	5.248074602497728e-04
83832	5.011987635038517e-04	5.128613839913648e-04
109198	4.956908071624966e-04	5.011872336272725e-04
169401	4.938336816044941e-04	5.011872336272725e-04
%
% index = 592, name = bbob_f013_i17_d02__bbob_f021_i18_d02
% instance = 8, reference value = 9.311097909539420e-01
% function evaluation | indicator value | target hit
1	7.340803456892221e-01	7.413102413009175e-01
23	7.213963792319201e-01	7.244359600749900e-01
33	7.017234687956008e-01	7.079457843841379e-01
38	6.899400668473824e-01	6.918309709189365e-01
48	6.688756674302119e-01	6.760829753919817e-01
53	6.597276086773143e-01	6.606934480075960e-01
63	6.445756754996403e-01	6.456542290346555e-01
78	6.307529221099473e-01	6.309573444801932e-01
83	5.938937727755040e-01	6.025595860743578e-01
88	4.514635685117718e-01	4.570881896148750e-01
93	3.674597205805148e-01	3.715352290971726e-01
98	2.844483739075835e-01	2.884031503126606e-01
103	2.120701905060580e-01	2.137962089502232e-01
108	1.805534507813245e-01	1.819700858609984e-01
113	1.697140029825052e-01	1.698243652461744e-01
178	1.657571292185539e-01	1.659586907437560e-01
202	1.617474986612070e-01	1.621810097358930e-01
208	1.571766407192520e-01	1.584893192461113e-01
225	1.480730890576821e-01	1.513561248436208e-01
231	1.300274077091849e-01	1.318256738556407e-01
249	1.223564286982213e-01	1.230268770812381e-01
268	1.181781697657791e-01	1.202264434617413e-01
269	1.139826655514796e-01	1.148153621496883e-01
319	1.110457763602699e-01	1.122018454301964e-01
538	1.094841339960531e-01	1.096478196143185e-01
562	1.038328398913250e-01	1.047128548050900e-01
580	9.818166105396031e-02	1.000000000000000e-01
600	9.309209459921231e-02	9.332543007969910e-02
621	9.020295647748144e-02	9.120108393559097e-02
642	8.880080777276256e-02	8.912509381337455e-02
1693	8.627624276441803e-02	8.709635899560805e-02
1715	8.478991289353199e-02	8.511380382023763e-02
1725	8.278017337020527e-02	8.317637711026708e-02
1882	8.095553114064757e-02	8.128305161640990e-02
2120	5.983500649918616e-02	6.025595860743578e-02
2164	5.875117074501268e-02	5.888436553555890e-02
2173	5.750014272484727e-02	5.754399373371569e-02
2412	5.589261457186412e-02	5.623413251903491e-02
8164	5.196794216252998e-02	5.248074602497726e-02
8174	4.601542371563605e-02	4.677351412871981e-02
8746	4.544844132856429e-02	4.570881896148749e-02
8784	4.459365818914340e-02	4.466835921509630e-02
9304	4.363728598369465e-02	4.365158322401658e-02
9309	3.803028645868667e-02	3.890451449942807e-02
9314	3.107732921945205e-02	3.162277660168379e-02
9319	3.052688786454527e-02	3.090295432513590e-02
9324	3.010752224453350e-02	3.019951720402016e-02
9329	2.651123231294406e-02	2.691534803926915e-02
9334	2.558338138344385e-02	2.570395782768863e-02
9339	2.409889750731375e-02	2.454708915685030e-02
9389	2.398738594833394e-02	2.398832919019490e-02
12620	2.342917758221330e-02	2.344228815319923e-02
12853	2.289951183770944e-02	2.290867652767773e-02
13626	2.238657649418407e-02	2.238721138568340e-02
29985	2.182699453317027e-02	2.187761623949553e-02
30003	2.124355870945438e-02	2.137962089502233e-02
30022	2.071421940613216e-02	2.089296130854040e-02
30041	2.036574043692485e-02	2.041737944669529e-02
30174	1.666850364870820e-02	1.698243652461744e-02
30193	1.584053545577990e-02	1.584893192461113e-02
30212	1.548673194745220e-02	1.548816618912481e-02
30213	1.223086401976292e-02	1.230268770812382e-02
30219	1.197802119012759e-02	1.202264434617413e-02
30260	1.152029454623860e-02	1.174897554939530e-02
30261	1.094217444790435e-02	1.096478196143185e-02
30262	9.785058524887202e-03	1.000000000000000e-02
30263	8.641156771713621e-03	8.709635899560805e-03
30290	8.106758851174178e-03	8.128305161640995e-03
30470	7.911414531056371e-03	7.943282347242814e-03
30488	7.018660930755205e-03	7.079457843841380e-03
30506	6.123042688998104e-03	6.165950018614822e-03
30524	5.589140295692574e-03	5.623413251903491e-03
30542	5.364338411813496e-03	5.370317963702527e-03
31705	5.135603317324988e-03	5.248074602497728e-03
31710	5.035576678316445e-03	5.128613839913648e-03
31715	4.756131573327216e-03	4.786300923226385e-03
31720	4.529633734184246e-03	4.570881896148752e-03
31725	4.354514573185031e-03	4.365158322401661e-03
31730	4.207019551024538e-03	4.265795188015926e-03
31735	4.051846458103414e-03	4.073802778041126e-03
31740	3.894648987932126e-03	3.981071705534973e-03
31745	3.762390006459615e-03	3.801893963205613e-03
31750	3.677519519205696e-03	3.715352290971724e-03
31840	3.623163047546174e-03	3.630780547701014e-03
31960	3.457578747440238e-03	3.467368504525317e-03
32143	3.300891317181920e-03	3.311311214825911e-03
32874	3.227966664052673e-03	3.235936569296281e-03
32895	3.153881006972781e-03	3.162277660168379e-03
32920	3.019398977301524e-03	3.019951720402016e-03
32987	2.838662086835142e-03	2.884031503126605e-03
33016	2.719159413163474e-03	2.754228703338166e-03
33066	2.591321437747762e-03	2.630267991895381e-03
33830	2.459669982397439e-03	2.511886431509579e-03
33842	2.391625554869492e-03	2.398832919019490e-03
33873	2.290298001549007e-03	2.290867652767772e-03
33879	2.225190807273902e-03	2.238721138568340e-03
33885	2.151834944684627e-03	2.187761623949552e-03
33891	2.104944131886222e-03	2.137962089502233e-03
33898	2.044469832726770e-03	2.089296130854039e-03
33899	2.040877675594688e-03	2.041737944669530e-03
33900	1.978521811975109e-03	1.995262314968879e-03
33961	1.947573808866454e-03	1.949844599758046e-03
33990	1.891647652248696e-03	1.905460717963246e-03
33991	1.858093905373392e-03	1.862087136662868e-03
33998	1.810172765095097e-03	1.819700858609983e-03
34000	1.773392868556267e-03	1.778279410038923e-03
34002	1.737788860255218e-03	1.737800828749376e-03
34010	1.688572206309913e-03	1.698243652461744e-03
34018	1.656563207340311e-03	1.659586907437561e-03
34021	1.620605327840141e-03	1.621810097358930e-03
34026	1.568307683914250e-03	1.584893192461114e-03
34093	1.544720450199599e-03	1.548816618912481e-03
34307	1.512203193095973e-03	1.513561248436209e-03
34312	1.474825822618930e-03	1.479108388168207e-03
34415	1.443051937949025e-03	1.445439770745928e-03
34422	1.410764609778070e-03	1.412537544622754e-03
34527	1.378580680884589e-03	1.380384264602885e-03
34568	1.346407371335401e-03	1.348962882591653e-03
34768	1.316861231481004e-03	1.318256738556408e-03
34841	1.287500362010197e-03	1.288249551693134e-03
35049	1.257489374257070e-03	1.258925411794167e-03
35233	1.229668998057765e-03	1.230268770812381e-03
35345	1.201203104281179e-03	1.202264434617413e-03
35526	1.174321605939999e-03	1.174897554939529e-03
36020	1.148119852094731e-03	1.148153621496883e-03
36433	1.121819107422928e-03	1.122018454301963e-03
36839	1.096425949665747e-03	1.096478196143185e-03
37422	1.071434376414659e-03	1.071519305237606e-03
38443	1.047117845140555e-03	1.047128548050900e-03
41910	1.023290012914568e-03	1.023292992280754e-03
77751	9.885669687037524e-04	1.000000000000000e-03
77801	9.760018471930421e-04	9.772372209558111e-04
105676	9.544318806830043e-04	9.549925860214359e-04
123851	8.381233779802821e-04	8.511380382023768e-04
123862	8.254282048761885e-04	8.317637711026709e-04
123863	8.127317208056484e-04	8.128305161640995e-04
123864	7.873348241005385e-04	7.943282347242813e-04
123865	7.365253524295179e-04	7.413102413009177e-04
123866	6.348439751794333e-04	6.456542290346556e-04
123867	5.864949174194667e-04	5.888436553555889e-04
123883	5.260155284567691e-04	5.370317963702527e-04
123915	5.239374759267168e-04	5.248074602497728e-04
124349	5.128551841321327e-04	5.128613839913648e-04
183341	5.006064951577072e-04	5.011872336272725e-04
199999	5.006060838463888e-04	5.011872336272725e-04
%
% index = 593, name = bbob_f013_i19_d02__bbob_f021_i21_d02
% instance = 9, reference value = 9.297761531081440e-01
% function evaluation | indicator value | target hit
1	8.786575539515825e-01	8.912509381337456e-01
20	8.664295550507041e-01	8.709635899560807e-01
22	8.279381825934237e-01	8.317637711026710e-01
23	7.645585653933749e-01	7.762471166286917e-01
28	6.886213840598965e-01	6.918309709189365e-01
33	6.135136812438862e-01	6.165950018614822e-01
53	6.019609490254099e-01	6.025595860743578e-01
202	5.858150822704812e-01	5.888436553555889e-01
220	5.744177841925435e-01	5.754399373371569e-01
239	5.599892991679607e-01	5.623413251903491e-01
260	5.473136191475746e-01	5.495408738576245e-01
281	5.367151576532363e-01	5.370317963702527e-01
302	5.053791393028457e-01	5.128613839913648e-01
322	3.707180775339297e-01	3.715352290971726e-01
408	3.281658560467399e-01	3.311311214825911e-01
413	2.743406412071848e-01	2.754228703338166e-01
418	2.581435957802370e-01	2.630267991895382e-01
423	2.231147697401910e-01	2.238721138568339e-01
428	1.923857082732104e-01	1.949844599758045e-01
433	1.691711523109994e-01	1.698243652461744e-01
438	1.413459935239828e-01	1.445439770745928e-01
443	1.296624170747257e-01	1.318256738556407e-01
448	1.187563799991838e-01	1.202264434617413e-01
453	1.124303011767693e-01	1.148153621496883e-01
458	8.781249238028155e-02	8.912509381337455e-02
463	8.296241492540268e-02	8.317637711026708e-02
468	7.375703002393930e-02	7.413102413009177e-02
473	7.138560498918856e-02	7.244359600749903e-02
1050	7.079391852266959e-02	7.079457843841380e-02
1052	6.869995155173969e-02	6.918309709189366e-02
1424	6.727048276926095e-02	6.760829753919818e-02
1446	6.424788880281385e-02	6.456542290346556e-02
1939	6.007444206762602e-02	6.025595860743578e-02
1944	4.292495657419282e-02	4.365158322401658e-02
1959	4.247838258166570e-02	4.265795188015926e-02
4131	2.857092589609056e-02	2.884031503126606e-02
4136	2.273622195359082e-02	2.290867652767773e-02
4971	2.235271586416532e-02	2.238721138568340e-02
5207	2.183500281567863e-02	2.187761623949553e-02
5219	2.099176407584802e-02	2.137962089502233e-02
5238	1.976664019369923e-02	1.995262314968880e-02
5258	1.896418932826915e-02	1.905460717963247e-02
12626	1.858648500019122e-02	1.862087136662868e-02
30679	1.556970488689857e-02	1.584893192461113e-02
30698	1.541690012764163e-02	1.548816618912481e-02
30700	1.444036770430213e-02	1.445439770745927e-02
30701	1.157377275328997e-02	1.174897554939530e-02
30706	9.521085091806492e-03	9.549925860214359e-03
30738	9.190128588331570e-03	9.332543007969915e-03
31081	9.022316537123265e-03	9.120108393559097e-03
31086	8.543232106191789e-03	8.709635899560805e-03
31091	7.146074874310182e-03	7.244359600749898e-03
31096	6.301710185896092e-03	6.309573444801930e-03
31218	6.097044617728642e-03	6.165950018614822e-03
31224	5.940827843541774e-03	6.025595860743574e-03
31241	5.638890497934868e-03	5.754399373371567e-03
31247	5.100615569595623e-03	5.128613839913648e-03
31265	4.421544865616855e-03	4.466835921509630e-03
31286	3.818717536962946e-03	3.890451449942805e-03
31307	3.754663720336837e-03	3.801893963205613e-03
32204	3.709029857949298e-03	3.715352290971724e-03
32234	3.563594350358912e-03	3.630780547701014e-03
32240	3.394694103012852e-03	3.467368504525317e-03
32252	3.023064926261143e-03	3.090295432513592e-03
32271	2.246871229506175e-03	2.290867652767772e-03
32292	1.766319467049082e-03	1.778279410038923e-03
32314	1.612065534621121e-03	1.621810097358930e-03
32336	1.558953975876687e-03	1.584893192461114e-03
36392	1.352391076429815e-03	1.380384264602885e-03
36411	1.250190242269134e-03	1.258925411794167e-03
36446	1.209214636355815e-03	1.230268770812381e-03
36465	1.148868999521047e-03	1.174897554939529e-03
36482	1.124740600919161e-03	1.148153621496883e-03
36499	1.094588537894681e-03	1.096478196143185e-03
36517	1.066020109591559e-03	1.071519305237606e-03
36535	1.041239313581688e-03	1.047128548050900e-03
36547	1.015987387412154e-03	1.023292992280754e-03
36560	9.933881613173323e-04	1.000000000000000e-03
36577	9.751193540366021e-04	9.772372209558111e-04
36590	9.438546168798467e-04	9.549925860214359e-04
36631	9.248997984236951e-04	9.332543007969915e-04
36633	9.078513133098376e-04	9.120108393559096e-04
36674	8.875770608151035e-04	8.912509381337459e-04
36688	8.683488875964596e-04	8.709635899560805e-04
36723	8.475742909768158e-04	8.511380382023768e-04
36733	8.275031155413615e-04	8.317637711026709e-04
36748	8.126956496711246e-04	8.128305161640995e-04
36782	7.941899706030986e-04	7.943282347242813e-04
36792	7.757212000045755e-04	7.762471166286919e-04
36831	7.580941239140326e-04	7.585775750291835e-04
36852	7.406478545094464e-04	7.413102413009177e-04
36922	7.241633758203747e-04	7.244359600749898e-04
36976	7.078226055780013e-04	7.079457843841380e-04
37121	6.918115529875868e-04	6.918309709189362e-04
37462	6.760767821467617e-04	6.760829753919819e-04
44146	5.660116890391365e-04	5.754399373371566e-04
44315	5.604825851465156e-04	5.623413251903491e-04
44316	5.084017178873523e-04	5.128613839913648e-04
44374	4.994766676170714e-04	5.011872336272725e-04
85975	4.636889935968336e-04	4.677351412871981e-04
126112	4.547035290605184e-04	4.570881896148752e-04
131106	4.464900598502020e-04	4.466835921509630e-04
190019	4.362536903953496e-04	4.365158322401661e-04
193836	4.358316280811403e-04	4.365158322401661e-04
%
% index = 594, name = bbob_f013_i21_d02__bbob_f021_i22_d02
% instance = 10, reference value = 9.788378634878930e-01
% function evaluation | indicator value | target hit
1	2.974666978791033e+00	3.019951720402016e+00
20	2.943524856898965e+00	2.951209226666386e+00
22	2.864741471302807e+00	2.884031503126606e+00
23	2.792523115332931e+00	2.818382931264454e+00
28	2.752757294579393e+00	2.754228703338166e+00
43	2.237452193997393e+00	2.238721138568339e+00
48	1.368071437581393e+00	1.380384264602885e+00
53	8.262988459384402e-01	8.317637711026710e-01
63	7.376547179377444e-01	7.413102413009175e-01
68	6.883313488790180e-01	6.918309709189365e-01
73	5.597938963101577e-01	5.623413251903491e-01
78	5.481871324745781e-01	5.495408738576245e-01
83	5.016175724278121e-01	5.128613839913648e-01
88	4.821843387428449e-01	4.897788193684462e-01
98	4.760650634875655e-01	4.786300923226383e-01
385	4.673989095688895e-01	4.677351412871982e-01
2069	4.502132536401476e-01	4.570881896148750e-01
2439	4.447170905737804e-01	4.466835921509631e-01
7257	4.223147328308762e-01	4.265795188015927e-01
10275	4.136492720363796e-01	4.168693834703354e-01
10291	4.048479657484175e-01	4.073802778041127e-01
10296	3.929836786848463e-01	3.981071705534972e-01
10312	3.873135834375186e-01	3.890451449942806e-01
10317	3.769828667591975e-01	3.801893963205612e-01
10338	3.703604092601002e-01	3.715352290971726e-01
11102	3.629110439587220e-01	3.630780547701014e-01
12732	3.448280677480270e-01	3.467368504525316e-01
12762	2.698219477662894e-01	2.754228703338166e-01
12843	2.689359496656248e-01	2.691534803926916e-01
12959	2.628479966381116e-01	2.630267991895382e-01
12979	2.558178432238125e-01	2.570395782768864e-01
12985	2.416850009445709e-01	2.454708915685030e-01
12991	2.126738522547115e-01	2.137962089502232e-01
13003	1.526891177589591e-01	1.548816618912481e-01
13049	6.263471391527653e-02	6.309573444801933e-02
13071	3.956960276525645e-02	3.981071705534973e-02
13120	3.889978852449716e-02	3.890451449942807e-02
17048	3.715654217319375e-02	3.801893963205612e-02
17049	2.278111954259998e-02	2.290867652767773e-02
17066	2.234142460626398e-02	2.238721138568340e-02
17112	1.737552817778210e-02	1.737800828749375e-02
17113	9.500716864304093e-03	9.549925860214359e-03
17170	8.925472379853083e-03	9.120108393559097e-03
17176	8.859503163861082e-03	8.912509381337459e-03
17181	8.676338423819541e-03	8.709635899560805e-03
17202	8.189630529866876e-03	8.317637711026709e-03
18891	8.078743328304716e-03	8.128305161640995e-03
18972	7.942890643900302e-03	7.943282347242814e-03
21516	7.294913991316543e-03	7.413102413009177e-03
21529	7.235051500667833e-03	7.244359600749898e-03
21531	7.054581382564540e-03	7.079457843841380e-03
21532	6.819926013393651e-03	6.918309709189363e-03
39776	6.498925525043830e-03	6.606934480075957e-03
63848	3.867678679247311e-03	3.890451449942805e-03
145104	3.666722046473225e-03	3.715352290971724e-03
181568	3.416287063333634e-03	3.467368504525317e-03
181581	3.337393519221243e-03	3.388441561392024e-03
181586	2.955249155294770e-03	3.019951720402016e-03
181615	2.734506087578747e-03	2.754228703338166e-03
181633	2.634584809826146e-03	2.691534803926917e-03
181649	2.454207940832065e-03	2.454708915685031e-03
181684	2.374767289847313e-03	2.398832919019490e-03
191086	2.369823102192359e-03	2.398832919019490e-03
