%
% index = 3060, name = bbob_f013_i02_d10__bbob_f021_i04_d10
% instance = 1, reference value = 7.284738692570680e-01
% function evaluation | indicator value | target hit
1	9.370914185895680e-01	9.549925860214360e-01
38	9.318652571220680e-01	9.332543007969910e-01
61	9.019652218645680e-01	9.120108393559098e-01
82	8.783542848680681e-01	8.912509381337456e-01
103	8.558351639180679e-01	8.709635899560807e-01
124	8.344178707005681e-01	8.511380382023764e-01
145	8.141052269660680e-01	8.317637711026710e-01
166	7.948942286520679e-01	8.128305161640993e-01
187	7.767777228525681e-01	7.943282347242815e-01
208	7.597462409565681e-01	7.762471166286917e-01
229	7.437897064845680e-01	7.585775750291838e-01
250	7.288989551780680e-01	7.413102413009175e-01
292	7.213399011332484e-01	7.244359600749900e-01
376	7.049744073916150e-01	7.079457843841379e-01
481	6.908473979953997e-01	6.918309709189365e-01
2173	6.736838367660710e-01	6.760829753919817e-01
2727	6.586533680004503e-01	6.606934480075960e-01
4090	6.449856660114992e-01	6.456542290346555e-01
6814	6.294030233653201e-01	6.309573444801932e-01
6856	6.159655699722140e-01	6.165950018614822e-01
6898	5.980029388737973e-01	6.025595860743578e-01
6919	5.867903172675683e-01	5.888436553555889e-01
6940	5.739507978896783e-01	5.754399373371569e-01
6961	5.595612629284954e-01	5.623413251903491e-01
6982	5.441759999431068e-01	5.495408738576245e-01
7003	5.285526318553382e-01	5.370317963702527e-01
7024	5.132134466751059e-01	5.248074602497725e-01
7045	4.995894453335878e-01	5.011872336272722e-01
7066	4.883836938652926e-01	4.897788193684462e-01
7108	4.745389289946488e-01	4.786300923226383e-01
8597	4.677095914733351e-01	4.677351412871982e-01
15279	4.562005373003400e-01	4.570881896148750e-01
16415	4.465566039974951e-01	4.466835921509631e-01
32983	4.337796885319110e-01	4.365158322401660e-01
33138	4.238971084231951e-01	4.265795188015927e-01
33337	4.034640681343388e-01	4.073802778041127e-01
33580	3.611709264358056e-01	3.630780547701014e-01
33909	2.960894260324753e-01	3.019951720402016e-01
34176	2.411573003641732e-01	2.454708915685030e-01
34507	2.007130856511948e-01	2.041737944669530e-01
34775	1.691177931248469e-01	1.698243652461744e-01
35021	1.398355224315465e-01	1.412537544622754e-01
35288	1.133275641026439e-01	1.148153621496883e-01
35535	9.430990190261468e-02	9.549925860214359e-02
35782	8.373010555914751e-02	8.511380382023763e-02
36049	7.817027463224391e-02	7.943282347242814e-02
36316	7.432953589187097e-02	7.585775750291836e-02
36585	7.138227118081197e-02	7.244359600749903e-02
36852	6.985849166729041e-02	7.079457843841380e-02
64414	6.755503250746631e-02	6.760829753919818e-02
68125	6.574031622274701e-02	6.606934480075961e-02
191172	6.330767781645774e-02	6.456542290346556e-02
191670	5.791885404539943e-02	5.888436553555890e-02
192147	5.694235028506367e-02	5.754399373371569e-02
192582	5.470085256132085e-02	5.495408738576246e-02
212222	5.216889517067302e-02	5.248074602497726e-02
212425	5.036780644726635e-02	5.128613839913648e-02
212607	4.991083699638543e-02	5.011872336272722e-02
361621	4.885997063040481e-02	4.897788193684462e-02
364536	4.764587850492519e-02	4.786300923226382e-02
366535	4.663292504270145e-02	4.677351412871981e-02
368611	4.562356288656433e-02	4.570881896148749e-02
374601	4.456317079712102e-02	4.466835921509630e-02
383047	4.362629577536836e-02	4.365158322401658e-02
388815	4.264903426636335e-02	4.265795188015926e-02
394383	4.166823296498456e-02	4.168693834703355e-02
413194	4.073418072440504e-02	4.073802778041128e-02
430652	3.980349292329355e-02	3.981071705534973e-02
480375	3.890336164203001e-02	3.890451449942807e-02
790328	3.656480393305994e-02	3.715352290971726e-02
790932	3.494266232611398e-02	3.548133892335755e-02
791852	3.421435910989779e-02	3.467368504525317e-02
866929	3.379300901788163e-02	3.388441561392026e-02
867013	3.300890610148044e-02	3.311311214825911e-02
867265	3.231351839769725e-02	3.235936569296283e-02
888445	3.155776659526810e-02	3.162277660168379e-02
898575	3.088127958702291e-02	3.090295432513590e-02
899398	3.012638753296271e-02	3.019951720402016e-02
900290	2.947660966779841e-02	2.951209226666385e-02
999999	2.923313445080666e-02	2.951209226666385e-02
%
% index = 3061, name = bbob_f013_i03_d10__bbob_f021_i05_d10
% instance = 2, reference value = 7.445410869977190e-01
% function evaluation | indicator value | target hit
1	1.283064226137289e+00	1.288249551693134e+00
40	1.251894086382841e+00	1.258925411794167e+00
61	1.230188548364719e+00	1.230268770812382e+00
82	1.193573189128219e+00	1.202264434617413e+00
103	1.157453760379719e+00	1.174897554939530e+00
124	1.121880970965719e+00	1.122018454301963e+00
145	1.086913302825219e+00	1.096478196143185e+00
166	1.052616971117219e+00	1.071519305237606e+00
187	1.019065383944719e+00	1.023292992280754e+00
208	9.863378678722191e-01	1.000000000000000e+00
229	9.545179156027189e-01	9.549925860214360e-01
250	9.236908943057190e-01	9.332543007969910e-01
271	8.939416963757191e-01	9.120108393559098e-01
292	8.653523814192191e-01	8.709635899560807e-01
313	8.380001493262189e-01	8.511380382023764e-01
334	8.119557816982189e-01	8.128305161640993e-01
355	7.872823096632190e-01	7.943282347242815e-01
376	7.640340147402190e-01	7.762471166286917e-01
397	7.439098063370400e-01	7.585775750291838e-01
418	7.376948690643763e-01	7.413102413009175e-01
460	7.234656061034165e-01	7.244359600749900e-01
523	7.002946470957485e-01	7.079457843841379e-01
565	6.863872212125960e-01	6.918309709189365e-01
607	6.757145096040136e-01	6.760829753919817e-01
2418	6.580607712074013e-01	6.606934480075960e-01
2925	6.369971016814797e-01	6.456542290346555e-01
3297	6.267702248581895e-01	6.309573444801932e-01
4000	6.099923448292357e-01	6.165950018614822e-01
4039	6.013968747829793e-01	6.025595860743578e-01
5834	5.828547440835050e-01	5.888436553555889e-01
5855	5.651455460342190e-01	5.754399373371569e-01
5876	5.471641816710258e-01	5.495408738576245e-01
5897	5.305365158040821e-01	5.370317963702527e-01
5918	5.155596266535168e-01	5.248074602497725e-01
5939	5.016105295063207e-01	5.128613839913648e-01
5960	4.917662802402678e-01	5.011872336272722e-01
5981	4.853498692194684e-01	4.897788193684462e-01
8081	4.758599316210319e-01	4.786300923226383e-01
21224	4.640387353082901e-01	4.677351412871982e-01
21509	4.556463816815815e-01	4.570881896148750e-01
21859	4.456013290476600e-01	4.466835921509631e-01
22645	4.322426483514822e-01	4.365158322401660e-01
23430	4.240790969000353e-01	4.265795188015927e-01
25480	4.166404060774011e-01	4.168693834703354e-01
27779	4.044154732004602e-01	4.073802778041127e-01
27821	3.963590502695649e-01	3.981071705534972e-01
27884	3.868673929651497e-01	3.890451449942806e-01
29298	3.783268830142341e-01	3.801893963205612e-01
29820	3.653864515636973e-01	3.715352290971726e-01
30148	3.509555949045525e-01	3.548133892335755e-01
30520	3.334932441051019e-01	3.388441561392025e-01
30852	3.199510608490401e-01	3.235936569296283e-01
31184	3.088370217511383e-01	3.090295432513591e-01
31453	3.001501051123972e-01	3.019951720402016e-01
31742	2.942232960388326e-01	2.951209226666385e-01
32629	2.881068886902437e-01	2.884031503126606e-01
37940	2.798987660523619e-01	2.818382931264454e-01
83706	2.745653772302127e-01	2.754228703338166e-01
84354	2.678661316047757e-01	2.691534803926916e-01
84786	2.572082887457295e-01	2.630267991895382e-01
85347	2.376873497070469e-01	2.398832919019490e-01
85783	2.164079350529171e-01	2.187761623949552e-01
86325	1.975728678200586e-01	1.995262314968880e-01
86762	1.830107496141874e-01	1.862087136662867e-01
87178	1.722135546111180e-01	1.737800828749375e-01
87614	1.643205100437040e-01	1.659586907437560e-01
88029	1.586379662219424e-01	1.621810097358930e-01
88423	1.540268699479675e-01	1.548816618912481e-01
88838	1.503585976596566e-01	1.513561248436208e-01
89232	1.473583973642720e-01	1.479108388168208e-01
90230	1.430064405623340e-01	1.445439770745928e-01
91226	1.410210313481554e-01	1.412537544622754e-01
173930	1.368792304855826e-01	1.380384264602885e-01
174282	1.322680152969561e-01	1.348962882591654e-01
174550	1.242686450936034e-01	1.258925411794167e-01
174818	1.149268499999047e-01	1.174897554939529e-01
175086	1.084335530449588e-01	1.096478196143185e-01
175354	1.014769241618513e-01	1.023292992280754e-01
175622	9.409755920901619e-02	9.549925860214359e-02
175889	8.959998942426262e-02	9.120108393559097e-02
176198	8.780187307022014e-02	8.912509381337455e-02
290897	8.704346156106479e-02	8.709635899560805e-02
300130	8.463679481450814e-02	8.511380382023763e-02
301750	8.278383460848326e-02	8.317637711026708e-02
307350	8.115115933620975e-02	8.128305161640990e-02
313512	7.937647906327772e-02	7.943282347242814e-02
326850	7.759918827434520e-02	7.762471166286916e-02
351131	7.585444214451564e-02	7.585775750291836e-02
473448	7.413083096551210e-02	7.413102413009177e-02
1000000	7.376641451518196e-02	7.413102413009177e-02
%
% index = 3062, name = bbob_f013_i07_d10__bbob_f021_i08_d10
% instance = 3, reference value = 7.296870619123970e-01
% function evaluation | indicator value | target hit
1	1.850390230722897e+00	1.862087136662868e+00
40	1.816088887783397e+00	1.819700858609983e+00
82	1.752306805705397e+00	1.778279410038923e+00
103	1.713410262867897e+00	1.737800828749375e+00
124	1.675635572401897e+00	1.698243652461744e+00
145	1.639071695058397e+00	1.659586907437561e+00
166	1.603817958421397e+00	1.621810097358930e+00
187	1.569984196885897e+00	1.584893192461114e+00
208	1.537690113853397e+00	1.548816618912481e+00
229	1.507063441911397e+00	1.513561248436208e+00
250	1.478236471058897e+00	1.479108388168207e+00
292	1.426498611633897e+00	1.445439770745927e+00
313	1.403816337085897e+00	1.412537544622754e+00
355	1.365220891786897e+00	1.380384264602885e+00
397	1.335839249367897e+00	1.348962882591654e+00
439	1.315628017860897e+00	1.318256738556407e+00
2324	1.287146432633897e+00	1.288249551693134e+00
2892	1.245347575943397e+00	1.258925411794167e+00
3242	1.202289323725897e+00	1.230268770812382e+00
3634	1.159080098564897e+00	1.174897554939530e+00
4028	1.115668845717897e+00	1.122018454301963e+00
4401	1.072095073626897e+00	1.096478196143185e+00
4795	1.028394646212897e+00	1.047128548050900e+00
5126	9.846013588603970e-01	1.000000000000000e+00
5519	9.407456926843969e-01	9.549925860214360e-01
5849	8.968580910613970e-01	9.120108393559098e-01
6263	8.529661351453970e-01	8.709635899560807e-01
6299	8.495682516648970e-01	8.511380382023764e-01
6302	8.261400673153969e-01	8.317637711026710e-01
6323	8.078340161728970e-01	8.128305161640993e-01
6732	7.866181905903968e-01	7.943282347242815e-01
7656	7.679664339273968e-01	7.762471166286917e-01
7677	7.409871118698970e-01	7.413102413009175e-01
7719	7.143490983492092e-01	7.244359600749900e-01
7740	7.033171843314535e-01	7.079457843841379e-01
7782	6.811341845580596e-01	6.918309709189365e-01
7803	6.711856155203660e-01	6.760829753919817e-01
7845	6.557947758557521e-01	6.606934480075960e-01
16346	6.446023098877164e-01	6.456542290346555e-01
16703	6.306322816759610e-01	6.309573444801932e-01
17042	5.998738899910551e-01	6.025595860743578e-01
17246	5.865134921260635e-01	5.888436553555889e-01
17588	5.754118582128404e-01	5.754399373371569e-01
18003	5.597311755353325e-01	5.623413251903491e-01
19479	5.410769161821276e-01	5.495408738576245e-01
19500	5.320648343781844e-01	5.370317963702527e-01
19521	5.245603444463148e-01	5.248074602497725e-01
20166	5.127133853687530e-01	5.128613839913648e-01
23702	5.008350902084756e-01	5.011872336272722e-01
24304	4.829275212039069e-01	4.897788193684462e-01
24528	4.722652162665795e-01	4.786300923226383e-01
24774	4.637080425839815e-01	4.677351412871982e-01
25042	4.566798952470716e-01	4.570881896148750e-01
25620	4.458846784329143e-01	4.466835921509631e-01
25968	4.352775586173717e-01	4.365158322401660e-01
27966	4.248442788037293e-01	4.265795188015927e-01
28218	4.168612610544439e-01	4.168693834703354e-01
29326	4.035043262396458e-01	4.073802778041127e-01
29505	3.917191556511461e-01	3.981071705534972e-01
29686	3.767421406826392e-01	3.801893963205612e-01
29869	3.641435518615422e-01	3.715352290971726e-01
30094	3.534958417478556e-01	3.548133892335755e-01
30298	3.435266132505526e-01	3.467368504525316e-01
30522	3.359829447221542e-01	3.388441561392025e-01
30844	3.306615554926515e-01	3.311311214825911e-01
34061	3.200500741717727e-01	3.235936569296283e-01
35035	3.145707400260084e-01	3.162277660168379e-01
39691	3.085000510477076e-01	3.090295432513591e-01
40413	2.922838783198564e-01	2.951209226666385e-01
40763	2.721939848040988e-01	2.754228703338166e-01
41156	2.480343655447721e-01	2.511886431509580e-01
41529	2.220099244275108e-01	2.238721138568339e-01
41860	1.989503950921604e-01	1.995262314968880e-01
42212	1.805278283477699e-01	1.819700858609984e-01
42564	1.624956174701149e-01	1.659586907437560e-01
42853	1.430624273842191e-01	1.445439770745928e-01
43163	1.284245016941353e-01	1.288249551693134e-01
43452	1.202665166312091e-01	1.230268770812381e-01
43741	1.089562044727812e-01	1.096478196143185e-01
44030	9.862396178546784e-02	1.000000000000000e-01
44340	9.584083362306206e-02	9.772372209558107e-02
44734	9.516109917194093e-02	9.549925860214359e-02
45375	9.331274380644339e-02	9.332543007969910e-02
49355	9.033338201445473e-02	9.120108393559097e-02
50252	8.770143936245289e-02	8.912509381337455e-02
54771	8.697003125906000e-02	8.709635899560805e-02
231700	8.501524135953198e-02	8.511380382023763e-02
304756	8.258317302466356e-02	8.317637711026708e-02
304777	7.844093345909997e-02	7.943282347242814e-02
304798	7.406427941879656e-02	7.413102413009177e-02
304819	7.014699714242123e-02	7.079457843841380e-02
304840	6.659544234145920e-02	6.760829753919818e-02
304861	6.363467325243932e-02	6.456542290346556e-02
304882	6.148344719774346e-02	6.165950018614822e-02
304903	6.016202633156487e-02	6.025595860743578e-02
304966	5.590817507345414e-02	5.623413251903491e-02
313658	5.487432268241277e-02	5.495408738576246e-02
314243	5.244856206140092e-02	5.248074602497726e-02
314612	4.946283391858985e-02	5.011872336272722e-02
314983	4.504116008378867e-02	4.570881896148749e-02
315566	4.109482847840384e-02	4.168693834703355e-02
316129	3.897835217134782e-02	3.981071705534973e-02
316797	3.779763590369123e-02	3.801893963205612e-02
318259	3.592912622138433e-02	3.630780547701014e-02
319934	3.548055613331158e-02	3.548133892335755e-02
335145	3.220635243511849e-02	3.235936569296283e-02
335557	2.735718892593786e-02	2.754228703338166e-02
336097	2.267464224003790e-02	2.290867652767773e-02
336869	1.969342683862219e-02	1.995262314968880e-02
337472	1.827908075352302e-02	1.862087136662868e-02
338351	1.727802333284079e-02	1.737800828749375e-02
444000	1.651901918043996e-02	1.659586907437561e-02
444519	1.599045547762035e-02	1.621810097358930e-02
444996	1.540999112530295e-02	1.548816618912481e-02
445555	1.495777744849891e-02	1.513561248436208e-02
446043	1.455317756963104e-02	1.479108388168207e-02
446562	1.412922377303727e-02	1.445439770745927e-02
447059	1.373482495582468e-02	1.380384264602885e-02
447724	1.337075500502083e-02	1.348962882591653e-02
448577	1.301155020406652e-02	1.318256738556407e-02
448948	1.262039358204625e-02	1.288249551693134e-02
449192	1.229591283767262e-02	1.230268770812382e-02
449879	1.199789959287589e-02	1.202264434617413e-02
450290	1.172091719795110e-02	1.174897554939530e-02
451712	1.121445046431302e-02	1.122018454301964e-02
453182	1.080228887575962e-02	1.096478196143185e-02
453594	1.060232209820322e-02	1.071519305237606e-02
453859	1.043207421586612e-02	1.047128548050900e-02
454746	1.013162233396092e-02	1.023292992280754e-02
455526	9.876835255007488e-03	1.000000000000000e-02
456854	9.768899280900190e-03	9.772372209558112e-03
457529	9.543160876544277e-03	9.549925860214359e-03
459023	9.240325686983963e-03	9.332543007969915e-03
460139	9.039387631158857e-03	9.120108393559097e-03
461002	8.848362538795507e-03	8.912509381337459e-03
461886	8.668463474952093e-03	8.709635899560805e-03
462561	8.490118955969406e-03	8.511380382023767e-03
463603	8.235201092559263e-03	8.317637711026709e-03
464344	8.083852188167984e-03	8.128305161640995e-03
464870	7.930920663838603e-03	7.943282347242814e-03
465700	7.724712917307253e-03	7.762471166286920e-03
467510	7.548747513165699e-03	7.585775750291836e-03
469557	7.390413007606678e-03	7.413102413009177e-03
470304	7.240421811264719e-03	7.244359600749898e-03
471715	7.071988066686963e-03	7.079457843841380e-03
474432	6.890489852939052e-03	6.918309709189363e-03
477099	6.746097205801105e-03	6.760829753919818e-03
478711	6.602360700261989e-03	6.606934480075957e-03
480935	6.442043078145221e-03	6.456542290346556e-03
483705	6.297841274953919e-03	6.309573444801930e-03
486094	6.160977521950994e-03	6.165950018614822e-03
488055	6.012688081460382e-03	6.025595860743574e-03
490246	5.883852508972054e-03	5.888436553555890e-03
492356	5.740547157218945e-03	5.754399373371567e-03
495541	5.618509933237981e-03	5.623413251903491e-03
498702	5.484945238330208e-03	5.495408738576248e-03
501450	5.362210355652319e-03	5.370317963702527e-03
505373	5.243660560780294e-03	5.248074602497728e-03
509570	5.128600305488562e-03	5.128613839913648e-03
515273	5.009090021418694e-03	5.011872336272725e-03
521309	4.893393051806916e-03	4.897788193684461e-03
525681	4.785349941173411e-03	4.786300923226385e-03
531454	4.675006558762407e-03	4.677351412871981e-03
539506	4.570065663224376e-03	4.570881896148752e-03
546939	4.464568950847569e-03	4.466835921509630e-03
557115	4.363564961027744e-03	4.365158322401661e-03
570066	4.265384043681597e-03	4.265795188015926e-03
584677	4.168440645970772e-03	4.168693834703355e-03
601941	4.072975481257957e-03	4.073802778041126e-03
620832	3.980702962584903e-03	3.981071705534973e-03
645221	3.890136090160978e-03	3.890451449942805e-03
678330	3.801822216136452e-03	3.801893963205613e-03
727302	3.715343622993195e-03	3.715352290971724e-03
785084	3.630772011007921e-03	3.630780547701014e-03
1000000	3.572752993530104e-03	3.630780547701014e-03
%
% index = 3063, name = bbob_f013_i09_d10__bbob_f021_i10_d10
% instance = 4, reference value = 7.078555294636830e-01
% function evaluation | indicator value | target hit
1	8.818609566706830e-01	8.912509381337456e-01
39	8.692445448716830e-01	8.709635899560807e-01
61	8.390538683606830e-01	8.511380382023764e-01
82	8.093480801771831e-01	8.128305161640993e-01
103	7.801612623181831e-01	7.943282347242815e-01
124	7.515313874636831e-01	7.585775750291838e-01
145	7.235009108521830e-01	7.244359600749900e-01
166	7.056198522593909e-01	7.079457843841379e-01
229	6.826841218398982e-01	6.918309709189365e-01
250	6.711432747406484e-01	6.760829753919817e-01
271	6.573610840633802e-01	6.606934480075960e-01
292	6.416001184113860e-01	6.456542290346555e-01
313	6.244565557059378e-01	6.309573444801932e-01
334	6.067404357448788e-01	6.165950018614822e-01
355	5.893061888246255e-01	6.025595860743578e-01
376	5.729132356356050e-01	5.754399373371569e-01
397	5.581597539820176e-01	5.623413251903491e-01
418	5.454835680115964e-01	5.495408738576245e-01
439	5.351964985242065e-01	5.370317963702527e-01
481	5.225786197384363e-01	5.248074602497725e-01
1460	5.128091918039985e-01	5.128613839913648e-01
1816	4.925942659616619e-01	5.011872336272722e-01
2039	4.750865534004878e-01	4.786300923226383e-01
2243	4.605129290282508e-01	4.677351412871982e-01
2510	4.486673174283303e-01	4.570881896148750e-01
2777	4.391005358315537e-01	4.466835921509631e-01
3065	4.312971126343102e-01	4.365158322401660e-01
3333	4.248149690329719e-01	4.265795188015927e-01
4119	4.146984468055508e-01	4.168693834703354e-01
5235	4.049029095097201e-01	4.073802778041127e-01
6954	3.954324993192799e-01	3.981071705534972e-01
6996	3.887676296406294e-01	3.890451449942806e-01
7185	3.795737438897714e-01	3.801893963205612e-01
8587	3.713495925289635e-01	3.715352290971726e-01
8968	3.583157484786105e-01	3.630780547701014e-01
9213	3.532790677991295e-01	3.548133892335755e-01
9928	3.465356934374710e-01	3.467368504525316e-01
15343	3.378081336302661e-01	3.388441561392025e-01
28555	3.304904552488125e-01	3.311311214825911e-01
29701	3.214926973956248e-01	3.235936569296283e-01
30094	3.156681309284597e-01	3.162277660168379e-01
30508	3.088072511432340e-01	3.090295432513591e-01
30943	3.008556663126520e-01	3.019951720402016e-01
31420	2.912592250509991e-01	2.951209226666385e-01
31939	2.806813600845754e-01	2.818382931264454e-01
32374	2.696944931320188e-01	2.754228703338166e-01
32914	2.580033939578511e-01	2.630267991895382e-01
33412	2.469649174872367e-01	2.511886431509580e-01
33825	2.370990753124778e-01	2.398832919019490e-01
34301	2.284605997103097e-01	2.290867652767773e-01
34777	2.214064616387419e-01	2.238721138568339e-01
35275	2.155043113483981e-01	2.187761623949552e-01
35731	2.103021965525209e-01	2.137962089502232e-01
36229	2.055185984411632e-01	2.089296130854039e-01
36705	2.011518734207335e-01	2.041737944669530e-01
37223	1.969849375275505e-01	1.995262314968880e-01
37636	1.928263320064965e-01	1.949844599758045e-01
38113	1.886585115452771e-01	1.905460717963247e-01
38569	1.847310093888277e-01	1.862087136662867e-01
39152	1.810744027458524e-01	1.819700858609984e-01
40147	1.761539598603798e-01	1.778279410038923e-01
41576	1.736691551120121e-01	1.737800828749375e-01
103660	1.696534093243027e-01	1.698243652461744e-01
233364	1.653346527287092e-01	1.659586907437560e-01
233821	1.617713401948847e-01	1.621810097358930e-01
234257	1.567789284104816e-01	1.584893192461113e-01
234693	1.477716279156752e-01	1.479108388168208e-01
235108	1.393812616361256e-01	1.412537544622754e-01
235586	1.322346920888637e-01	1.348962882591654e-01
236106	1.193345658400831e-01	1.202264434617413e-01
236541	1.159274672982404e-01	1.174897554939529e-01
237081	1.127558660312700e-01	1.148153621496883e-01
237559	1.117831028722932e-01	1.122018454301964e-01
457380	1.089190185318051e-01	1.096478196143185e-01
460085	1.070108276492777e-01	1.071519305237607e-01
466138	1.046770631306850e-01	1.047128548050900e-01
477018	1.022641230489474e-01	1.023292992280754e-01
495226	9.998638604023957e-02	1.000000000000000e-01
593762	9.772369309249629e-02	9.772372209558107e-02
999993	9.702044382517661e-02	9.772372209558107e-02
%
% index = 3064, name = bbob_f013_i11_d10__bbob_f021_i12_d10
% instance = 5, reference value = 7.382942224423840e-01
% function evaluation | indicator value | target hit
1	7.895243849563839e-01	7.943282347242815e-01
145	7.741646863718840e-01	7.762471166286917e-01
229	7.540465558968840e-01	7.585775750291838e-01
292	7.368907508486520e-01	7.413102413009175e-01
376	7.236255495726598e-01	7.244359600749900e-01
460	7.014817273646039e-01	7.079457843841379e-01
502	6.871869563119379e-01	6.918309709189365e-01
544	6.750180984355059e-01	6.760829753919817e-01
628	6.597553031049507e-01	6.606934480075960e-01
4130	6.449687609524104e-01	6.456542290346555e-01
11984	6.291856944146788e-01	6.309573444801932e-01
12578	6.131001146855003e-01	6.165950018614822e-01
13215	5.951253567113074e-01	6.025595860743578e-01
13544	5.847193414307456e-01	5.888436553555889e-01
13852	5.730427555543123e-01	5.754399373371569e-01
14181	5.599894987162317e-01	5.623413251903491e-01
14552	5.456469611290522e-01	5.495408738576245e-01
14923	5.303457206159830e-01	5.370317963702527e-01
15315	5.146615230218580e-01	5.248074602497725e-01
15686	4.993489076124112e-01	5.011872336272722e-01
16057	4.852088417394086e-01	4.897788193684462e-01
16469	4.729245337371906e-01	4.786300923226383e-01
16818	4.629217978825469e-01	4.677351412871982e-01
17252	4.553032262342895e-01	4.570881896148750e-01
17973	4.462655478728876e-01	4.466835921509631e-01
46484	4.364214122780867e-01	4.365158322401660e-01
50810	4.264026436167113e-01	4.265795188015927e-01
54441	4.160749994382695e-01	4.168693834703354e-01
71023	4.071645654525228e-01	4.073802778041127e-01
74166	3.976943647849818e-01	3.981071705534972e-01
84398	3.849441973789048e-01	3.890451449942806e-01
84706	3.762229293999645e-01	3.801893963205612e-01
85120	3.668531037936559e-01	3.715352290971726e-01
85555	3.573836314407713e-01	3.630780547701014e-01
85885	3.483102257937080e-01	3.548133892335755e-01
86278	3.400083472417092e-01	3.467368504525316e-01
86628	3.326482287417125e-01	3.388441561392025e-01
87041	3.261184156986956e-01	3.311311214825911e-01
87370	3.205089506967028e-01	3.235936569296283e-01
87762	3.159274219445840e-01	3.162277660168379e-01
88566	3.087928242665678e-01	3.090295432513591e-01
90280	3.007759022564244e-01	3.019951720402016e-01
119452	2.946894770089944e-01	2.951209226666385e-01
143376	2.841333294993326e-01	2.884031503126606e-01
143642	2.815052763689452e-01	2.818382931264454e-01
360122	2.719620547420379e-01	2.754228703338166e-01
360143	2.626782215104184e-01	2.630267991895382e-01
360164	2.524687782917772e-01	2.570395782768864e-01
360185	2.426832638655223e-01	2.454708915685030e-01
360206	2.334091872471907e-01	2.344228815319922e-01
360227	2.234189060865345e-01	2.238721138568339e-01
360248	2.118303229268028e-01	2.137962089502232e-01
360269	1.990418136401061e-01	1.995262314968880e-01
360290	1.863907416257384e-01	1.905460717963247e-01
360311	1.751538715307318e-01	1.778279410038923e-01
360332	1.660026643000894e-01	1.698243652461744e-01
360353	1.588947866589607e-01	1.621810097358930e-01
360374	1.540140704226163e-01	1.548816618912481e-01
360395	1.511260146445823e-01	1.513561248436208e-01
360479	1.465522281449895e-01	1.479108388168208e-01
362365	1.442138288755237e-01	1.445439770745928e-01
362908	1.380928486268120e-01	1.412537544622754e-01
363318	1.299375072340132e-01	1.318256738556407e-01
363793	1.176867349485756e-01	1.202264434617413e-01
364333	1.058865546974477e-01	1.071519305237607e-01
364853	9.375114927312922e-02	9.549925860214359e-02
365269	8.078432182540518e-02	8.128305161640990e-02
365643	6.771425949107712e-02	6.918309709189366e-02
366017	5.415569015054111e-02	5.495408738576246e-02
366412	4.033517487184890e-02	4.073802778041128e-02
366723	2.922986244616377e-02	2.951209226666385e-02
367096	2.358333646595978e-02	2.398832919019490e-02
367427	2.136765008334096e-02	2.137962089502233e-02
367820	2.071079976013390e-02	2.089296130854040e-02
375426	2.022458479850153e-02	2.041737944669529e-02
375966	1.978091851182540e-02	1.995262314968880e-02
376720	1.942569551830864e-02	1.949844599758046e-02
377536	1.883546815836723e-02	1.905460717963247e-02
378333	1.798282998378398e-02	1.819700858609984e-02
379236	1.715152449009583e-02	1.737800828749375e-02
380230	1.654589179688737e-02	1.659586907437561e-02
381449	1.621075128326221e-02	1.621810097358930e-02
402679	1.445646574528980e-02	1.479108388168207e-02
402965	1.306276787949634e-02	1.318256738556407e-02
403251	1.215590272981060e-02	1.230268770812382e-02
403620	1.149154717096579e-02	1.174897554939530e-02
403928	1.095382559131264e-02	1.096478196143185e-02
404603	1.034712366402690e-02	1.047128548050900e-02
404866	9.884292400267558e-03	1.000000000000000e-02
405564	9.491881439984473e-03	9.549925860214359e-03
405827	9.125278448616769e-03	9.332543007969915e-03
406090	8.819123088934733e-03	8.912509381337459e-03
406352	8.534740040342159e-03	8.709635899560805e-03
406615	8.331239969527449e-03	8.511380382023767e-03
406877	8.084387776664315e-03	8.128305161640995e-03
407228	7.912659589077387e-03	7.943282347242814e-03
407491	7.759792508537755e-03	7.762471166286920e-03
408017	7.474716445096230e-03	7.585775750291836e-03
408300	7.360204455355457e-03	7.413102413009177e-03
409338	7.234329528871153e-03	7.244359600749898e-03
409884	7.009661524322919e-03	7.079457843841380e-03
410124	6.903590570746854e-03	6.918309709189363e-03
411167	6.689498479573786e-03	6.760829753919818e-03
412190	6.589036641372226e-03	6.606934480075957e-03
412841	6.390157965528775e-03	6.456542290346556e-03
413149	6.302001465147811e-03	6.309573444801930e-03
413671	6.108248637995195e-03	6.165950018614822e-03
414474	5.943138765235001e-03	6.025595860743574e-03
414735	5.866165400609025e-03	5.888436553555890e-03
416596	5.719719623537345e-03	5.754399373371567e-03
417117	5.597552741686829e-03	5.623413251903491e-03
418054	5.484009174156368e-03	5.495408738576248e-03
418751	5.350418812682056e-03	5.370317963702527e-03
419708	5.230551861322486e-03	5.248074602497728e-03
420429	5.121004457241285e-03	5.128613839913648e-03
421469	5.008822817465952e-03	5.011872336272725e-03
422969	4.895113665465911e-03	4.897788193684461e-03
423753	4.784515534508871e-03	4.786300923226385e-03
425807	4.665511912566145e-03	4.677351412871981e-03
427150	4.563427812643073e-03	4.570881896148752e-03
428386	4.465570488422665e-03	4.466835921509630e-03
429579	4.352808263635488e-03	4.365158322401661e-03
431265	4.248899621893232e-03	4.265795188015926e-03
432883	4.156929698657108e-03	4.168693834703355e-03
434789	4.063707567395825e-03	4.073802778041126e-03
437176	3.969417704715816e-03	3.981071705534973e-03
439613	3.884774602416319e-03	3.890451449942805e-03
441659	3.796829636124599e-03	3.801893963205613e-03
444191	3.714863124075429e-03	3.715352290971724e-03
448129	3.626092017266158e-03	3.630780547701014e-03
450520	3.544161672637158e-03	3.548133892335753e-03
454988	3.462389149290312e-03	3.467368504525317e-03
457532	3.386096693029028e-03	3.388441561392024e-03
461810	3.308399470545953e-03	3.311311214825911e-03
465742	3.235842894745322e-03	3.235936569296281e-03
473873	3.161956037089908e-03	3.162277660168379e-03
481345	3.088814409631824e-03	3.090295432513592e-03
487406	3.018792621820254e-03	3.019951720402016e-03
493782	2.950292120856846e-03	2.951209226666387e-03
503124	2.883587260415266e-03	2.884031503126605e-03
511999	2.817900573430898e-03	2.818382931264455e-03
525462	2.754151480240385e-03	2.754228703338166e-03
543789	2.691088984000944e-03	2.691534803926917e-03
559548	2.630085005499438e-03	2.630267991895381e-03
581375	2.570209105980936e-03	2.570395782768865e-03
616081	2.511770001742852e-03	2.511886431509579e-03
649309	2.454702090348371e-03	2.454708915685031e-03
702855	2.398830054656909e-03	2.398832919019490e-03
783636	2.344228284191674e-03	2.344228815319923e-03
855791	9.456035190089640e-04	9.549925860214359e-04
856481	4.586858007301631e-04	4.677351412871981e-04
856961	3.386218605203606e-04	3.388441561392024e-04
857714	3.111471912732311e-04	3.162277660168379e-04
861471	1.906401271447589e-04	1.949844599758046e-04
861949	1.638067438367585e-04	1.659586907437562e-04
862406	1.328693906134104e-04	1.348962882591653e-04
862755	1.213949792231439e-04	1.230268770812381e-04
863382	1.086375288609220e-04	1.096478196143185e-04
863733	1.026795412872872e-04	1.047128548050900e-04
864081	8.909939954493407e-05	8.912509381337459e-05
864493	8.119467598133312e-05	8.128305161640995e-05
864841	7.779736973523299e-05	7.943282347242822e-05
865191	7.207015119603533e-05	7.244359600749906e-05
865710	6.788976536642455e-05	6.918309709189363e-05
866038	6.458739993353557e-05	6.606934480075965e-05
866429	6.139282387263023e-05	6.165950018614822e-05
866928	5.808531259854366e-05	5.888436553555884e-05
867749	5.561616830584981e-05	5.623413251903491e-05
868182	5.317241074054291e-05	5.370317963702532e-05
868381	5.077648000251234e-05	5.128613839913648e-05
868730	4.869090089898442e-05	4.897788193684466e-05
869034	4.706754179839567e-05	4.786300923226380e-05
869274	4.557540472283073e-05	4.570881896148752e-05
869835	4.442296655560174e-05	4.466835921509635e-05
870201	4.304207993377496e-05	4.365158322401657e-05
870695	4.246346857106342e-05	4.265795188015926e-05
871189	4.164270127282599e-05	4.168693834703355e-05
871864	3.986692741408948e-05	4.073802778041130e-05
872129	3.907177699824516e-05	3.981071705534969e-05
872370	3.838630507890795e-05	3.890451449942805e-05
872674	3.739436820260345e-05	3.801893963205612e-05
873492	3.665970372923599e-05	3.715352290971728e-05
873733	3.601804249209195e-05	3.630780547701010e-05
873949	3.545315535713467e-05	3.548133892335753e-05
874515	3.418809788058308e-05	3.467368504525317e-05
874822	3.350545380109704e-05	3.388441561392028e-05
875235	3.297984557715239e-05	3.311311214825908e-05
876119	3.186335183047451e-05	3.235936569296281e-05
876337	3.141584799015718e-05	3.162277660168380e-05
876838	3.048195811272691e-05	3.090295432513592e-05
877185	3.006142471440043e-05	3.019951720402019e-05
877669	2.932999635041345e-05	2.951209226666384e-05
878232	2.854963873466509e-05	2.884031503126606e-05
878944	2.801880841496462e-05	2.818382931264455e-05
879593	2.743162575102875e-05	2.754228703338169e-05
880416	2.676600854467637e-05	2.691534803926914e-05
881201	2.616172130542882e-05	2.630267991895381e-05
881811	2.559049882988607e-05	2.570395782768864e-05
882485	2.504786076640286e-05	2.511886431509582e-05
883942	2.442925875101309e-05	2.454708915685029e-05
884506	2.394377244874235e-05	2.398832919019490e-05
885221	2.338155674719289e-05	2.344228815319923e-05
885921	2.280882046956645e-05	2.290867652767775e-05
886702	2.237402754501350e-05	2.238721138568338e-05
887505	2.177888341070577e-05	2.187761623949552e-05
887945	2.136709375655244e-05	2.137962089502232e-05
889238	2.083335919211837e-05	2.089296130854041e-05
891354	2.037356374817723e-05	2.041737944669527e-05
892584	1.990070230184493e-05	1.995262314968879e-05
893739	1.949553042090990e-05	1.949844599758046e-05
895245	1.902066276315839e-05	1.905460717963248e-05
896745	1.861129135616313e-05	1.862087136662866e-05
897257	1.818599498726314e-05	1.819700858609983e-05
898259	1.776183765767048e-05	1.778279410038923e-05
899581	1.735761723287155e-05	1.737800828749376e-05
901232	1.696091381553355e-05	1.698243652461746e-05
902849	1.659273730969524e-05	1.659586907437560e-05
905438	1.621563724785169e-05	1.621810097358930e-05
907093	1.584727431080957e-05	1.584893192461114e-05
999993	1.576041050854737e-05	1.584893192461114e-05
%
% index = 3065, name = bbob_f013_i13_d10__bbob_f021_i14_d10
% instance = 6, reference value = 7.125683351590369e-01
% function evaluation | indicator value | target hit
1	7.097953574721433e-01	7.244359600749900e-01
40	7.077028260656649e-01	7.079457843841379e-01
124	6.900532572194177e-01	6.918309709189365e-01
166	6.720572986528002e-01	6.760829753919817e-01
208	6.490817616965590e-01	6.606934480075960e-01
229	6.369949508671265e-01	6.456542290346555e-01
250	6.253750955268741e-01	6.309573444801932e-01
271	6.148156000898914e-01	6.165950018614822e-01
313	5.986349888968272e-01	6.025595860743578e-01
1119	5.878931028827717e-01	5.888436553555889e-01
1726	5.685524794605221e-01	5.754399373371569e-01
2197	5.587037726711839e-01	5.623413251903491e-01
4933	5.495184829044929e-01	5.495408738576245e-01
5797	5.345263418914298e-01	5.370317963702527e-01
5818	5.245307297692737e-01	5.248074602497725e-01
5839	5.107000267577271e-01	5.128613839913648e-01
5860	4.923734444790809e-01	5.011872336272722e-01
5881	4.699898020630269e-01	4.786300923226383e-01
5902	4.453594862890014e-01	4.466835921509631e-01
5923	4.202856081006366e-01	4.265795188015927e-01
5944	3.979896983749838e-01	3.981071705534972e-01
5965	3.795722234708845e-01	3.801893963205612e-01
5986	3.663349320663729e-01	3.715352290971726e-01
6007	3.582925180351125e-01	3.630780547701014e-01
6607	3.547334387305894e-01	3.548133892335755e-01
7120	3.430921630137669e-01	3.467368504525316e-01
7257	3.335792943611116e-01	3.388441561392025e-01
7417	3.229690523972165e-01	3.235936569296283e-01
7579	3.159539864239689e-01	3.162277660168379e-01
7903	3.082469884704646e-01	3.090295432513591e-01
10154	3.013688439442315e-01	3.019951720402016e-01
10682	2.920402189557760e-01	2.951209226666385e-01
11012	2.848261449062837e-01	2.884031503126606e-01
11364	2.793925597963220e-01	2.818382931264454e-01
11758	2.754057278431096e-01	2.754228703338166e-01
13295	2.690664002153493e-01	2.691534803926916e-01
19582	2.627761501996225e-01	2.630267991895382e-01
20022	2.484776107469919e-01	2.511886431509580e-01
20350	2.319712367788756e-01	2.344228815319922e-01
20616	2.120575839016617e-01	2.137962089502232e-01
20884	1.983846899997755e-01	1.995262314968880e-01
21173	1.900694801960929e-01	1.905460717963247e-01
21837	1.860186642008295e-01	1.862087136662867e-01
45950	1.809374483638285e-01	1.819700858609984e-01
46154	1.755147095418826e-01	1.778279410038923e-01
46337	1.713144815351044e-01	1.737800828749375e-01
46520	1.682395013928631e-01	1.698243652461744e-01
46886	1.650169353902770e-01	1.659586907437560e-01
66955	1.591192403192720e-01	1.621810097358930e-01
67201	1.562422536602739e-01	1.584893192461113e-01
67405	1.544158746093234e-01	1.548816618912481e-01
77299	1.512084889946904e-01	1.513561248436208e-01
92858	1.459113279345460e-01	1.479108388168208e-01
93761	1.392630698516760e-01	1.412537544622754e-01
94842	1.232222203985199e-01	1.258925411794167e-01
95922	1.026732501519639e-01	1.047128548050900e-01
97145	8.495077627528047e-02	8.511380382023763e-02
98391	7.394882036336559e-02	7.413102413009177e-02
99774	6.811825779177350e-02	6.918309709189366e-02
101229	6.441742399624129e-02	6.456542290346556e-02
102814	6.103787452159393e-02	6.165950018614822e-02
104441	5.757269888556416e-02	5.888436553555890e-02
106569	5.427550011502957e-02	5.495408738576246e-02
108125	5.143007729104343e-02	5.248074602497726e-02
109616	4.914898715640426e-02	5.011872336272722e-02
110860	4.740960229012947e-02	4.786300923226382e-02
112781	4.612811740022338e-02	4.677351412871981e-02
114462	4.520789405268155e-02	4.570881896148749e-02
116440	4.456157933471583e-02	4.466835921509630e-02
122788	4.362060863002215e-02	4.365158322401658e-02
177966	4.231310571192204e-02	4.265795188015926e-02
178008	4.123577702131243e-02	4.168693834703355e-02
178071	4.072850820390728e-02	4.073802778041128e-02
179827	3.964326567161292e-02	3.981071705534973e-02
180088	3.871708441906907e-02	3.890451449942807e-02
180435	3.650015315426380e-02	3.715352290971726e-02
180846	3.302259862787837e-02	3.311311214825911e-02
181259	2.949184515554892e-02	2.951209226666385e-02
181672	2.703869471649156e-02	2.754228703338166e-02
182127	2.588641564833527e-02	2.630267991895381e-02
194508	2.569320076233250e-02	2.570395782768863e-02
195137	2.496209309603392e-02	2.511886431509579e-02
195463	2.439026189392013e-02	2.454708915685030e-02
195917	2.321484905010995e-02	2.344228815319923e-02
196772	2.098548725950811e-02	2.137962089502233e-02
197332	1.868376839540131e-02	1.905460717963247e-02
197872	1.761244560600261e-02	1.778279410038923e-02
198580	1.565280520658252e-02	1.584893192461113e-02
199163	1.274695094520284e-02	1.288249551693134e-02
199725	1.222815632605356e-02	1.230268770812382e-02
200812	1.156924868041120e-02	1.174897554939530e-02
201396	1.132586483414888e-02	1.148153621496883e-02
202042	1.120948796070242e-02	1.122018454301964e-02
372212	1.067965412709837e-02	1.071519305237606e-02
372498	1.039726263572338e-02	1.047128548050900e-02
372783	1.001071786577701e-02	1.023292992280754e-02
373111	9.670465467011224e-03	9.772372209558112e-03
373480	9.324115262028032e-03	9.332543007969915e-03
373785	9.000606041412729e-03	9.120108393559097e-03
374111	8.692493528922984e-03	8.709635899560805e-03
374460	8.382114351111469e-03	8.511380382023767e-03
374849	8.083128300578113e-03	8.128305161640995e-03
375072	7.848895468687167e-03	7.943282347242814e-03
375420	7.622249399047987e-03	7.762471166286920e-03
375809	7.402788490080359e-03	7.413102413009177e-03
376074	7.213579695198979e-03	7.244359600749898e-03
376338	7.073280605391918e-03	7.079457843841380e-03
376728	6.876580357592643e-03	6.918309709189363e-03
377076	6.740011674578605e-03	6.760829753919818e-03
377591	6.590607074803634e-03	6.606934480075957e-03
378413	6.380972778950444e-03	6.456542290346556e-03
378940	6.253700171438115e-03	6.309573444801930e-03
379286	6.128722068785342e-03	6.165950018614822e-03
379833	6.017252962396968e-03	6.025595860743574e-03
380359	5.870534668622529e-03	5.888436553555890e-03
380905	5.674637445053810e-03	5.754399373371567e-03
381168	5.576702086471874e-03	5.623413251903491e-03
381430	5.467340708739332e-03	5.495408738576248e-03
382103	5.296392774910119e-03	5.370317963702527e-03
382450	5.211660523736228e-03	5.248074602497728e-03
382712	5.128430620658708e-03	5.128613839913648e-03
383256	4.965752389231026e-03	5.011872336272725e-03
383538	4.884321011764392e-03	4.897788193684461e-03
384081	4.732045568118237e-03	4.786300923226385e-03
384407	4.654789919389279e-03	4.677351412871981e-03
384847	4.513982523584814e-03	4.570881896148752e-03
385130	4.447208057230867e-03	4.466835921509630e-03
385878	4.330373309951008e-03	4.365158322401661e-03
386464	4.246552356480859e-03	4.265795188015926e-03
387055	4.136067773798713e-03	4.168693834703355e-03
387662	4.055019117055525e-03	4.073802778041126e-03
388207	3.961112904944608e-03	3.981071705534973e-03
388689	3.873562215802151e-03	3.890451449942805e-03
389233	3.793485010574527e-03	3.801893963205613e-03
390093	3.688338938179991e-03	3.715352290971724e-03
390914	3.608983855612258e-03	3.630780547701014e-03
391375	3.534086749603538e-03	3.548133892335753e-03
392140	3.433528735661495e-03	3.467368504525317e-03
392662	3.380862926027683e-03	3.388441561392024e-03
393363	3.297154727581186e-03	3.311311214825911e-03
394193	3.211847570276150e-03	3.235936569296281e-03
394715	3.154784653397691e-03	3.162277660168379e-03
395804	3.072706745475218e-03	3.090295432513592e-03
396585	2.995286905787209e-03	3.019951720402016e-03
397065	2.946290456329104e-03	2.951209226666387e-03
397846	2.877310856211901e-03	2.884031503126605e-03
398605	2.813635818856630e-03	2.818382931264455e-03
399362	2.750800239398887e-03	2.754228703338166e-03
400300	2.672299933196842e-03	2.691534803926917e-03
400994	2.611856008736257e-03	2.630267991895381e-03
401710	2.552962252383217e-03	2.570395782768865e-03
402233	2.511221748364822e-03	2.511886431509579e-03
403444	2.442057796916641e-03	2.454708915685031e-03
404404	2.385961119184321e-03	2.398832919019490e-03
404956	2.336559365891833e-03	2.344228815319923e-03
405740	2.285765108226423e-03	2.290867652767772e-03
406756	2.226740843646380e-03	2.238721138568340e-03
407390	2.185082008310801e-03	2.187761623949552e-03
408560	2.126012932093468e-03	2.137962089502233e-03
409431	2.087037367463296e-03	2.089296130854039e-03
410262	2.040143229141034e-03	2.041737944669530e-03
411113	1.994060741819847e-03	1.995262314968879e-03
412350	1.943365214036152e-03	1.949844599758046e-03
413179	1.901949255911806e-03	1.905460717963246e-03
414123	1.853173240971451e-03	1.862087136662868e-03
415143	1.816336557581510e-03	1.819700858609983e-03
416706	1.773746330979709e-03	1.778279410038923e-03
417835	1.734471232337054e-03	1.737800828749376e-03
419113	1.694102765996686e-03	1.698243652461744e-03
420526	1.656771080810193e-03	1.659586907437561e-03
421486	1.621641162884213e-03	1.621810097358930e-03
423076	1.578438592687470e-03	1.584893192461114e-03
424036	1.547762061353875e-03	1.548816618912481e-03
425272	1.510820185362860e-03	1.513561248436209e-03
426636	1.476046918232332e-03	1.479108388168207e-03
428409	1.443027217606141e-03	1.445439770745928e-03
429640	1.411256795346372e-03	1.412537544622754e-03
430725	1.379898877582830e-03	1.380384264602885e-03
432306	1.344180783504179e-03	1.348962882591653e-03
433515	1.314325821918372e-03	1.318256738556408e-03
434578	1.285066573368021e-03	1.288249551693134e-03
435742	1.255801648927246e-03	1.258925411794167e-03
437135	1.226917271692884e-03	1.230268770812381e-03
438142	1.201937731172942e-03	1.202264434617413e-03
439406	1.173928532538615e-03	1.174897554939529e-03
440432	1.147961140873122e-03	1.148153621496883e-03
441739	1.119916812974076e-03	1.122018454301963e-03
443469	1.095693602017001e-03	1.096478196143185e-03
444850	1.069095576897050e-03	1.071519305237606e-03
446031	1.045781799652534e-03	1.047128548050900e-03
447346	1.022134976864986e-03	1.023292992280754e-03
449170	9.974448311849127e-04	1.000000000000000e-03
450311	9.765480773115121e-04	9.772372209558111e-04
452223	9.539582271098634e-04	9.549925860214359e-04
454090	9.331775346468341e-04	9.332543007969915e-04
456004	9.119466981051261e-04	9.120108393559096e-04
458217	8.899664772884508e-04	8.912509381337459e-04
460126	8.708439571027959e-04	8.709635899560805e-04
462129	8.502828690405417e-04	8.511380382023768e-04
463656	8.312362245133098e-04	8.317637711026709e-04
465592	8.119400061448179e-04	8.128305161640995e-04
467179	7.942553136021102e-04	7.943282347242813e-04
469309	7.757655057416546e-04	7.762471166286919e-04
471214	7.577970988988936e-04	7.585775750291835e-04
473056	7.412920038338822e-04	7.413102413009177e-04
474679	7.241172766412340e-04	7.244359600749898e-04
476772	7.067882586483387e-04	7.079457843841380e-04
478707	6.907401122364654e-04	6.918309709189362e-04
480457	6.758884414469479e-04	6.760829753919819e-04
482244	6.599496124398696e-04	6.606934480075957e-04
483819	6.455332664367930e-04	6.456542290346556e-04
485926	6.303919590109341e-04	6.309573444801930e-04
488157	6.163365567822821e-04	6.165950018614823e-04
490205	6.018057404483246e-04	6.025595860743575e-04
491928	5.888356749516044e-04	5.888436553555889e-04
494013	5.747093277385096e-04	5.754399373371566e-04
496040	5.622177396287231e-04	5.623413251903491e-04
498153	5.490843299041925e-04	5.495408738576248e-04
499986	5.367195153570536e-04	5.370317963702527e-04
502310	5.244800635555436e-04	5.248074602497728e-04
504458	5.127588509084013e-04	5.128613839913648e-04
506694	5.009536899212019e-04	5.011872336272725e-04
508872	4.897745066998471e-04	4.897788193684461e-04
511699	4.781533482675071e-04	4.786300923226385e-04
514332	4.676836827579578e-04	4.677351412871981e-04
517440	4.566510755305009e-04	4.570881896148752e-04
519932	4.466439868263672e-04	4.466835921509630e-04
522473	4.363263568332165e-04	4.365158322401661e-04
524426	4.263895690819197e-04	4.265795188015926e-04
526752	4.165320118996174e-04	4.168693834703355e-04
528777	4.073534545104840e-04	4.073802778041126e-04
530934	3.980879110611069e-04	3.981071705534974e-04
533677	3.887679405621958e-04	3.890451449942805e-04
535686	3.799366555705674e-04	3.801893963205612e-04
537215	3.713803126877968e-04	3.715352290971724e-04
539093	3.629174751267339e-04	3.630780547701014e-04
540750	3.546772231222128e-04	3.548133892335753e-04
542714	3.466282726847236e-04	3.467368504525317e-04
544484	3.387508245619175e-04	3.388441561392024e-04
546408	3.310440795104563e-04	3.311311214825911e-04
549050	3.235146218529827e-04	3.235936569296281e-04
551834	3.161038106398451e-04	3.162277660168379e-04
554041	3.089820361239504e-04	3.090295432513592e-04
555905	3.017788173428348e-04	3.019951720402016e-04
557928	2.950832083898902e-04	2.951209226666387e-04
560555	2.883789879531973e-04	2.884031503126605e-04
562843	2.817830709739289e-04	2.818382931264455e-04
565442	2.753147862397665e-04	2.754228703338166e-04
568460	2.690823660272956e-04	2.691534803926917e-04
571008	2.629450086678586e-04	2.630267991895381e-04
574118	2.569125360560864e-04	2.570395782768865e-04
577508	2.510441568952526e-04	2.511886431509580e-04
580263	2.454430376582772e-04	2.454708915685031e-04
583042	2.398686634526026e-04	2.398832919019490e-04
585487	2.343455209699030e-04	2.344228815319923e-04
588040	2.290722466566919e-04	2.290867652767772e-04
590586	2.237913933660352e-04	2.238721138568340e-04
592828	2.187000440689868e-04	2.187761623949552e-04
594872	2.137539721741577e-04	2.137962089502232e-04
597139	2.088846390212451e-04	2.089296130854039e-04
599517	2.040899504169857e-04	2.041737944669530e-04
601262	1.994905125947133e-04	1.995262314968879e-04
602653	1.949045030847918e-04	1.949844599758046e-04
604533	1.905015600248694e-04	1.905460717963246e-04
606168	1.861979714664619e-04	1.862087136662868e-04
607741	1.819095782642499e-04	1.819700858609983e-04
609242	1.777820874582225e-04	1.778279410038923e-04
611257	1.737589117497551e-04	1.737800828749376e-04
613606	1.697912742667507e-04	1.698243652461744e-04
615464	1.659545575868338e-04	1.659586907437562e-04
617650	1.621516377904308e-04	1.621810097358930e-04
619535	1.584576258218950e-04	1.584893192461114e-04
621708	1.548413212786315e-04	1.548816618912481e-04
622824	1.513160476694919e-04	1.513561248436209e-04
624457	1.478714235884082e-04	1.479108388168207e-04
626256	1.445218032875006e-04	1.445439770745928e-04
628088	1.412142362623436e-04	1.412537544622754e-04
630085	1.380263737138510e-04	1.380384264602885e-04
632576	1.348954896132071e-04	1.348962882591653e-04
634349	1.317990861148255e-04	1.318256738556407e-04
636033	1.288110605353054e-04	1.288249551693134e-04
637479	1.258785636749638e-04	1.258925411794167e-04
637867	1.230138435333039e-04	1.230268770812381e-04
638593	1.202186544173589e-04	1.202264434617413e-04
639191	1.174695525051339e-04	1.174897554939529e-04
639819	1.148094673043554e-04	1.148153621496883e-04
640953	1.121910968227002e-04	1.122018454301963e-04
641312	1.096461641920676e-04	1.096478196143185e-04
641610	1.071474450606846e-04	1.071519305237606e-04
642056	1.046947657628028e-04	1.047128548050900e-04
642485	1.023245990877664e-04	1.023292992280754e-04
642916	9.998997919269392e-05	1.000000000000000e-04
643921	9.771236889044577e-05	9.772372209558111e-05
645032	9.549645126782913e-05	9.549925860214369e-05
645807	9.331232290865632e-05	9.332543007969905e-05
646403	9.120093335202029e-05	9.120108393559096e-05
647347	8.911689206947404e-05	8.912509381337459e-05
647793	8.708841100524278e-05	8.709635899560814e-05
648270	8.510635557323898e-05	8.511380382023759e-05
649261	8.317302694493822e-05	8.317637711026709e-05
649803	8.127740971808350e-05	8.128305161640995e-05
650516	7.943160861501042e-05	7.943282347242822e-05
652083	7.761848354648215e-05	7.762471166286911e-05
652906	7.585198569881602e-05	7.585775750291836e-05
653976	7.412764493286428e-05	7.413102413009176e-05
654787	7.244335160194737e-05	7.244359600749906e-05
655535	7.078842836016896e-05	7.079457843841373e-05
656290	6.917936070893749e-05	6.918309709189363e-05
657280	6.760284909834713e-05	6.760829753919819e-05
657823	6.606536601438950e-05	6.606934480075965e-05
658159	6.456166580481870e-05	6.456542290346549e-05
658605	6.309500324364059e-05	6.309573444801929e-05
659272	6.165672330693539e-05	6.165950018614822e-05
659785	6.025478621507485e-05	6.025595860743581e-05
660673	5.888045393476204e-05	5.888436553555884e-05
661688	5.754294296256290e-05	5.754399373371566e-05
662145	5.623143598565417e-05	5.623413251903491e-05
662784	5.495329637683621e-05	5.495408738576248e-05
663349	5.370074040922379e-05	5.370317963702532e-05
663880	5.248019472037235e-05	5.248074602497723e-05
664558	5.128395845555023e-05	5.128613839913648e-05
665706	5.011661175879922e-05	5.011872336272725e-05
667013	4.897724108887669e-05	4.897788193684466e-05
668299	4.786191938244144e-05	4.786300923226380e-05
669332	4.677318843782086e-05	4.677351412871981e-05
670360	4.570866579112209e-05	4.570881896148752e-05
671270	4.466730974395094e-05	4.466835921509635e-05
672355	4.365129797923029e-05	4.365158322401657e-05
673157	4.265727545271769e-05	4.265795188015926e-05
674318	4.168625780676116e-05	4.168693834703355e-05
675450	4.073776501378745e-05	4.073802778041130e-05
676706	3.981067721803289e-05	3.981071705534969e-05
677746	3.890386954019665e-05	3.890451449942805e-05
679328	3.801840988992833e-05	3.801893963205612e-05
680640	3.715327865594364e-05	3.715352290971728e-05
682064	3.630775434970701e-05	3.630780547701010e-05
684236	3.548099328920529e-05	3.548133892335753e-05
686902	3.467335402662641e-05	3.467368504525317e-05
689460	3.388428089390327e-05	3.388441561392028e-05
691952	3.311309181786015e-05	3.311311214825908e-05
694903	3.235905800680339e-05	3.235936569296281e-05
697404	3.162248059185302e-05	3.162277660168380e-05
1000000	3.109307793602856e-05	3.162277660168380e-05
%
% index = 3066, name = bbob_f013_i15_d10__bbob_f021_i16_d10
% instance = 7, reference value = 7.855462193849030e-01
% function evaluation | indicator value | target hit
1	1.836880315789668e+00	1.862087136662868e+00
40	1.806876769738533e+00	1.819700858609983e+00
82	1.750141015683632e+00	1.778279410038923e+00
103	1.714920478422903e+00	1.737800828749375e+00
124	1.680034772428903e+00	1.698243652461744e+00
145	1.645474691392903e+00	1.659586907437561e+00
166	1.611265843939403e+00	1.621810097358930e+00
187	1.577437372936403e+00	1.584893192461114e+00
208	1.544022571731403e+00	1.548816618912481e+00
229	1.511059607880903e+00	1.513561248436208e+00
250	1.478592408863903e+00	1.479108388168207e+00
292	1.415356272487903e+00	1.445439770745927e+00
313	1.384714411159903e+00	1.412537544622754e+00
334	1.354825617830903e+00	1.380384264602885e+00
355	1.325782497544903e+00	1.348962882591654e+00
376	1.297692755699903e+00	1.318256738556407e+00
397	1.270681191649403e+00	1.288249551693134e+00
418	1.244891216132403e+00	1.258925411794167e+00
439	1.220485431423903e+00	1.230268770812382e+00
460	1.197644297826403e+00	1.202264434617413e+00
502	1.157436666157903e+00	1.174897554939530e+00
523	1.140459301831903e+00	1.148153621496883e+00
565	1.113558447262903e+00	1.122018454301963e+00
628	1.091652790320403e+00	1.096478196143185e+00
1777	1.066755754007903e+00	1.071519305237606e+00
1933	1.044827731144903e+00	1.047128548050900e+00
2154	1.011051861883903e+00	1.023292992280754e+00
2335	9.773801132979030e-01	1.000000000000000e+00
2516	9.438179453504030e-01	9.549925860214360e-01
2697	9.103698853429030e-01	9.120108393559098e-01
2920	8.770406452174029e-01	8.912509381337456e-01
3101	8.438351519684029e-01	8.511380382023764e-01
3324	8.107586650044030e-01	8.128305161640993e-01
3363	7.910045224539031e-01	7.943282347242815e-01
4361	7.745480984137117e-01	7.762471166286917e-01
4403	7.585580694683168e-01	7.585775750291838e-01
4445	7.406987425961531e-01	7.413102413009175e-01
4487	7.228646468803076e-01	7.244359600749900e-01
4529	7.067360684168342e-01	7.079457843841379e-01
4592	6.885266737260809e-01	6.918309709189365e-01
8750	6.741544411137701e-01	6.760829753919817e-01
9536	6.490954608880853e-01	6.606934480075960e-01
9822	6.385445627648223e-01	6.456542290346555e-01
10109	6.292857604903332e-01	6.309573444801932e-01
10704	6.141878866212948e-01	6.165950018614822e-01
11754	5.980064879228049e-01	6.025595860743578e-01
12995	5.871565103669560e-01	5.888436553555889e-01
21692	5.751476749678436e-01	5.754399373371569e-01
24478	5.584322436359446e-01	5.623413251903491e-01
41328	5.473933491364098e-01	5.495408738576245e-01
42590	5.343915787369624e-01	5.370317963702527e-01
43187	5.242609300917744e-01	5.248074602497725e-01
43805	5.092381540484553e-01	5.128613839913648e-01
44072	4.976134482962162e-01	5.011872336272722e-01
44339	4.816454245972014e-01	4.897788193684462e-01
44585	4.607738747628691e-01	4.677351412871982e-01
44831	4.357985078563805e-01	4.365158322401660e-01
45077	4.090458094993181e-01	4.168693834703354e-01
45302	3.814526630022080e-01	3.890451449942806e-01
45505	3.549611588696274e-01	3.630780547701014e-01
45687	3.342812415300491e-01	3.388441561392025e-01
45869	3.184452442832600e-01	3.235936569296283e-01
46051	3.049549073248989e-01	3.090295432513591e-01
46212	2.931147811543454e-01	2.951209226666385e-01
46394	2.836677570759104e-01	2.884031503126606e-01
46555	2.772075667360762e-01	2.818382931264454e-01
46737	2.734210741771255e-01	2.754228703338166e-01
56854	2.643096008246687e-01	2.691534803926916e-01
57120	2.589665748836079e-01	2.630267991895382e-01
57386	2.533209664385451e-01	2.570395782768864e-01
57939	2.509753416547955e-01	2.511886431509580e-01
94486	2.451345046511845e-01	2.454708915685030e-01
95859	2.397505623961548e-01	2.398832919019490e-01
97314	2.321472414064540e-01	2.344228815319922e-01
98441	2.269130472320533e-01	2.290867652767773e-01
100619	2.232387082519821e-01	2.238721138568339e-01
134167	2.139762704340925e-01	2.187761623949552e-01
134188	2.057851822088165e-01	2.089296130854039e-01
134209	1.976393671212485e-01	1.995262314968880e-01
134230	1.903364416410542e-01	1.905460717963247e-01
134251	1.844122134489836e-01	1.862087136662867e-01
134272	1.802144684697781e-01	1.819700858609984e-01
134314	1.773661532581012e-01	1.778279410038923e-01
204106	1.720259656514628e-01	1.737800828749375e-01
204350	1.672161357690227e-01	1.698243652461744e-01
204596	1.604998900093455e-01	1.621810097358930e-01
204885	1.550107444982132e-01	1.584893192461113e-01
205174	1.511934811485236e-01	1.513561248436208e-01
211791	1.478632394703672e-01	1.479108388168208e-01
212436	1.418224862610897e-01	1.445439770745928e-01
212701	1.358570313504491e-01	1.380384264602885e-01
212968	1.275803156726713e-01	1.288249551693134e-01
213278	1.212771805014803e-01	1.230268770812381e-01
213630	1.174907757529728e-01	1.202264434617413e-01
213663	1.174896706435433e-01	1.174897554939529e-01
214187	1.141958043798008e-01	1.148153621496883e-01
374379	1.121381010166789e-01	1.122018454301964e-01
381320	1.096207191558592e-01	1.096478196143185e-01
383212	1.070704083097205e-01	1.071519305237607e-01
397448	1.041452477907923e-01	1.047128548050900e-01
397817	1.018243754340112e-01	1.023292992280754e-01
398230	9.828695204117943e-02	1.000000000000000e-01
398707	9.439589175359731e-02	9.549925860214359e-02
399229	9.126600729014056e-02	9.332543007969910e-02
399876	8.866858490447072e-02	8.912509381337455e-02
401402	8.685581538834330e-02	8.709635899560805e-02
494625	8.503894999925343e-02	8.511380382023763e-02
499732	8.305261765547245e-02	8.317637711026708e-02
506885	8.120075667631399e-02	8.128305161640990e-02
524357	7.943025538693660e-02	7.943282347242814e-02
603159	7.762418530338966e-02	7.762471166286916e-02
976257	7.583974285309703e-02	7.585775750291836e-02
987137	7.392437949357189e-02	7.413102413009177e-02
987633	7.182110495277094e-02	7.244359600749903e-02
988173	6.859798015435292e-02	6.918309709189366e-02
988798	6.578203642541525e-02	6.606934480075961e-02
989615	6.365261294069291e-02	6.456542290346556e-02
990453	6.207145245749712e-02	6.309573444801933e-02
991247	6.088455927963743e-02	6.165950018614822e-02
992273	5.999103637622727e-02	6.025595860743578e-02
1000000	5.895216378547186e-02	6.025595860743578e-02
%
% index = 3067, name = bbob_f013_i17_d10__bbob_f021_i18_d10
% instance = 8, reference value = 8.233478561204970e-01
% function evaluation | indicator value | target hit
1	9.421387713976764e-01	9.549925860214360e-01
40	9.245283987304757e-01	9.332543007969910e-01
82	8.916078312661460e-01	9.120108393559098e-01
103	8.737824089809969e-01	8.912509381337456e-01
124	8.555149538789970e-01	8.709635899560807e-01
145	8.358035629969969e-01	8.511380382023764e-01
166	8.227731075825757e-01	8.317637711026710e-01
250	8.106143926418629e-01	8.128305161640993e-01
334	7.905161210967663e-01	7.943282347242815e-01
397	7.709937403546467e-01	7.762471166286917e-01
439	7.559907924145491e-01	7.585775750291838e-01
481	7.400923736247975e-01	7.413102413009175e-01
544	7.172147557540699e-01	7.244359600749900e-01
586	7.044657958231588e-01	7.079457843841379e-01
649	6.912999021378881e-01	6.918309709189365e-01
4180	6.746226144907699e-01	6.760829753919817e-01
6621	6.597335011121860e-01	6.606934480075960e-01
12036	6.453501221814710e-01	6.456542290346555e-01
12120	6.288739079567813e-01	6.309573444801932e-01
12183	6.135423146072233e-01	6.165950018614822e-01
12225	6.024651222301330e-01	6.025595860743578e-01
12288	5.871031124182472e-01	5.888436553555889e-01
13879	5.747189590255374e-01	5.754399373371569e-01
15282	5.578435928838635e-01	5.623413251903491e-01
23813	5.486058010065842e-01	5.495408738576245e-01
32124	5.364162637689651e-01	5.370317963702527e-01
32736	5.203200452530100e-01	5.248074602497725e-01
33000	4.988108659584702e-01	5.011872336272722e-01
33329	4.597667906824338e-01	4.677351412871982e-01
33681	3.917079441765334e-01	3.981071705534972e-01
33970	3.274844572367485e-01	3.311311214825911e-01
34238	2.779428566262224e-01	2.818382931264454e-01
34527	2.397470358478380e-01	2.398832919019490e-01
34795	2.045703323445989e-01	2.089296130854039e-01
35063	1.700424506174719e-01	1.737800828749375e-01
35352	1.433734768589638e-01	1.445439770745928e-01
35620	1.285627365485835e-01	1.288249551693134e-01
35867	1.199074008421720e-01	1.202264434617413e-01
36135	1.103688672943812e-01	1.122018454301964e-01
36402	1.007122419430921e-01	1.023292992280754e-01
36606	9.445075915991441e-02	9.549925860214359e-02
36831	9.179763103764871e-02	9.332543007969910e-02
40606	9.091116344889916e-02	9.120108393559097e-02
59219	8.895737824924099e-02	8.912509381337455e-02
85919	8.461446187252242e-02	8.511380382023763e-02
88218	8.267838233045111e-02	8.317637711026708e-02
89719	8.073680463303790e-02	8.128305161640990e-02
91125	7.902978139544170e-02	7.943282347242814e-02
196162	7.761333889060962e-02	7.762471166286916e-02
196204	7.471602685293433e-02	7.585775750291836e-02
196225	7.280272520808651e-02	7.413102413009177e-02
196246	7.109483557575258e-02	7.244359600749903e-02
196267	6.970336440486458e-02	7.079457843841380e-02
196288	6.869815385768496e-02	6.918309709189366e-02
218818	6.751788189019292e-02	6.760829753919818e-02
219622	6.586836234682547e-02	6.606934480075961e-02
220013	6.456147350280361e-02	6.456542290346556e-02
220968	6.274262679467224e-02	6.309573444801933e-02
227790	6.126914074504941e-02	6.165950018614822e-02
228072	6.008102239434232e-02	6.025595860743578e-02
228377	5.786273895543781e-02	5.888436553555890e-02
228810	5.347918687086251e-02	5.370317963702527e-02
229245	4.796843776122406e-02	4.897788193684462e-02
229807	4.390664708743086e-02	4.466835921509630e-02
230580	4.088043052596035e-02	4.168693834703355e-02
231375	3.914208621628557e-02	3.981071705534973e-02
232191	3.806414567464489e-02	3.890451449942807e-02
233240	3.757363324086893e-02	3.801893963205612e-02
235126	3.714418732796709e-02	3.715352290971726e-02
417761	3.616493173284840e-02	3.630780547701014e-02
419453	3.537516004563801e-02	3.548133892335755e-02
422347	3.455288219116315e-02	3.467368504525317e-02
425775	3.387297788354671e-02	3.388441561392026e-02
432039	3.308654418336099e-02	3.311311214825911e-02
441405	3.234664393562825e-02	3.235936569296283e-02
454976	3.161981988879936e-02	3.162277660168379e-02
478701	3.089900659321521e-02	3.090295432513590e-02
534588	3.019932392989266e-02	3.019951720402016e-02
890693	2.951207751840235e-02	2.951209226666385e-02
1000000	2.946338600261655e-02	2.951209226666385e-02
%
% index = 3068, name = bbob_f013_i19_d10__bbob_f021_i21_d10
% instance = 9, reference value = 8.734743831022060e-01
% function evaluation | indicator value | target hit
1	9.474237288697060e-01	9.549925860214360e-01
40	9.265803865057061e-01	9.332543007969910e-01
82	8.875228897522061e-01	8.912509381337456e-01
103	8.691961612189468e-01	8.709635899560807e-01
145	8.433774515514023e-01	8.511380382023764e-01
166	8.247203108954223e-01	8.317637711026710e-01
187	8.004225455779562e-01	8.128305161640993e-01
208	7.695887917190687e-01	7.762471166286917e-01
229	7.322250561980825e-01	7.413102413009175e-01
250	6.894831804259247e-01	6.918309709189365e-01
271	6.435382230127977e-01	6.456542290346555e-01
292	5.970835522460696e-01	6.025595860743578e-01
313	5.526332279169660e-01	5.623413251903491e-01
334	5.119220594100815e-01	5.128613839913648e-01
355	4.756142765485685e-01	4.786300923226383e-01
376	4.433667354198044e-01	4.466835921509631e-01
397	4.141815288171430e-01	4.168693834703354e-01
418	3.869379976378980e-01	3.890451449942806e-01
439	3.609291106431921e-01	3.630780547701014e-01
460	3.361576345142255e-01	3.388441561392025e-01
481	3.132323109306341e-01	3.162277660168379e-01
502	2.929696673767992e-01	2.951209226666385e-01
523	2.759972628492887e-01	2.818382931264454e-01
544	2.625734918320393e-01	2.630267991895382e-01
565	2.526257004801342e-01	2.570395782768864e-01
586	2.458890792061048e-01	2.511886431509580e-01
607	2.420436718957397e-01	2.454708915685030e-01
1744	2.392807610216565e-01	2.398832919019490e-01
2464	2.292890620038918e-01	2.344228815319922e-01
2729	2.187927594352479e-01	2.238721138568339e-01
3060	2.043540031320675e-01	2.089296130854039e-01
3371	1.915789692291653e-01	1.949844599758045e-01
3744	1.806698007633804e-01	1.819700858609984e-01
4096	1.721075070144087e-01	1.737800828749375e-01
4511	1.661412904308983e-01	1.698243652461744e-01
4862	1.624749467676370e-01	1.659586907437560e-01
5234	1.604707065224426e-01	1.621810097358930e-01
12141	1.582754949653389e-01	1.584893192461113e-01
12771	1.509169200760659e-01	1.513561248436208e-01
13055	1.441360334663458e-01	1.445439770745928e-01
13362	1.346328791772815e-01	1.348962882591654e-01
13755	1.248522396807580e-01	1.258925411794167e-01
14191	1.149637435530967e-01	1.174897554939529e-01
14690	1.052248496183089e-01	1.071519305237607e-01
15105	9.806665151388472e-02	1.000000000000000e-01
15604	9.395342978865606e-02	9.549925860214359e-02
16081	9.223328363795580e-02	9.332543007969910e-02
61171	9.086692219450898e-02	9.120108393559097e-02
61439	8.841514421887608e-02	8.912509381337455e-02
71626	8.661977869019577e-02	8.709635899560805e-02
80526	8.470722330738989e-02	8.511380382023763e-02
81505	8.163012883159004e-02	8.317637711026708e-02
81984	7.982463860657485e-02	8.128305161640990e-02
82358	7.809535504127918e-02	7.943282347242814e-02
82899	7.650576476732329e-02	7.762471166286916e-02
83524	7.554530260441228e-02	7.585775750291836e-02
206226	7.411219489256360e-02	7.413102413009177e-02
271345	7.166789426706777e-02	7.244359600749903e-02
273257	7.017539673226703e-02	7.079457843841380e-02
273278	6.855470193547375e-02	6.918309709189366e-02
273299	6.746523210888233e-02	6.760829753919818e-02
273341	6.568808441541285e-02	6.606934480075961e-02
273383	6.306306436182363e-02	6.309573444801933e-02
273467	6.146248163142842e-02	6.165950018614822e-02
273488	6.023652527372314e-02	6.025595860743578e-02
273509	5.847210957341931e-02	5.888436553555890e-02
273614	5.725380700334526e-02	5.754399373371569e-02
273635	5.565006669275885e-02	5.623413251903491e-02
273908	5.475012686210523e-02	5.495408738576246e-02
280268	5.361310305501288e-02	5.370317963702527e-02
280683	4.778508892595368e-02	4.786300923226382e-02
281077	4.613193458177456e-02	4.677351412871981e-02
281534	4.542157030753335e-02	4.570881896148749e-02
281948	4.421930155491560e-02	4.466835921509630e-02
282299	4.318231808866346e-02	4.365158322401658e-02
288352	4.262551403253545e-02	4.265795188015926e-02
289251	4.104342944024963e-02	4.168693834703355e-02
290174	3.915246256426752e-02	3.981071705534973e-02
292926	3.888410350941718e-02	3.890451449942807e-02
295794	3.735454455976017e-02	3.801893963205612e-02
296245	3.608543652137763e-02	3.630780547701014e-02
296866	3.383408455679593e-02	3.388441561392026e-02
297552	2.993326062211499e-02	3.019951720402016e-02
298366	2.614063739917949e-02	2.630267991895381e-02
298949	2.366465565925768e-02	2.398832919019490e-02
299490	2.229968968624796e-02	2.238721138568340e-02
300031	2.148920459346670e-02	2.187761623949553e-02
300508	2.084096033485860e-02	2.089296130854040e-02
301071	2.038750330629291e-02	2.041737944669529e-02
302647	1.978184986921350e-02	1.995262314968880e-02
303166	1.936935792263328e-02	1.949844599758046e-02
303685	1.892558460219917e-02	1.905460717963247e-02
304245	1.842602170099572e-02	1.862087136662868e-02
304721	1.768088501905019e-02	1.778279410038923e-02
305261	1.664462329745542e-02	1.698243652461744e-02
305760	1.554258327302516e-02	1.584893192461113e-02
306322	1.478393973023184e-02	1.479108388168207e-02
306947	1.442200747243239e-02	1.445439770745927e-02
309017	1.411176294436789e-02	1.412537544622754e-02
310607	1.264738227214990e-02	1.288249551693134e-02
311279	1.098833754113293e-02	1.122018454301964e-02
311971	9.891022222964896e-03	1.000000000000000e-02
312815	9.324084794730014e-03	9.332543007969915e-03
342833	8.722706892799192e-03	8.912509381337459e-03
343266	8.357637753735103e-03	8.511380382023767e-03
344164	8.043435511716379e-03	8.128305161640995e-03
344807	7.841720202445446e-03	7.943282347242814e-03
345492	7.608027090760472e-03	7.762471166286920e-03
345924	7.397874131827242e-03	7.413102413009177e-03
346791	7.237163945258418e-03	7.244359600749898e-03
347593	6.951743639004415e-03	7.079457843841380e-03
348354	6.820199063619525e-03	6.918309709189363e-03
348764	6.703669046677185e-03	6.760829753919818e-03
349153	6.599068870676184e-03	6.606934480075957e-03
350291	6.394284504386838e-03	6.456542290346556e-03
350680	6.307645678794049e-03	6.309573444801930e-03
351818	6.146567991642260e-03	6.165950018614822e-03
352704	6.004837726110046e-03	6.025595860743574e-03
354188	5.829515045083888e-03	5.888436553555890e-03
355280	5.718947884269854e-03	5.754399373371567e-03
356057	5.603420705044271e-03	5.623413251903491e-03
357581	5.438753600374713e-03	5.495408738576248e-03
358814	5.338238878444757e-03	5.370317963702527e-03
360732	5.215527155133293e-03	5.248074602497728e-03
361854	5.103492641666874e-03	5.128613839913648e-03
363347	5.000434750905947e-03	5.011872336272725e-03
364980	4.883331726452389e-03	4.897788193684461e-03
366655	4.772541097696537e-03	4.786300923226385e-03
368737	4.677150639050831e-03	4.677351412871981e-03
371524	4.561774290170684e-03	4.570881896148752e-03
373882	4.458389083682679e-03	4.466835921509630e-03
376716	4.357257786594904e-03	4.365158322401661e-03
379833	4.256144942046070e-03	4.265795188015926e-03
382628	4.160758863343439e-03	4.168693834703355e-03
386027	4.065812667586766e-03	4.073802778041126e-03
389604	3.978220926628473e-03	3.981071705534973e-03
393481	3.888221310190065e-03	3.890451449942805e-03
398390	3.797543844592410e-03	3.801893963205613e-03
403356	3.714181069931710e-03	3.715352290971724e-03
410427	3.628212422899457e-03	3.630780547701014e-03
416998	3.547264958894680e-03	3.548133892335753e-03
424815	3.467313476057998e-03	3.467368504525317e-03
434260	3.387317802833079e-03	3.388441561392024e-03
445947	3.311066301990739e-03	3.311311214825911e-03
461676	3.234827151737729e-03	3.235936569296281e-03
478005	3.161835865542861e-03	3.162277660168379e-03
498175	3.090180622977057e-03	3.090295432513592e-03
521139	3.019923493585153e-03	3.019951720402016e-03
558973	2.951185627672048e-03	2.951209226666387e-03
604026	2.884016944726064e-03	2.884031503126605e-03
655967	2.818372214374421e-03	2.818382931264455e-03
1000000	2.777086140635321e-03	2.818382931264455e-03
%
% index = 3069, name = bbob_f013_i21_d10__bbob_f021_i22_d10
% instance = 10, reference value = 8.351288031513210e-01
% function evaluation | indicator value | target hit
1	1.420046467495821e+00	1.445439770745927e+00
39	1.407655187791821e+00	1.412537544622754e+00
61	1.378105554824821e+00	1.380384264602885e+00
103	1.321454394782321e+00	1.348962882591654e+00
124	1.294648253615821e+00	1.318256738556407e+00
145	1.269025861553821e+00	1.288249551693134e+00
166	1.244626481696321e+00	1.258925411794167e+00
187	1.221389767979821e+00	1.230268770812382e+00
208	1.199199138494821e+00	1.202264434617413e+00
250	1.157549597648321e+00	1.174897554939530e+00
271	1.137969459240821e+00	1.148153621496883e+00
292	1.119177201561321e+00	1.122018454301963e+00
334	1.083897766452821e+00	1.096478196143185e+00
355	1.067396356576321e+00	1.071519305237606e+00
397	1.036671983728821e+00	1.047128548050900e+00
418	1.022464526045821e+00	1.023292992280754e+00
460	9.964351662758210e-01	1.000000000000000e+00
502	9.737447694413209e-01	9.772372209558107e-01
544	9.546464280813211e-01	9.549925860214360e-01
628	9.285355548228210e-01	9.332543007969910e-01
2822	9.035382789743210e-01	9.120108393559098e-01
3170	8.863162899038209e-01	8.912509381337456e-01
3562	8.597831286913210e-01	8.709635899560807e-01
4059	8.340088290077490e-01	8.511380382023764e-01
4579	8.197084770367074e-01	8.317637711026710e-01
5099	8.068597778418809e-01	8.128305161640993e-01
6135	7.852625959162279e-01	7.943282347242815e-01
6174	7.704180892476089e-01	7.762471166286917e-01
6195	7.564683405297707e-01	7.585775750291838e-01
8029	7.327976816972880e-01	7.413102413009175e-01
8050	7.104742918336333e-01	7.244359600749900e-01
8071	6.943988310327641e-01	7.079457843841379e-01
8092	6.852804511646189e-01	6.918309709189365e-01
8155	6.751241204327074e-01	6.760829753919817e-01
30821	6.579720393558450e-01	6.606934480075960e-01
31580	6.400136132408202e-01	6.456542290346555e-01
32078	6.240868464795221e-01	6.309573444801932e-01
32492	6.106402008630356e-01	6.165950018614822e-01
32906	5.994004553561580e-01	6.025595860743578e-01
32966	5.886526774254511e-01	5.888436553555889e-01
35272	5.739575699968130e-01	5.754399373371569e-01
35314	5.609151680468650e-01	5.623413251903491e-01
37945	5.450427695209936e-01	5.495408738576245e-01
39927	5.363488307599440e-01	5.370317963702527e-01
50452	5.162795546128596e-01	5.248074602497725e-01
50737	5.052885096907918e-01	5.128613839913648e-01
51024	4.962388026437839e-01	5.011872336272722e-01
51311	4.886450809937984e-01	4.897788193684462e-01
51950	4.765008585110470e-01	4.786300923226383e-01
52904	4.673759824184784e-01	4.677351412871982e-01
54392	4.567867704953426e-01	4.570881896148750e-01
63636	4.460190909294588e-01	4.466835921509631e-01
64183	4.306324720855026e-01	4.365158322401660e-01
64469	4.230240017050403e-01	4.265795188015927e-01
64755	4.148328562037815e-01	4.168693834703354e-01
65041	4.020124711299120e-01	4.073802778041127e-01
65327	3.908484743595483e-01	3.981071705534972e-01
65613	3.834065988274943e-01	3.890451449942806e-01
65899	3.797331861895714e-01	3.801893963205612e-01
75670	3.703238641780093e-01	3.715352290971726e-01
75733	3.611029946754242e-01	3.630780547701014e-01
75775	3.536341217811353e-01	3.548133892335755e-01
75838	3.462150789236664e-01	3.467368504525316e-01
83688	3.363839011927562e-01	3.388441561392025e-01
84709	3.309688794128705e-01	3.311311214825911e-01
94043	3.170432170262781e-01	3.235936569296283e-01
94371	3.019575063722807e-01	3.019951720402016e-01
94785	2.764029898932950e-01	2.818382931264454e-01
95221	2.519720647616331e-01	2.570395782768864e-01
95637	2.311520773349135e-01	2.344228815319922e-01
96010	2.155560322337632e-01	2.187761623949552e-01
96425	2.032715324332547e-01	2.041737944669530e-01
96862	1.916892197424915e-01	1.949844599758045e-01
97278	1.796700051297364e-01	1.819700858609984e-01
97692	1.686644655161178e-01	1.698243652461744e-01
98211	1.605155897233741e-01	1.621810097358930e-01
98689	1.553262358178790e-01	1.584893192461113e-01
99188	1.519823735124387e-01	1.548816618912481e-01
99601	1.493358489947502e-01	1.513561248436208e-01
100185	1.461958184083566e-01	1.479108388168208e-01
100768	1.425308740793768e-01	1.445439770745928e-01
101436	1.389901743684535e-01	1.412537544622754e-01
102061	1.364313799572782e-01	1.380384264602885e-01
102812	1.346691081017970e-01	1.348962882591654e-01
155418	1.318012851668701e-01	1.318256738556407e-01
177444	1.272745551922640e-01	1.288249551693134e-01
178712	1.258386555244656e-01	1.258925411794167e-01
374888	1.226698487336937e-01	1.230268770812381e-01
378158	1.200975319216542e-01	1.202264434617413e-01
389394	1.174528416031355e-01	1.174897554939529e-01
433127	1.148060432185261e-01	1.148153621496883e-01
999971	1.130600982135748e-01	1.148153621496883e-01
