%
% index = 1410, name = bbob_f013_i02_d03__bbob_f021_i04_d03
% instance = 1, reference value = 9.143402243276330e-01
% function evaluation | indicator value | target hit
1	1.599686652207133e+00	1.621810097358930e+00
20	1.583919156011633e+00	1.584893192461114e+00
22	1.537627147954633e+00	1.548816618912481e+00
23	1.478342998111633e+00	1.479108388168207e+00
24	1.368392570637633e+00	1.380384264602885e+00
25	1.181154358811133e+00	1.202264434617413e+00
32	9.334945739196329e-01	9.549925860214360e-01
39	7.321895974029611e-01	7.413102413009175e-01
46	6.104176558415018e-01	6.165950018614822e-01
53	5.536056178275650e-01	5.623413251903491e-01
60	5.100652631569351e-01	5.128613839913648e-01
67	4.914075229276900e-01	5.011872336272722e-01
74	4.680677683988205e-01	4.786300923226383e-01
81	4.474011993671709e-01	4.570881896148750e-01
88	4.297319128304600e-01	4.365158322401660e-01
95	4.157349048313881e-01	4.168693834703354e-01
102	4.069141171051794e-01	4.073802778041127e-01
116	3.978424421207502e-01	3.981071705534972e-01
158	3.867098469632979e-01	3.890451449942806e-01
516	3.789558565143752e-01	3.801893963205612e-01
615	3.622761620824108e-01	3.630780547701014e-01
678	3.530619098823096e-01	3.548133892335755e-01
740	3.453365814045540e-01	3.467368504525316e-01
854	3.377760405452924e-01	3.388441561392025e-01
1943	3.304406333384706e-01	3.311311214825911e-01
2004	3.163365530174602e-01	3.235936569296283e-01
2060	3.130225240354368e-01	3.162277660168379e-01
4370	3.065838541983197e-01	3.090295432513591e-01
4377	2.920429503894055e-01	2.951209226666385e-01
4384	2.843751007562683e-01	2.884031503126606e-01
4391	2.777642251758546e-01	2.818382931264454e-01
4398	2.654199173845737e-01	2.691534803926916e-01
4405	2.445423742725694e-01	2.454708915685030e-01
4412	2.302423817244493e-01	2.344228815319922e-01
4419	2.264837519801340e-01	2.290867652767773e-01
4426	2.232778484292485e-01	2.238721138568339e-01
4440	2.101374848520056e-01	2.137962089502232e-01
4447	1.946449269772533e-01	1.949844599758045e-01
4489	1.900074297400550e-01	1.905460717963247e-01
8069	1.854418187186803e-01	1.862087136662867e-01
8576	1.813077953286535e-01	1.819700858609984e-01
8621	1.777815169525953e-01	1.778279410038923e-01
8668	1.719541582309458e-01	1.737800828749375e-01
8717	1.639709149964222e-01	1.659586907437560e-01
8788	1.565947558152311e-01	1.584893192461113e-01
8861	1.508930530690844e-01	1.513561248436208e-01
8933	1.459699939233762e-01	1.479108388168208e-01
9004	1.425796194833308e-01	1.445439770745928e-01
9060	1.408709722359717e-01	1.412537544622754e-01
10019	1.278566111678031e-01	1.288249551693134e-01
10026	1.191863550296809e-01	1.202264434617413e-01
10033	1.168888018021380e-01	1.174897554939529e-01
10040	1.147494591635144e-01	1.148153621496883e-01
10054	1.114110891615054e-01	1.122018454301964e-01
10061	1.094576695632176e-01	1.096478196143185e-01
10082	1.071273456245381e-01	1.071519305237607e-01
10117	1.028449425992811e-01	1.047128548050900e-01
10152	1.007802327976778e-01	1.023292992280754e-01
10159	9.907096965000195e-02	1.000000000000000e-01
10487	9.766036934967526e-02	9.772372209558107e-02
10663	9.522259266608757e-02	9.549925860214359e-02
12615	9.097583577765878e-02	9.120108393559097e-02
26387	8.432470716760732e-02	8.511380382023763e-02
26456	7.971689636231494e-02	8.128305161640990e-02
26519	7.868996608574297e-02	7.943282347242814e-02
28795	7.702411898356776e-02	7.762471166286916e-02
28809	7.301428438856528e-02	7.413102413009177e-02
28816	7.131832236713609e-02	7.244359600749903e-02
28823	6.769243506926181e-02	6.918309709189366e-02
28830	6.395953216408934e-02	6.456542290346556e-02
28837	6.129307386895144e-02	6.165950018614822e-02
28844	5.960440248930188e-02	6.025595860743578e-02
28851	5.879441820929732e-02	5.888436553555890e-02
34097	5.752373357820217e-02	5.754399373371569e-02
34181	5.619336771337224e-02	5.623413251903491e-02
34233	5.460997904259368e-02	5.495408738576246e-02
34303	5.206779453770294e-02	5.248074602497726e-02
34404	4.920351603300388e-02	5.011872336272722e-02
34511	4.705189105277408e-02	4.786300923226382e-02
34682	4.534623544779504e-02	4.570881896148749e-02
34832	4.404486015137321e-02	4.466835921509630e-02
34982	4.311221471857307e-02	4.365158322401658e-02
35124	4.250421825178119e-02	4.265795188015926e-02
40739	4.155508493048088e-02	4.168693834703355e-02
47102	4.072839123020056e-02	4.073802778041128e-02
56116	3.981057580468594e-02	3.981071705534973e-02
84633	3.869616299553313e-02	3.890451449942807e-02
84991	3.789585437872345e-02	3.801893963205612e-02
85092	3.671139376024168e-02	3.715352290971726e-02
85144	3.618886310214908e-02	3.630780547701014e-02
85248	3.543933511046671e-02	3.548133892335755e-02
139941	2.949919590252081e-02	2.951209226666385e-02
140225	2.839047612385759e-02	2.884031503126606e-02
140323	2.585087576927525e-02	2.630267991895381e-02
140422	2.383223442162907e-02	2.398832919019490e-02
140527	2.328129064559803e-02	2.344228815319923e-02
140733	2.118434701377281e-02	2.137962089502233e-02
140894	1.490874977067735e-02	1.513561248436208e-02
141022	9.261197656118214e-03	9.332543007969915e-03
141088	5.082550613619063e-03	5.128613839913648e-03
141154	2.526584342645632e-03	2.570395782768865e-03
141220	1.355989063194563e-03	1.380384264602885e-03
141285	1.331031254968806e-03	1.348962882591653e-03
141304	1.315261157399994e-03	1.318256738556408e-03
141313	1.275890649964806e-03	1.288249551693134e-03
141512	1.209643385282511e-03	1.230268770812381e-03
195942	1.198478605039410e-03	1.202264434617413e-03
196026	1.168579286136673e-03	1.174897554939529e-03
196061	1.146962999118095e-03	1.148153621496883e-03
226486	1.110587287925568e-03	1.122018454301963e-03
226500	1.092586264210493e-03	1.096478196143185e-03
226619	1.060962770791041e-03	1.071519305237606e-03
245555	1.045603832463549e-03	1.047128548050900e-03
289048	1.014440103806358e-03	1.023292992280754e-03
289055	9.934962754536425e-04	1.000000000000000e-03
289118	9.738944292543295e-04	9.772372209558111e-04
289181	9.545080906191439e-04	9.549925860214359e-04
299999	9.388381486247210e-04	9.549925860214359e-04
%
% index = 1411, name = bbob_f013_i03_d03__bbob_f021_i05_d03
% instance = 2, reference value = 6.843858840798900e-01
% function evaluation | indicator value | target hit
1	1.060139340822890e+00	1.071519305237606e+00
25	1.039005786609890e+00	1.047128548050900e+00
32	1.020129971224890e+00	1.023292992280754e+00
39	9.941479174443899e-01	1.000000000000000e+00
46	9.701190319423900e-01	9.772372209558107e-01
53	9.501666482258899e-01	9.549925860214360e-01
60	9.322256384718899e-01	9.332543007969910e-01
74	8.953814988798900e-01	9.120108393559098e-01
81	8.781425742768900e-01	8.912509381337456e-01
88	8.635740797938900e-01	8.709635899560807e-01
95	8.505421937318900e-01	8.511380382023764e-01
109	8.291025179853899e-01	8.317637711026710e-01
123	8.112708342103900e-01	8.128305161640993e-01
144	7.923940930208899e-01	7.943282347242815e-01
193	7.759780252453901e-01	7.762471166286917e-01
681	7.580081383658899e-01	7.585775750291838e-01
870	7.182233754023899e-01	7.244359600749900e-01
948	6.930029437343899e-01	7.079457843841379e-01
1070	6.764614426113515e-01	6.918309709189365e-01
1193	6.656583646281622e-01	6.760829753919817e-01
1317	6.558228805446510e-01	6.606934480075960e-01
1535	6.414952263165146e-01	6.456542290346555e-01
11062	6.014110932756093e-01	6.025595860743578e-01
11150	5.678432355723076e-01	5.754399373371569e-01
11273	5.393274795208971e-01	5.495408738576245e-01
11366	5.157125312792413e-01	5.248074602497725e-01
11431	4.963337287399741e-01	5.011872336272722e-01
11534	4.808026982101502e-01	4.897788193684462e-01
11602	4.675586664896517e-01	4.677351412871982e-01
11687	4.567179646884448e-01	4.570881896148750e-01
11862	4.393011392387909e-01	4.466835921509631e-01
11953	4.322013209621364e-01	4.365158322401660e-01
12024	4.257923216977316e-01	4.265795188015927e-01
12199	4.139246617256918e-01	4.168693834703354e-01
12380	4.040531314319428e-01	4.073802778041127e-01
12553	3.962279957876144e-01	3.981071705534972e-01
12878	3.887227736709478e-01	3.890451449942806e-01
15104	3.783702184248917e-01	3.801893963205612e-01
15713	3.695071861469109e-01	3.715352290971726e-01
15720	3.555632975479106e-01	3.630780547701014e-01
15727	3.128611582956101e-01	3.162277660168379e-01
15734	2.718535054090669e-01	2.754228703338166e-01
15741	2.487743657946002e-01	2.511886431509580e-01
15748	2.424751018874643e-01	2.454708915685030e-01
15755	2.376377466597342e-01	2.398832919019490e-01
15762	2.332113358344677e-01	2.344228815319922e-01
16104	2.283853782625109e-01	2.290867652767773e-01
16300	2.217043512836842e-01	2.238721138568339e-01
16426	2.163732124100534e-01	2.187761623949552e-01
16539	2.123224986966967e-01	2.137962089502232e-01
18348	2.007501832162775e-01	2.041737944669530e-01
18481	1.990729029462852e-01	1.995262314968880e-01
24039	1.935852593704254e-01	1.949844599758045e-01
24127	1.891493686855731e-01	1.905460717963247e-01
24180	1.852459980812262e-01	1.862087136662867e-01
32237	1.455271675134671e-01	1.479108388168208e-01
32354	1.150256522437354e-01	1.174897554939529e-01
32406	9.761484541410947e-02	9.772372209558107e-02
32474	8.980061951031715e-02	9.120108393559097e-02
32569	8.689566554164174e-02	8.709635899560805e-02
32685	8.429166859324599e-02	8.511380382023763e-02
32736	7.914945965801201e-02	7.943282347242814e-02
32824	7.168771720328193e-02	7.244359600749903e-02
32912	6.402831275885723e-02	6.456542290346556e-02
33034	5.792351990527544e-02	5.888436553555890e-02
33114	5.390739049125703e-02	5.495408738576246e-02
33164	5.176497321695606e-02	5.248074602497726e-02
33251	5.112424975289731e-02	5.128613839913648e-02
86600	4.807944703766942e-02	4.897788193684462e-02
86607	4.380919991826615e-02	4.466835921509630e-02
86614	3.739514956805723e-02	3.801893963205612e-02
86628	3.023989447571229e-02	3.090295432513590e-02
86635	2.952372903834588e-02	3.019951720402016e-02
86642	2.947059218770287e-02	2.951209226666385e-02
86649	2.732861436442735e-02	2.754228703338166e-02
86663	2.588866328886552e-02	2.630267991895381e-02
86670	2.550208045582469e-02	2.570395782768863e-02
87643	2.504795726738851e-02	2.511886431509579e-02
88925	2.441940984862379e-02	2.454708915685030e-02
88972	2.382811226480352e-02	2.398832919019490e-02
89021	2.287322881791753e-02	2.290867652767773e-02
89101	2.180751128491620e-02	2.187761623949553e-02
94570	2.091261795974897e-02	2.137962089502233e-02
94621	2.046894442598202e-02	2.089296130854040e-02
94737	2.034259987459075e-02	2.041737944669529e-02
94947	1.967602438024330e-02	1.995262314968880e-02
94997	1.938067933528642e-02	1.949844599758046e-02
95098	1.895183155718083e-02	1.905460717963247e-02
95443	1.860110357774547e-02	1.862087136662868e-02
95950	1.810816725298225e-02	1.819700858609984e-02
96478	1.770072692569824e-02	1.778279410038923e-02
96715	1.734585160539637e-02	1.737800828749375e-02
97110	1.695631072085080e-02	1.698243652461744e-02
97758	1.657383061528694e-02	1.659586907437561e-02
98569	1.620299199052389e-02	1.621810097358930e-02
99721	1.584109821605917e-02	1.584893192461113e-02
101097	1.547919122041530e-02	1.548816618912481e-02
102966	1.513001418432181e-02	1.513561248436208e-02
105326	1.478949132344964e-02	1.479108388168207e-02
109323	1.445433667931961e-02	1.445439770745927e-02
194227	1.407857441571847e-02	1.412537544622754e-02
194253	1.246180473367553e-02	1.258925411794167e-02
194295	1.066263637024434e-02	1.071519305237606e-02
194339	1.017820151479465e-02	1.023292992280754e-02
194765	9.984358240446078e-03	1.000000000000000e-02
200262	9.518900170863764e-03	9.549925860214359e-03
200276	9.211338839504535e-03	9.332543007969915e-03
200283	8.249443274747303e-03	8.317637711026709e-03
200290	7.220125099971608e-03	7.244359600749898e-03
200311	6.907845711517924e-03	6.918309709189363e-03
200318	6.578347298445641e-03	6.606934480075957e-03
200325	5.555639158410286e-03	5.623413251903491e-03
200339	5.492014367401876e-03	5.495408738576248e-03
200360	5.263897703460918e-03	5.370317963702527e-03
200367	5.067559542825339e-03	5.128613839913648e-03
200409	5.004908686844334e-03	5.011872336272725e-03
200855	4.817925793914157e-03	4.897788193684461e-03
200863	4.633373881575586e-03	4.677351412871981e-03
200904	4.270089555545753e-03	4.365158322401661e-03
200954	3.568925542448254e-03	3.630780547701014e-03
201075	2.501962681688008e-03	2.511886431509579e-03
201154	1.605226825396433e-03	1.621810097358930e-03
201241	1.140965653844916e-03	1.148153621496883e-03
201330	8.050654412876668e-04	8.128305161640995e-04
201387	7.820150670333481e-04	7.943282347242813e-04
204589	7.722747390493945e-04	7.762471166286919e-04
299999	7.621459610336334e-04	7.762471166286919e-04
%
% index = 1412, name = bbob_f013_i07_d03__bbob_f021_i08_d03
% instance = 3, reference value = 9.385076449045240e-01
% function evaluation | indicator value | target hit
1	2.368731787612234e+00	2.398832919019490e+00
24	2.341416446448550e+00	2.344228815319922e+00
32	2.271914912102571e+00	2.290867652767773e+00
39	2.206137880503279e+00	2.238721138568339e+00
46	2.143699939402259e+00	2.187761623949553e+00
53	2.083200268936555e+00	2.089296130854040e+00
60	2.023126007241761e+00	2.041737944669529e+00
67	1.963079118125350e+00	1.995262314968880e+00
74	1.903680284973354e+00	1.905460717963247e+00
81	1.846132616124582e+00	1.862087136662868e+00
88	1.791929621421630e+00	1.819700858609983e+00
95	1.742690519266210e+00	1.778279410038923e+00
102	1.700100685067129e+00	1.737800828749375e+00
109	1.665976552550125e+00	1.698243652461744e+00
116	1.642591822435032e+00	1.659586907437561e+00
567	1.617563859417541e+00	1.621810097358930e+00
621	1.581126575034678e+00	1.584893192461114e+00
683	1.501789785543256e+00	1.513561248436208e+00
857	1.375768888242494e+00	1.380384264602885e+00
864	1.078428646937665e+00	1.096478196143185e+00
871	9.851641971245240e-01	1.000000000000000e+00
878	9.327107527504932e-01	9.332543007969910e-01
885	8.937609167577549e-01	9.120108393559098e-01
892	8.461100230945697e-01	8.511380382023764e-01
899	8.016012657952994e-01	8.128305161640993e-01
906	7.819656167296339e-01	7.943282347242815e-01
913	7.614122094540218e-01	7.762471166286917e-01
920	7.476034010537524e-01	7.585775750291838e-01
927	7.398866153606612e-01	7.413102413009175e-01
948	7.130332804935224e-01	7.244359600749900e-01
955	6.738573642416283e-01	6.760829753919817e-01
962	6.161142516051048e-01	6.165950018614822e-01
969	5.637374225317276e-01	5.754399373371569e-01
976	5.216660215061053e-01	5.248074602497725e-01
983	4.970330179393187e-01	5.011872336272722e-01
990	4.553492295290144e-01	4.570881896148750e-01
997	4.135924645748370e-01	4.168693834703354e-01
1004	3.778654082401718e-01	3.801893963205612e-01
1011	3.543939112341750e-01	3.548133892335755e-01
1018	3.456811900564273e-01	3.467368504525316e-01
1025	3.317056300262033e-01	3.388441561392025e-01
1032	3.277859473452329e-01	3.311311214825911e-01
1046	3.234979316853938e-01	3.235936569296283e-01
3046	3.146547876340658e-01	3.162277660168379e-01
3070	3.083514796145224e-01	3.090295432513591e-01
3123	2.959689145313379e-01	3.019951720402016e-01
3185	2.722215564456409e-01	2.754228703338166e-01
3250	2.359386872968299e-01	2.398832919019490e-01
3296	2.061978371948832e-01	2.089296130854039e-01
3365	1.852642988378821e-01	1.862087136662867e-01
3436	1.736210353060156e-01	1.737800828749375e-01
3510	1.628160767492638e-01	1.659586907437560e-01
3533	1.621752996003769e-01	1.621810097358930e-01
3591	1.503425144071263e-01	1.513561248436208e-01
3663	1.347827420702873e-01	1.348962882591654e-01
3734	1.200676614769998e-01	1.202264434617413e-01
3804	1.078811879092819e-01	1.096478196143185e-01
3824	1.070879729017596e-01	1.071519305237607e-01
3827	1.016872980479482e-01	1.023292992280754e-01
3828	9.635665762415024e-02	9.772372209558107e-02
3835	8.868200043751839e-02	8.912509381337455e-02
3940	8.277973947747164e-02	8.317637711026708e-02
4414	7.100592885826340e-02	7.244359600749903e-02
4421	6.567477980019754e-02	6.606934480075961e-02
4428	6.314344632455560e-02	6.456542290346556e-02
4435	6.228493118905798e-02	6.309573444801933e-02
4449	6.164335218758821e-02	6.165950018614822e-02
4470	5.917632027944220e-02	6.025595860743578e-02
4477	5.851844575316523e-02	5.888436553555890e-02
4491	5.745906231233178e-02	5.754399373371569e-02
4505	4.562661743134666e-02	4.570881896148749e-02
4519	4.459935061435372e-02	4.466835921509630e-02
4526	4.276759071045622e-02	4.365158322401658e-02
4892	4.192730652665178e-02	4.265795188015926e-02
4955	4.066124796854687e-02	4.073802778041128e-02
5077	3.965486106810645e-02	3.981071705534973e-02
6703	3.785892744184505e-02	3.801893963205612e-02
6852	3.477721400104772e-02	3.548133892335755e-02
6948	2.868464330106668e-02	2.884031503126606e-02
7015	2.567178462514108e-02	2.570395782768863e-02
7035	2.477877523797667e-02	2.511886431509579e-02
7036	2.400260085218731e-02	2.454708915685030e-02
7037	2.373724077574568e-02	2.398832919019490e-02
7053	2.337976309283973e-02	2.344228815319923e-02
7381	2.240135546936750e-02	2.290867652767773e-02
7395	2.238537264363638e-02	2.238721138568340e-02
9651	2.181839853444278e-02	2.187761623949553e-02
10313	2.112622540606879e-02	2.137962089502233e-02
10536	2.087520862282111e-02	2.089296130854040e-02
15853	1.960479514031610e-02	1.995262314968880e-02
15994	1.900129499420156e-02	1.905460717963247e-02
16260	1.840729338168268e-02	1.862087136662868e-02
75872	1.818492163144814e-02	1.819700858609984e-02
75879	1.775048700331627e-02	1.778279410038923e-02
75893	1.718794632982001e-02	1.737800828749375e-02
75900	1.693235426551087e-02	1.698243652461744e-02
75907	1.646133441239039e-02	1.659586907437561e-02
75914	1.605684840576493e-02	1.621810097358930e-02
75949	1.583062982026262e-02	1.584893192461113e-02
76552	1.542386584089583e-02	1.548816618912481e-02
76642	1.508154084916402e-02	1.513561248436208e-02
76748	1.458349394322500e-02	1.479108388168207e-02
76834	1.417257669784000e-02	1.445439770745927e-02
76915	1.398144686630098e-02	1.412537544622754e-02
83032	1.351762171929527e-02	1.380384264602885e-02
83080	1.197631683795797e-02	1.202264434617413e-02
83137	8.700892868952481e-03	8.709635899560805e-03
83215	6.121200567579921e-03	6.165950018614822e-03
83293	4.513962007564043e-03	4.570881896148752e-03
83313	4.454144782013336e-03	4.466835921509630e-03
83386	4.241304266512924e-03	4.265795188015926e-03
83415	4.168515691326591e-03	4.168693834703355e-03
85392	4.006737208811728e-03	4.073802778041126e-03
85458	3.614036366134665e-03	3.630780547701014e-03
85513	3.210146917241308e-03	3.235936569296281e-03
85580	2.931134122058698e-03	2.951209226666387e-03
85790	2.820712793092484e-03	2.884031503126605e-03
85901	2.710895571014782e-03	2.754228703338166e-03
85994	2.608521283152920e-03	2.630267991895381e-03
86033	2.513488446388212e-03	2.570395782768865e-03
86078	2.402146163724028e-03	2.454708915685031e-03
86144	2.326803704618241e-03	2.344228815319923e-03
86203	2.248893689399178e-03	2.290867652767772e-03
86268	2.180243658456482e-03	2.187761623949552e-03
86333	2.115032924850491e-03	2.137962089502233e-03
86398	2.059377602256829e-03	2.089296130854039e-03
86475	2.006158583875095e-03	2.041737944669530e-03
86542	1.937116461533273e-03	1.949844599758046e-03
86712	1.900849608242883e-03	1.905460717963246e-03
86989	1.852905704602281e-03	1.862087136662868e-03
87120	1.791389002713362e-03	1.819700858609983e-03
87227	1.761389791763879e-03	1.778279410038923e-03
87284	1.732787956028270e-03	1.737800828749376e-03
87409	1.672734323395098e-03	1.698243652461744e-03
87439	1.647921518376672e-03	1.659586907437561e-03
87520	1.599341272391031e-03	1.621810097358930e-03
87577	1.575365844606380e-03	1.584893192461114e-03
87695	1.533537365266402e-03	1.548816618912481e-03
87759	1.513353861023803e-03	1.513561248436209e-03
87910	1.475192311007012e-03	1.479108388168207e-03
88031	1.433750854697768e-03	1.445439770745928e-03
88142	1.395613314109201e-03	1.412537544622754e-03
88187	1.378618809501186e-03	1.380384264602885e-03
88306	1.339024355327512e-03	1.348962882591653e-03
88461	1.307412144294973e-03	1.318256738556408e-03
88582	1.278909208503265e-03	1.288249551693134e-03
88721	1.256194050930803e-03	1.258925411794167e-03
88850	1.224796407516049e-03	1.230268770812381e-03
89232	1.195621813510850e-03	1.202264434617413e-03
89304	1.173315562279731e-03	1.174897554939529e-03
89508	1.143438287667831e-03	1.148153621496883e-03
89620	1.116612519014182e-03	1.122018454301963e-03
89820	1.092173554854137e-03	1.096478196143185e-03
89951	1.070453503175917e-03	1.071519305237606e-03
90176	1.043662833643766e-03	1.047128548050900e-03
90353	1.019056445613842e-03	1.023292992280754e-03
90455	9.984939594706033e-04	1.000000000000000e-03
90605	9.740111180133182e-04	9.772372209558111e-04
90824	9.503191190630700e-04	9.549925860214359e-04
91067	9.288449485459482e-04	9.332543007969915e-04
91267	9.080919576989199e-04	9.120108393559096e-04
91495	8.903513877506208e-04	8.912509381337459e-04
91879	8.673591140413439e-04	8.709635899560805e-04
92053	8.503037728342377e-04	8.511380382023768e-04
92328	8.303064883088407e-04	8.317637711026709e-04
92636	8.105312047719249e-04	8.128305161640995e-04
92963	7.916824900493502e-04	7.943282347242813e-04
93400	7.748023730691500e-04	7.762471166286919e-04
93791	7.563951502868038e-04	7.585775750291835e-04
94058	7.397426508494176e-04	7.413102413009177e-04
94330	7.228793067428629e-04	7.244359600749898e-04
94664	7.065041239063818e-04	7.079457843841380e-04
95100	6.905864619987101e-04	6.918309709189362e-04
95565	6.755795943911291e-04	6.760829753919819e-04
95854	6.597398723675596e-04	6.606934480075957e-04
96145	6.444102654852291e-04	6.456542290346556e-04
96537	6.302850701920271e-04	6.309573444801930e-04
96992	6.156470387278512e-04	6.165950018614823e-04
97527	6.020813054991025e-04	6.025595860743575e-04
98087	5.886585497920649e-04	5.888436553555889e-04
98486	5.745070495742910e-04	5.754399373371566e-04
99167	5.614469980903536e-04	5.623413251903491e-04
99896	5.493004821904846e-04	5.495408738576248e-04
100630	5.369605932876720e-04	5.370317963702527e-04
101833	5.244535554020935e-04	5.248074602497728e-04
102256	5.124181372597736e-04	5.128613839913648e-04
102861	5.010754915307780e-04	5.011872336272725e-04
103755	4.894635835710481e-04	4.897788193684461e-04
104533	4.782476986900930e-04	4.786300923226385e-04
105505	4.674763105849689e-04	4.677351412871981e-04
106504	4.568921272154469e-04	4.570881896148752e-04
107368	4.466569175369806e-04	4.466835921509630e-04
108241	4.362847904454403e-04	4.365158322401661e-04
109111	4.265376559350331e-04	4.265795188015926e-04
110148	4.167002393145047e-04	4.168693834703355e-04
111901	4.073252839714714e-04	4.073802778041126e-04
113281	3.980434810667566e-04	3.981071705534974e-04
114564	3.890111957494113e-04	3.890451449942805e-04
115721	3.801398205341977e-04	3.801893963205612e-04
116773	3.714884420880082e-04	3.715352290971724e-04
117537	3.630462278454427e-04	3.630780547701014e-04
119172	3.547739406580819e-04	3.548133892335753e-04
122432	3.467257553845249e-04	3.467368504525317e-04
124595	3.388291004418065e-04	3.388441561392024e-04
126309	3.311259873615136e-04	3.311311214825911e-04
128126	3.235828709198252e-04	3.235936569296281e-04
132621	3.162201979496349e-04	3.162277660168379e-04
135882	3.090250514945492e-04	3.090295432513592e-04
141899	3.019937422705787e-04	3.019951720402016e-04
299994	2.963875601467159e-04	3.019951720402016e-04
%
% index = 1413, name = bbob_f013_i09_d03__bbob_f021_i10_d03
% instance = 4, reference value = 8.202374369158000e-01
% function evaluation | indicator value | target hit
1	6.787054182054344e-01	6.918309709189365e-01
19	6.759362344364109e-01	6.760829753919817e-01
22	6.559579385004325e-01	6.606934480075960e-01
23	6.321109069964477e-01	6.456542290346555e-01
24	5.831994276475109e-01	5.888436553555889e-01
25	4.950352066501586e-01	5.011872336272722e-01
32	4.085832760848547e-01	4.168693834703354e-01
39	3.534347519262694e-01	3.548133892335755e-01
46	3.307188999842850e-01	3.311311214825911e-01
53	3.095513362797523e-01	3.162277660168379e-01
60	2.934081894995160e-01	2.951209226666385e-01
67	2.830531764587595e-01	2.884031503126606e-01
74	2.772218342354541e-01	2.818382931264454e-01
88	2.748710635389959e-01	2.754228703338166e-01
480	2.659757205920047e-01	2.691534803926916e-01
582	2.588067070746547e-01	2.630267991895382e-01
664	2.454346862816653e-01	2.454708915685030e-01
727	2.261366058386186e-01	2.290867652767773e-01
813	2.110283600801066e-01	2.137962089502232e-01
885	2.001419487038729e-01	2.041737944669530e-01
943	1.926273443003814e-01	1.949844599758045e-01
1001	1.902683095273336e-01	1.905460717963247e-01
1941	1.785106148144373e-01	1.819700858609984e-01
2024	1.619533895264856e-01	1.621810097358930e-01
2138	1.511416122628541e-01	1.513561248436208e-01
2258	1.443630321806145e-01	1.445439770745928e-01
2371	1.402970122686782e-01	1.412537544622754e-01
2490	1.379988514629704e-01	1.380384264602885e-01
5894	1.345566122751758e-01	1.348962882591654e-01
6926	1.315532610542109e-01	1.318256738556407e-01
7782	1.284131744477355e-01	1.288249551693134e-01
7829	1.258262650447309e-01	1.258925411794167e-01
7878	1.214242689192203e-01	1.230268770812381e-01
7928	1.162665724750306e-01	1.174897554939529e-01
7979	1.147713788511575e-01	1.148153621496883e-01
30515	1.115931566267312e-01	1.122018454301964e-01
31472	1.096435406250879e-01	1.096478196143185e-01
31758	1.055654658048660e-01	1.071519305237607e-01
31805	9.710628604271765e-02	9.772372209558107e-02
31854	7.799112293130794e-02	7.943282347242814e-02
31919	7.648908673333421e-02	7.762471166286916e-02
31939	7.571268270699094e-02	7.585775750291836e-02
31941	7.407718976691469e-02	7.413102413009177e-02
51413	7.237727092392132e-02	7.244359600749903e-02
57161	6.953299938507407e-02	7.079457843841380e-02
57168	6.686784110162858e-02	6.760829753919818e-02
57175	6.490159401396400e-02	6.606934480075961e-02
57182	6.356978099261734e-02	6.456542290346556e-02
57189	6.273120281229161e-02	6.309573444801933e-02
57224	6.145753342353277e-02	6.165950018614822e-02
59058	5.971538628886941e-02	6.025595860743578e-02
59124	5.677722233666316e-02	5.754399373371569e-02
59192	5.594342522739304e-02	5.623413251903491e-02
60660	5.492334050251202e-02	5.495408738576246e-02
61123	5.370248534940147e-02	5.370317963702527e-02
62265	5.244810846726677e-02	5.248074602497726e-02
65911	5.127843450714220e-02	5.128613839913648e-02
125880	4.208630813515224e-02	4.265795188015926e-02
125887	3.319265810581584e-02	3.388441561392026e-02
125894	2.584226920944188e-02	2.630267991895381e-02
125901	2.098267395077624e-02	2.137962089502233e-02
125908	1.708603319051272e-02	1.737800828749375e-02
125915	1.530180072367948e-02	1.548816618912481e-02
125922	1.436739541269472e-02	1.445439770745927e-02
126102	1.402973424476761e-02	1.412537544622754e-02
126170	1.340205539356409e-02	1.348962882591653e-02
126211	1.258359000877662e-02	1.258925411794167e-02
126277	1.101208971039636e-02	1.122018454301964e-02
126322	8.278419545758031e-03	8.317637711026709e-03
126376	5.344180634577533e-03	5.370317963702527e-03
126446	4.137537485239040e-03	4.168693834703355e-03
126509	3.826240048691365e-03	3.890451449942805e-03
126531	3.790619285556240e-03	3.801893963205613e-03
126787	3.710387036530816e-03	3.715352290971724e-03
128166	3.620055779876341e-03	3.630780547701014e-03
128215	3.479457916038653e-03	3.548133892335753e-03
128266	2.657786185858657e-03	2.691534803926917e-03
128320	2.556559575617290e-03	2.570395782768865e-03
128932	2.511878394487188e-03	2.511886431509579e-03
241213	2.386237396500790e-03	2.398832919019490e-03
241220	2.136229508212018e-03	2.137962089502233e-03
248152	2.083656272500956e-03	2.089296130854039e-03
248173	2.034766576889613e-03	2.041737944669530e-03
261065	1.950600447613526e-03	1.995262314968879e-03
261072	1.923603033709198e-03	1.949844599758046e-03
285003	1.902207283925095e-03	1.905460717963246e-03
300000	1.892448011050596e-03	1.905460717963246e-03
%
% index = 1414, name = bbob_f013_i11_d03__bbob_f021_i12_d03
% instance = 5, reference value = 7.612693561724020e-01
% function evaluation | indicator value | target hit
1	3.624927230199902e+00	3.630780547701014e+00
23	3.480682956466902e+00	3.548133892335755e+00
24	3.343632813950402e+00	3.388441561392026e+00
25	3.084487602712402e+00	3.090295432513591e+00
32	2.677109715357902e+00	2.691534803926916e+00
39	2.030248298759402e+00	2.041737944669529e+00
46	1.482096754512402e+00	1.513561248436208e+00
53	1.138986551020402e+00	1.148153621496883e+00
60	9.485467059649020e-01	9.549925860214360e-01
67	7.625877611889020e-01	7.762471166286917e-01
74	7.015390648098961e-01	7.079457843841379e-01
81	6.451490190017650e-01	6.456542290346555e-01
88	6.082028749840388e-01	6.165950018614822e-01
95	5.907249877725027e-01	6.025595860743578e-01
284	5.887936247787735e-01	5.888436553555889e-01
507	5.712392681293835e-01	5.754399373371569e-01
637	5.613574558588639e-01	5.623413251903491e-01
24942	5.492967042612890e-01	5.495408738576245e-01
26106	4.372219940824226e-01	4.466835921509631e-01
26113	2.860657851540932e-01	2.884031503126606e-01
26120	1.762612784954782e-01	1.778279410038923e-01
26127	1.345742553800652e-01	1.348962882591654e-01
26134	1.230512635730294e-01	1.258925411794167e-01
26141	1.165549975837745e-01	1.174897554939529e-01
27031	1.147174872556128e-01	1.148153621496883e-01
27153	1.116552335262093e-01	1.122018454301964e-01
27196	1.084252891945819e-01	1.096478196143185e-01
27248	1.021937517800494e-01	1.023292992280754e-01
27302	9.382283965103044e-02	9.549925860214359e-02
27371	9.031582502262525e-02	9.120108393559097e-02
28413	8.912087939693114e-02	8.912509381337455e-02
28512	8.558848955597342e-02	8.709635899560805e-02
28556	8.076233040636094e-02	8.128305161640990e-02
28602	7.018855272617774e-02	7.079457843841380e-02
28664	6.270298661495977e-02	6.309573444801933e-02
37000	6.115847960904175e-02	6.165950018614822e-02
38452	6.019019390857472e-02	6.025595860743578e-02
38818	5.885865951918579e-02	5.888436553555890e-02
81642	4.873035805536774e-02	4.897788193684462e-02
81649	4.077164860134785e-02	4.168693834703355e-02
81656	3.969796234965883e-02	3.981071705534973e-02
81663	3.447292967178905e-02	3.467368504525317e-02
81670	3.075671385183820e-02	3.090295432513590e-02
81677	2.944950775003896e-02	2.951209226666385e-02
81684	2.791080691283643e-02	2.818382931264454e-02
81691	2.753018348209690e-02	2.754228703338166e-02
81899	2.685226181350386e-02	2.691534803926915e-02
81948	2.576835123283117e-02	2.630267991895381e-02
81973	2.434517857614948e-02	2.454708915685030e-02
82021	2.165116887714658e-02	2.187761623949553e-02
82064	1.779350120366019e-02	1.819700858609984e-02
82109	1.418537485885107e-02	1.445439770745927e-02
82154	1.153831574920439e-02	1.174897554939530e-02
82199	1.092777665076572e-02	1.096478196143185e-02
84483	1.069844095785732e-02	1.071519305237606e-02
84508	1.035823258310931e-02	1.047128548050900e-02
84556	9.908741608498861e-03	1.000000000000000e-02
84606	9.551843957158690e-03	9.772372209558112e-03
84679	9.443781928504591e-03	9.549925860214359e-03
85888	8.897956140469954e-03	8.912509381337459e-03
85952	8.582017832546640e-03	8.709635899560805e-03
85980	8.429977394269317e-03	8.511380382023767e-03
86022	8.303539276282912e-03	8.317637711026709e-03
86102	8.039159188400147e-03	8.128305161640995e-03
86196	7.916452827802289e-03	7.943282347242814e-03
86331	7.732059869573926e-03	7.762471166286920e-03
86560	7.583611673484869e-03	7.585775750291836e-03
86996	7.412839451532371e-03	7.413102413009177e-03
87941	7.244309571391994e-03	7.244359600749898e-03
104013	6.672250686393433e-03	6.760829753919818e-03
104061	2.053887144009781e-03	2.089296130854039e-03
104131	1.639860385222458e-03	1.659586907437561e-03
104151	1.611859587065112e-03	1.621810097358930e-03
105234	1.568312328560584e-03	1.584893192461114e-03
105241	1.432884644787524e-03	1.445439770745928e-03
105248	1.006434027619130e-03	1.023292992280754e-03
105262	6.447335626079687e-04	6.456542290346556e-04
105269	5.542383158401165e-04	5.623413251903491e-04
105276	5.453779167556849e-04	5.495408738576248e-04
105283	5.091653912550065e-04	5.128613839913648e-04
105290	4.856331059183150e-04	4.897788193684461e-04
105311	4.768043837255487e-04	4.786300923226385e-04
105580	4.518619251847600e-04	4.570881896148752e-04
105804	4.466645745702102e-04	4.466835921509630e-04
106206	4.345335586606325e-04	4.365158322401661e-04
106315	4.161747852142739e-04	4.168693834703355e-04
106426	4.026623479531644e-04	4.073802778041126e-04
141155	3.138861158737960e-04	3.162277660168379e-04
177488	2.960860226661755e-04	3.019951720402016e-04
177495	2.452129886467702e-04	2.454708915685031e-04
228721	1.793054256294946e-04	1.819700858609983e-04
228775	1.665862281873265e-04	1.698243652461744e-04
228820	1.314901920386191e-04	1.318256738556407e-04
228865	1.232360261150811e-04	1.258925411794167e-04
228906	1.122081403921449e-04	1.148153621496883e-04
228949	1.028723241734975e-04	1.047128548050900e-04
228992	9.923329100913758e-05	1.000000000000000e-04
229133	9.229245321995538e-05	9.332543007969905e-05
229175	8.547772563871625e-05	8.709635899560814e-05
229219	8.253178637507297e-05	8.317637711026709e-05
229252	8.070201633225693e-05	8.128305161640995e-05
229291	7.790610155233857e-05	7.943282347242822e-05
229332	7.528146856317086e-05	7.585775750291836e-05
229366	7.288241111269578e-05	7.413102413009176e-05
229400	7.075516261478842e-05	7.079457843841373e-05
229659	6.738054212351852e-05	6.760829753919819e-05
229699	6.545409228220223e-05	6.606934480075965e-05
229741	6.397603997898571e-05	6.456542290346549e-05
229812	6.212153864337822e-05	6.309573444801929e-05
229854	6.138498140872972e-05	6.165950018614822e-05
229879	5.992149064226737e-05	6.025595860743581e-05
229911	5.850006201768565e-05	5.888436553555884e-05
229954	5.715293788988163e-05	5.754399373371566e-05
229997	5.590884365036519e-05	5.623413251903491e-05
230146	5.454665174364770e-05	5.495408738576248e-05
230238	5.350295538553151e-05	5.370317963702532e-05
230476	5.202581134888806e-05	5.248074602497723e-05
230651	5.124641597997748e-05	5.128613839913648e-05
230720	5.004424994903278e-05	5.011872336272725e-05
230833	4.882364029290542e-05	4.897788193684466e-05
230897	4.772877836023426e-05	4.786300923226380e-05
230969	4.669257908473945e-05	4.677351412871981e-05
231042	4.559641597035036e-05	4.570881896148752e-05
231502	4.461725475046752e-05	4.466835921509635e-05
231792	4.354426370856146e-05	4.365158322401657e-05
232145	4.259248214999456e-05	4.265795188015926e-05
232244	4.167512746366953e-05	4.168693834703355e-05
232294	4.072895670703680e-05	4.073802778041130e-05
232373	3.980837319406128e-05	3.981071705534969e-05
233282	3.889647463628521e-05	3.890451449942805e-05
233644	3.801523515012395e-05	3.801893963205612e-05
233741	3.714695786805056e-05	3.715352290971728e-05
235002	3.630373992080660e-05	3.630780547701010e-05
235221	3.547932340353110e-05	3.548133892335753e-05
299999	3.499597348211037e-05	3.548133892335753e-05
%
% index = 1415, name = bbob_f013_i13_d03__bbob_f021_i14_d03
% instance = 6, reference value = 9.656004945844020e-01
% function evaluation | indicator value | target hit
1	8.117527388591723e-01	8.128305161640993e-01
25	7.890402119122368e-01	7.943282347242815e-01
32	7.714146225093392e-01	7.762471166286917e-01
39	7.450894992876493e-01	7.585775750291838e-01
46	7.213966060786974e-01	7.244359600749900e-01
53	7.007866231462250e-01	7.079457843841379e-01
60	6.841271730674033e-01	6.918309709189365e-01
67	6.726207008140710e-01	6.760829753919817e-01
319	6.548967181437449e-01	6.606934480075960e-01
363	6.427949670098203e-01	6.456542290346555e-01
416	6.235282814842706e-01	6.309573444801932e-01
471	6.057971617231167e-01	6.165950018614822e-01
533	5.900289543934786e-01	6.025595860743578e-01
602	5.755184598905332e-01	5.888436553555889e-01
619	5.754299223258752e-01	5.754399373371569e-01
626	5.622503353047054e-01	5.623413251903491e-01
633	5.490353708797007e-01	5.495408738576245e-01
1086	5.320022981634599e-01	5.370317963702527e-01
1093	5.017525862554677e-01	5.128613839913648e-01
1100	4.520136801515149e-01	4.570881896148750e-01
1107	4.028287057164365e-01	4.073802778041127e-01
1114	3.578067926582510e-01	3.630780547701014e-01
1121	3.183500268793685e-01	3.235936569296283e-01
1128	2.273388826805997e-01	2.290867652767773e-01
1135	1.805263562163011e-01	1.819700858609984e-01
1142	1.708210523683413e-01	1.737800828749375e-01
1149	1.603545006866716e-01	1.621810097358930e-01
1156	1.496523451831959e-01	1.513561248436208e-01
1163	1.429338896823538e-01	1.445439770745928e-01
1170	1.402962072359770e-01	1.412537544622754e-01
1177	1.315471519636443e-01	1.318256738556407e-01
1184	1.247526192692727e-01	1.258925411794167e-01
1191	1.088527241221602e-01	1.096478196143185e-01
1198	1.034075764976463e-01	1.047128548050900e-01
1205	1.017384453164507e-01	1.023292992280754e-01
1212	9.504087034628117e-02	9.549925860214359e-02
1219	8.980917159474877e-02	9.120108393559097e-02
1226	8.363748707458996e-02	8.511380382023763e-02
1233	6.867891117266756e-02	6.918309709189366e-02
1247	6.738664810015549e-02	6.760829753919818e-02
1254	6.343681301085058e-02	6.456542290346556e-02
1261	5.000173921217388e-02	5.011872336272722e-02
1296	4.868763327920156e-02	4.897788193684462e-02
1303	4.602939615016099e-02	4.677351412871981e-02
2225	4.538389610657756e-02	4.570881896148749e-02
2395	4.464505547454989e-02	4.466835921509630e-02
8426	4.143178600190756e-02	4.168693834703355e-02
8529	4.069629983910616e-02	4.073802778041128e-02
30341	3.405691994988802e-02	3.467368504525317e-02
30429	2.499869580384395e-02	2.511886431509579e-02
30511	2.181937733233386e-02	2.187761623949553e-02
30531	2.123604598777062e-02	2.137962089502233e-02
30532	2.072539607176915e-02	2.089296130854040e-02
30533	2.023702894827950e-02	2.041737944669529e-02
30636	1.847948192102034e-02	1.862087136662868e-02
47439	1.795564611081868e-02	1.819700858609984e-02
47516	1.742800061586336e-02	1.778279410038923e-02
47585	1.721085394203448e-02	1.737800828749375e-02
63582	1.645447075415751e-02	1.659586907437561e-02
63676	1.491082572083802e-02	1.513561248436208e-02
63772	1.324761168398914e-02	1.348962882591653e-02
63866	1.201177511293194e-02	1.202264434617413e-02
63998	1.121242931311139e-02	1.122018454301964e-02
64129	1.078514281270182e-02	1.096478196143185e-02
64247	1.066142795549485e-02	1.071519305237606e-02
76002	1.046928814935111e-02	1.047128548050900e-02
105142	1.017545907623385e-02	1.023292992280754e-02
105149	9.958077088004447e-03	1.000000000000000e-02
105163	9.652304486438168e-03	9.772372209558112e-03
105184	9.530833340320011e-03	9.549925860214359e-03
105467	9.326684352008452e-03	9.332543007969915e-03
105692	9.061063248680057e-03	9.120108393559097e-03
109277	8.907689915488626e-03	8.912509381337459e-03
122302	8.603392973635438e-03	8.709635899560805e-03
122398	8.148936461795264e-03	8.317637711026709e-03
122530	8.009784174389911e-03	8.128305161640995e-03
161732	7.233347474544960e-03	7.244359600749898e-03
173644	7.024589354164723e-03	7.079457843841380e-03
173700	6.532137344155586e-03	6.606934480075957e-03
173726	6.434909774339914e-03	6.456542290346556e-03
179122	6.264130114997823e-03	6.309573444801930e-03
179131	6.157405146866468e-03	6.165950018614822e-03
179147	5.981814270808239e-03	6.025595860743574e-03
188415	5.778892029118521e-03	5.888436553555890e-03
188416	5.686427841633201e-03	5.754399373371567e-03
188419	5.601794632336787e-03	5.623413251903491e-03
188519	5.494632506988117e-03	5.495408738576248e-03
189007	5.370208048352976e-03	5.370317963702527e-03
299999	5.304525140108929e-03	5.370317963702527e-03
%
% index = 1416, name = bbob_f013_i15_d03__bbob_f021_i16_d03
% instance = 7, reference value = 8.315739641054321e-01
% function evaluation | indicator value | target hit
1	2.986742940755932e+00	3.019951720402016e+00
31	2.921263977502432e+00	2.951209226666386e+00
38	2.808034646487932e+00	2.818382931264454e+00
2945	2.546125536655432e+00	2.570395782768863e+00
2952	2.392211404928932e+00	2.398832919019490e+00
2959	2.339346815712932e+00	2.344228815319922e+00
2966	2.285270607309932e+00	2.290867652767773e+00
2973	2.187582746838932e+00	2.187761623949553e+00
2980	2.103988248057432e+00	2.137962089502232e+00
3714	1.812848723668432e+00	1.819700858609983e+00
3859	1.542020741686932e+00	1.548816618912481e+00
3971	1.293879177064932e+00	1.318256738556407e+00
4115	1.091390652374432e+00	1.096478196143185e+00
4331	9.461368618234320e-01	9.549925860214360e-01
4586	8.517004375959321e-01	8.709635899560807e-01
4821	8.238095604372870e-01	8.317637711026710e-01
5240	8.123242104883845e-01	8.128305161640993e-01
12573	7.639726513181364e-01	7.762471166286917e-01
12627	6.432020001414276e-01	6.456542290346555e-01
12695	5.240872176024015e-01	5.248074602497725e-01
12763	3.773528835347932e-01	3.801893963205612e-01
12837	2.838241913960623e-01	2.884031503126606e-01
12911	2.491893930986269e-01	2.511886431509580e-01
13000	2.416213721943324e-01	2.454708915685030e-01
13600	2.396624941940428e-01	2.398832919019490e-01
13614	2.331400346431499e-01	2.344228815319922e-01
13628	2.264239478339062e-01	2.290867652767773e-01
13635	2.236553651698829e-01	2.238721138568339e-01
13978	2.185898860881801e-01	2.187761623949552e-01
14079	2.128408414552878e-01	2.137962089502232e-01
14170	2.065281723686249e-01	2.089296130854039e-01
14257	2.004062464150591e-01	2.041737944669530e-01
14350	1.947392382206529e-01	1.949844599758045e-01
14443	1.896549026263167e-01	1.905460717963247e-01
14531	1.848297333561827e-01	1.862087136662867e-01
14605	1.812848764748716e-01	1.819700858609984e-01
18038	1.721539365180846e-01	1.737800828749375e-01
18045	1.452819745801263e-01	1.479108388168208e-01
18052	1.393342741684307e-01	1.412537544622754e-01
18059	1.357525444350993e-01	1.380384264602885e-01
18066	1.347732934001784e-01	1.348962882591654e-01
18094	1.251435607881153e-01	1.258925411794167e-01
20640	1.229994152811419e-01	1.230268770812381e-01
20947	1.199863238328361e-01	1.202264434617413e-01
21779	1.171109449969774e-01	1.174897554939529e-01
21820	1.147473849209417e-01	1.148153621496883e-01
21863	1.098870024210320e-01	1.122018454301964e-01
21929	9.839501698858089e-02	1.000000000000000e-01
21996	7.621104414624758e-02	7.762471166286916e-02
22067	4.911738043576230e-02	5.011872336272722e-02
22088	4.892037796717363e-02	4.897788193684462e-02
22154	3.585845297587253e-02	3.630780547701014e-02
22241	2.826383411681732e-02	2.884031503126606e-02
22333	2.418811260273479e-02	2.454708915685030e-02
22418	2.324886593259512e-02	2.344228815319923e-02
61440	2.157161777325700e-02	2.187761623949553e-02
61497	1.752854010461591e-02	1.778279410038923e-02
61567	1.217409865851893e-02	1.230268770812382e-02
61613	9.973831860255133e-03	1.000000000000000e-02
78205	8.777508049778282e-03	8.912509381337459e-03
78289	8.133035423546486e-03	8.317637711026709e-03
78429	7.698651617592311e-03	7.762471166286920e-03
78540	7.365418547966573e-03	7.413102413009177e-03
78582	6.960678816112398e-03	7.079457843841380e-03
78673	6.657171507370441e-03	6.760829753919818e-03
78738	6.372743862577135e-03	6.456542290346556e-03
78807	6.205479562485960e-03	6.309573444801930e-03
78850	5.980789225103922e-03	6.025595860743574e-03
78925	5.763025650381448e-03	5.888436553555890e-03
78967	5.562911966878192e-03	5.623413251903491e-03
79049	5.387290465442174e-03	5.495408738576248e-03
79124	5.286636761411279e-03	5.370317963702527e-03
79269	5.212865006591016e-03	5.248074602497728e-03
79364	5.067029607603080e-03	5.128613839913648e-03
79447	4.959353319360149e-03	5.011872336272725e-03
79512	4.847327657014677e-03	4.897788193684461e-03
79593	4.741226559125900e-03	4.786300923226385e-03
79632	4.629026040425588e-03	4.677351412871981e-03
79686	4.530075300464786e-03	4.570881896148752e-03
79752	4.447441138271779e-03	4.466835921509630e-03
79842	4.288250508835301e-03	4.365158322401661e-03
79868	4.191934984098866e-03	4.265795188015926e-03
79949	4.119855350781965e-03	4.168693834703355e-03
80015	4.071407810006700e-03	4.073802778041126e-03
80093	3.942198194538338e-03	3.981071705534973e-03
80156	3.876986290562656e-03	3.890451449942805e-03
80223	3.794260942199701e-03	3.801893963205613e-03
80364	3.667638353050506e-03	3.715352290971724e-03
80418	3.610189639152939e-03	3.630780547701014e-03
80510	3.495361949820475e-03	3.548133892335753e-03
80590	3.445779360961687e-03	3.467368504525317e-03
80697	3.357711746342029e-03	3.388441561392024e-03
80832	3.286530879502703e-03	3.311311214825911e-03
80979	3.207649220962061e-03	3.235936569296281e-03
81159	3.133275006977687e-03	3.162277660168379e-03
81277	3.067396381881360e-03	3.090295432513592e-03
81394	3.003381243634196e-03	3.019951720402016e-03
81484	2.949683164799599e-03	2.951209226666387e-03
81663	2.871869485016387e-03	2.884031503126605e-03
81821	2.804823257620881e-03	2.818382931264455e-03
82016	2.732727047699002e-03	2.754228703338166e-03
82118	2.687749414411300e-03	2.691534803926917e-03
82221	2.619852834658709e-03	2.630267991895381e-03
82380	2.556288719612998e-03	2.570395782768865e-03
82516	2.501236920815719e-03	2.511886431509579e-03
82700	2.437828888128490e-03	2.454708915685031e-03
82828	2.386853702803560e-03	2.398832919019490e-03
82967	2.340190638681516e-03	2.344228815319923e-03
83163	2.283909529553263e-03	2.290867652767772e-03
83382	2.227235263337790e-03	2.238721138568340e-03
83567	2.179447908584264e-03	2.187761623949552e-03
83869	2.128910936469053e-03	2.137962089502233e-03
84074	2.084586232401930e-03	2.089296130854039e-03
84298	2.037899766567430e-03	2.041737944669530e-03
84572	1.993943600704373e-03	1.995262314968879e-03
84781	1.946101573722658e-03	1.949844599758046e-03
85092	1.903813776720997e-03	1.905460717963246e-03
85374	1.858125601058358e-03	1.862087136662868e-03
85656	1.819071397670569e-03	1.819700858609983e-03
85983	1.773174804990285e-03	1.778279410038923e-03
86150	1.735740240592420e-03	1.737800828749376e-03
86387	1.697321942738417e-03	1.698243652461744e-03
86753	1.657103829176720e-03	1.659586907437561e-03
87152	1.619630579052456e-03	1.621810097358930e-03
87540	1.584319105559562e-03	1.584893192461114e-03
88013	1.546406131759492e-03	1.548816618912481e-03
88430	1.511084055182077e-03	1.513561248436209e-03
88898	1.477283354489045e-03	1.479108388168207e-03
89353	1.444802567167947e-03	1.445439770745928e-03
89839	1.412498684654873e-03	1.412537544622754e-03
90391	1.378746037971390e-03	1.380384264602885e-03
91054	1.348595249409335e-03	1.348962882591653e-03
91792	1.317353094259288e-03	1.318256738556408e-03
92445	1.287635575475843e-03	1.288249551693134e-03
92902	1.258541095638499e-03	1.258925411794167e-03
93728	1.229893977724439e-03	1.230268770812381e-03
94466	1.201542878785822e-03	1.202264434617413e-03
95437	1.174316796966335e-03	1.174897554939529e-03
96386	1.147968671130761e-03	1.148153621496883e-03
97350	1.121865276864420e-03	1.122018454301963e-03
98493	1.096382737559742e-03	1.096478196143185e-03
99849	1.071425591339104e-03	1.071519305237606e-03
100844	1.047018182004811e-03	1.047128548050900e-03
101766	1.023190061057333e-03	1.023292992280754e-03
102975	9.999799856060809e-04	1.000000000000000e-03
104662	9.771131473556016e-04	9.772372209558111e-04
106484	9.549217875974847e-04	9.549925860214359e-04
108588	9.332377384638768e-04	9.332543007969915e-04
110290	9.119852380272686e-04	9.120108393559096e-04
112833	8.912374045753069e-04	8.912509381337459e-04
114939	8.709537498641229e-04	8.709635899560805e-04
117172	8.511313299464085e-04	8.511380382023768e-04
122956	8.317632605150393e-04	8.317637711026709e-04
196270	7.880205559446241e-04	7.943282347242813e-04
196356	7.689256651227661e-04	7.762471166286919e-04
196357	7.431371024464450e-04	7.585775750291835e-04
196358	6.627677488937334e-04	6.760829753919819e-04
196359	5.433695541231520e-04	5.495408738576248e-04
196360	4.481624998140532e-04	4.570881896148752e-04
196367	4.292024230090341e-04	4.365158322401661e-04
196463	3.465268670334032e-04	3.467368504525317e-04
196480	3.327650088236211e-04	3.388441561392024e-04
196488	3.294279361024666e-04	3.311311214825911e-04
196632	3.235912736738733e-04	3.235936569296281e-04
238899	3.151954632520937e-04	3.162277660168379e-04
265446	3.066607411368327e-04	3.090295432513592e-04
299999	3.052865949296768e-04	3.090295432513592e-04
%
% index = 1417, name = bbob_f013_i17_d03__bbob_f021_i18_d03
% instance = 8, reference value = 9.605231809129510e-01
% function evaluation | indicator value | target hit
1	1.155401855187573e+00	1.174897554939530e+00
22	1.141971606331011e+00	1.148153621496883e+00
24	1.106898090275121e+00	1.122018454301963e+00
25	1.071193889308085e+00	1.071519305237606e+00
32	1.034579800864451e+00	1.047128548050900e+00
39	1.010069353335951e+00	1.023292992280754e+00
46	9.874685833924509e-01	1.000000000000000e+00
53	9.659938587134510e-01	9.772372209558107e-01
60	9.533597085844999e-01	9.549925860214360e-01
74	9.283963816933734e-01	9.332543007969910e-01
88	9.017147097208366e-01	9.120108393559098e-01
95	8.885397666796039e-01	8.912509381337456e-01
109	8.640962487736854e-01	8.709635899560807e-01
123	8.401349317478102e-01	8.511380382023764e-01
130	8.278375493781331e-01	8.317637711026710e-01
144	8.019130125128578e-01	8.128305161640993e-01
151	7.885346477678770e-01	7.943282347242815e-01
158	7.761028678191805e-01	7.762471166286917e-01
172	7.525128937087422e-01	7.585775750291838e-01
179	7.399882203706303e-01	7.413102413009175e-01
193	7.192038799025371e-01	7.244359600749900e-01
207	7.022483127518749e-01	7.079457843841379e-01
221	6.825968343147113e-01	6.918309709189365e-01
228	6.750109661009447e-01	6.760829753919817e-01
249	6.579410635544886e-01	6.606934480075960e-01
270	6.403894019971685e-01	6.456542290346555e-01
284	6.308114666618325e-01	6.309573444801932e-01
319	6.156566180919308e-01	6.165950018614822e-01
375	6.022801201871488e-01	6.025595860743578e-01
501	5.880441070874587e-01	5.888436553555889e-01
550	5.746787599170566e-01	5.754399373371569e-01
613	5.613776372538288e-01	5.623413251903491e-01
1283	5.482794904619720e-01	5.495408738576245e-01
1616	5.326394149756550e-01	5.370317963702527e-01
1839	5.135405280480780e-01	5.248074602497725e-01
2138	5.111853436770313e-01	5.128613839913648e-01
2173	5.008155931938068e-01	5.011872336272722e-01
2236	4.847544213256652e-01	4.897788193684462e-01
4179	4.767429543808942e-01	4.786300923226383e-01
8245	4.672905829831406e-01	4.677351412871982e-01
9816	4.415356935975028e-01	4.466835921509631e-01
9823	4.185994980861812e-01	4.265795188015927e-01
9830	3.899453890762932e-01	3.981071705534972e-01
9837	3.573912925449242e-01	3.630780547701014e-01
9844	3.260314517404033e-01	3.311311214825911e-01
9851	2.965881052270828e-01	3.019951720402016e-01
9858	2.721214691960184e-01	2.754228703338166e-01
9865	2.517220051414523e-01	2.570395782768864e-01
9872	2.417668477563252e-01	2.454708915685030e-01
9879	2.378940652637260e-01	2.398832919019490e-01
9886	2.321364487636584e-01	2.344228815319922e-01
9893	2.278791838538136e-01	2.290867652767773e-01
11429	2.226948280615529e-01	2.238721138568339e-01
11736	2.184196742592714e-01	2.187761623949552e-01
12216	2.124790121651571e-01	2.137962089502232e-01
12909	2.080608220360903e-01	2.089296130854039e-01
13350	2.024333629655367e-01	2.041737944669530e-01
13503	1.981644574435909e-01	1.995262314968880e-01
13697	1.943370201623621e-01	1.949844599758045e-01
14187	1.895640786344234e-01	1.905460717963247e-01
19695	1.858480912069678e-01	1.862087136662867e-01
20088	1.819417442000050e-01	1.819700858609984e-01
20591	1.760235055738971e-01	1.778279410038923e-01
20725	1.716205503344507e-01	1.737800828749375e-01
26507	1.678602606618793e-01	1.698243652461744e-01
26528	1.652745305747548e-01	1.659586907437560e-01
39564	1.620002387920326e-01	1.621810097358930e-01
50715	1.488983018677623e-01	1.513561248436208e-01
50722	1.406211407912310e-01	1.412537544622754e-01
50729	1.351541415786242e-01	1.380384264602885e-01
50736	1.313255401478222e-01	1.318256738556407e-01
50743	1.273283115703382e-01	1.288249551693134e-01
50750	1.256248624224874e-01	1.258925411794167e-01
51141	1.225072807290501e-01	1.230268770812381e-01
51205	1.194954213847610e-01	1.202264434617413e-01
51264	1.149103409804568e-01	1.174897554939529e-01
51332	1.117886399260964e-01	1.122018454301964e-01
52298	1.090058468544123e-01	1.096478196143185e-01
52321	1.036964303728783e-01	1.047128548050900e-01
53726	1.018885636385471e-01	1.023292992280754e-01
53842	9.877193103667459e-02	1.000000000000000e-01
101282	9.735236312022910e-02	9.772372209558107e-02
107565	9.549716376793893e-02	9.549925860214359e-02
150007	9.251660043653620e-02	9.332543007969910e-02
150014	9.072417517450548e-02	9.120108393559097e-02
150021	8.665635497069324e-02	8.709635899560805e-02
150028	8.440074385876906e-02	8.511380382023763e-02
150042	8.076769959758490e-02	8.128305161640990e-02
150049	7.686740607757547e-02	7.762471166286916e-02
150056	7.374006127303423e-02	7.413102413009177e-02
150070	7.127376046553691e-02	7.244359600749903e-02
150077	6.723165619223526e-02	6.760829753919818e-02
150084	5.533040738651474e-02	5.623413251903491e-02
150091	5.405876569498291e-02	5.495408738576246e-02
150098	5.347640430022971e-02	5.370317963702527e-02
150112	5.162917884543117e-02	5.248074602497726e-02
150380	5.106845103353153e-02	5.128613839913648e-02
150479	4.976303734940435e-02	5.011872336272722e-02
150542	4.804593272101632e-02	4.897788193684462e-02
150600	4.473584054817215e-02	4.570881896148749e-02
150666	3.929098598816527e-02	3.981071705534973e-02
150719	3.334494851247993e-02	3.388441561392026e-02
150786	3.089570706348799e-02	3.090295432513590e-02
150807	3.012836868217650e-02	3.019951720402016e-02
152167	2.950573784033472e-02	2.951209226666385e-02
155960	2.861003725285871e-02	2.884031503126606e-02
156688	2.757877821879040e-02	2.818382931264454e-02
156784	2.437762503590146e-02	2.454708915685030e-02
156925	2.105078246664693e-02	2.137962089502233e-02
157139	1.836533094622450e-02	1.862087136662868e-02
158362	1.716767401048380e-02	1.737800828749375e-02
158521	1.463825151853215e-02	1.479108388168207e-02
158696	1.187511106242078e-02	1.202264434617413e-02
158863	1.001705591685609e-02	1.023292992280754e-02
158999	8.874680031077609e-03	8.912509381337459e-03
159147	8.316794826362828e-03	8.317637711026709e-03
167884	6.381959365860834e-03	6.456542290346556e-03
167947	5.596728110787708e-03	5.623413251903491e-03
168010	3.514365207106684e-03	3.548133892335753e-03
168073	2.491331963400456e-03	2.511886431509579e-03
168129	2.070137999433563e-03	2.089296130854039e-03
168191	1.836828488836817e-03	1.862087136662868e-03
168260	1.758156104258668e-03	1.778279410038923e-03
168351	1.731383368089978e-03	1.737800828749376e-03
168544	1.522608497354416e-03	1.548816618912481e-03
168607	1.347798917547882e-03	1.348962882591653e-03
168704	1.271335928878847e-03	1.288249551693134e-03
168794	1.217632473051622e-03	1.230268770812381e-03
168835	1.168618256953802e-03	1.174897554939529e-03
168875	1.121856430816970e-03	1.122018454301963e-03
168961	1.064339806326364e-03	1.071519305237606e-03
169022	1.034303953184823e-03	1.047128548050900e-03
169078	9.987170818733793e-04	1.000000000000000e-03
169233	9.659908278217832e-04	9.772372209558111e-04
169268	9.383636284930885e-04	9.549925860214359e-04
169364	9.102099606856928e-04	9.120108393559096e-04
169432	8.844135554317845e-04	8.912509381337459e-04
169601	8.581835424292805e-04	8.709635899560805e-04
169647	8.367604191344968e-04	8.511380382023768e-04
169663	8.113036512813476e-04	8.128305161640995e-04
169720	7.939453500402927e-04	7.943282347242813e-04
169786	7.744525507374922e-04	7.762471166286919e-04
169956	7.504009107467402e-04	7.585775750291835e-04
169957	7.331213608745557e-04	7.413102413009177e-04
170082	7.211899976877767e-04	7.244359600749898e-04
170098	7.043379691729079e-04	7.079457843841380e-04
170128	6.896838416265982e-04	6.918309709189362e-04
170294	6.733033958045143e-04	6.760829753919819e-04
170335	6.598750370385709e-04	6.606934480075957e-04
170441	6.337950304660112e-04	6.456542290346556e-04
170494	6.170661998194937e-04	6.309573444801930e-04
170495	6.051572636255331e-04	6.165950018614823e-04
170550	5.931322763190749e-04	6.025595860743575e-04
170603	5.793239342357648e-04	5.888436553555889e-04
170611	5.688679524216145e-04	5.754399373371566e-04
170664	5.594826547210552e-04	5.623413251903491e-04
170890	5.436068603856814e-04	5.495408738576248e-04
170939	5.349805265441043e-04	5.370317963702527e-04
171097	5.171980999607584e-04	5.248074602497728e-04
171279	5.099877236184325e-04	5.128613839913648e-04
171375	5.006444873753013e-04	5.011872336272725e-04
171495	4.885269721488505e-04	4.897788193684461e-04
171600	4.743409762084649e-04	4.786300923226385e-04
171654	4.677260027012853e-04	4.677351412871981e-04
171857	4.533802799778774e-04	4.570881896148752e-04
171910	4.444458347221403e-04	4.466835921509630e-04
171942	4.330351358081685e-04	4.365158322401661e-04
172036	4.259086765755482e-04	4.265795188015926e-04
172235	4.161891414885543e-04	4.168693834703355e-04
172279	4.061803447852341e-04	4.073802778041126e-04
172589	3.972875259418140e-04	3.981071705534974e-04
172624	3.887801856811146e-04	3.890451449942805e-04
172775	3.795514112674425e-04	3.801893963205612e-04
172811	3.702855133045357e-04	3.715352290971724e-04
172874	3.609820546405240e-04	3.630780547701014e-04
173001	3.539985397752465e-04	3.548133892335753e-04
173221	3.437062429821891e-04	3.467368504525317e-04
173253	3.371093524168201e-04	3.388441561392024e-04
173285	3.307026344419040e-04	3.311311214825911e-04
173317	3.225951398235782e-04	3.235936569296281e-04
173349	3.136952579313457e-04	3.162277660168379e-04
173373	3.073079802305978e-04	3.090295432513592e-04
173412	3.016044730891343e-04	3.019951720402016e-04
173481	2.938344614629163e-04	2.951209226666387e-04
173642	2.863576457625694e-04	2.884031503126605e-04
173666	2.808454061411503e-04	2.818382931264455e-04
173691	2.737926475635533e-04	2.754228703338166e-04
173838	2.686614322913172e-04	2.691534803926917e-04
173964	2.626985003683080e-04	2.630267991895381e-04
174161	2.568152557765879e-04	2.570395782768865e-04
174358	2.494705618636406e-04	2.511886431509580e-04
174576	2.441787776383819e-04	2.454708915685031e-04
174782	2.396564152828962e-04	2.398832919019490e-04
174966	2.330447375950007e-04	2.344228815319923e-04
175209	2.286425722760610e-04	2.290867652767772e-04
175395	2.230834025664929e-04	2.238721138568340e-04
175708	2.175896643370479e-04	2.187761623949552e-04
175775	2.136660757977582e-04	2.137962089502232e-04
175825	2.084115270655218e-04	2.089296130854039e-04
175991	2.030990804328114e-04	2.041737944669530e-04
176251	1.983870580427594e-04	1.995262314968879e-04
176480	1.949187672901642e-04	1.949844599758046e-04
176537	1.897215035271405e-04	1.905460717963246e-04
176596	1.858538027145196e-04	1.862087136662868e-04
176806	1.813423793264324e-04	1.819700858609983e-04
177182	1.767252290190147e-04	1.778279410038923e-04
177235	1.733833964477904e-04	1.737800828749376e-04
177275	1.692118550039590e-04	1.698243652461744e-04
177308	1.651971926915907e-04	1.659586907437562e-04
177356	1.619749880370502e-04	1.621810097358930e-04
177404	1.582738508045800e-04	1.584893192461114e-04
177437	1.546475670306524e-04	1.548816618912481e-04
177514	1.511373504677893e-04	1.513561248436209e-04
177581	1.473222244293693e-04	1.479108388168207e-04
177608	1.444218458953594e-04	1.445439770745928e-04
177845	1.411018941975817e-04	1.412537544622754e-04
177969	1.379284827243143e-04	1.380384264602885e-04
178251	1.345616467407496e-04	1.348962882591653e-04
178335	1.316395072862298e-04	1.318256738556407e-04
178610	1.284647583560394e-04	1.288249551693134e-04
178841	1.258223278823856e-04	1.258925411794167e-04
179117	1.228657312292158e-04	1.230268770812381e-04
179539	1.201018194378900e-04	1.202264434617413e-04
179798	1.171750459811882e-04	1.174897554939529e-04
179967	1.147804173255995e-04	1.148153621496883e-04
180311	1.120674727865811e-04	1.122018454301963e-04
180610	1.096035208583146e-04	1.096478196143185e-04
180743	1.069094947476756e-04	1.071519305237606e-04
180795	1.045769230499927e-04	1.047128548050900e-04
181197	1.022604214120371e-04	1.023292992280754e-04
181523	9.982366704874845e-05	1.000000000000000e-04
181553	9.766467009397761e-05	9.772372209558111e-05
181652	9.531357782710526e-05	9.549925860214369e-05
181682	9.331409460100470e-05	9.332543007969905e-05
182129	9.105547433552186e-05	9.120108393559096e-05
182803	8.898687521519122e-05	8.912509381337459e-05
182813	8.686230895271763e-05	8.709635899560814e-05
182837	8.499454016774877e-05	8.511380382023759e-05
182870	8.298793723549025e-05	8.317637711026709e-05
182879	8.123905790990982e-05	8.128305161640995e-05
182914	7.935850592455385e-05	7.943282347242822e-05
182946	7.758035008775810e-05	7.762471166286911e-05
182989	7.574199859405883e-05	7.585775750291836e-05
183019	7.402993175154027e-05	7.413102413009176e-05
183060	7.231009651076370e-05	7.244359600749906e-05
183172	7.071495375743364e-05	7.079457843841373e-05
183276	6.911463551995123e-05	6.918309709189363e-05
183457	6.754848407763969e-05	6.760829753919819e-05
183574	6.602038970759949e-05	6.606934480075965e-05
184137	6.452206342699718e-05	6.456542290346549e-05
184799	6.303512075800377e-05	6.309573444801929e-05
185079	6.160154022250008e-05	6.165950018614822e-05
185501	6.020643207471643e-05	6.025595860743581e-05
185830	5.884591422178342e-05	5.888436553555884e-05
186183	5.749786755637754e-05	5.754399373371566e-05
186335	5.622705080687851e-05	5.623413251903491e-05
186859	5.489081320919631e-05	5.495408738576248e-05
186920	5.366337925494236e-05	5.370317963702532e-05
187004	5.241572429759422e-05	5.248074602497723e-05
187173	5.127114645997466e-05	5.128613839913648e-05
187348	5.006544399188684e-05	5.011872336272725e-05
187430	4.891856257971394e-05	4.897788193684466e-05
187506	4.784496090293189e-05	4.786300923226380e-05
187589	4.674372952551131e-05	4.677351412871981e-05
188218	4.570616240995307e-05	4.570881896148752e-05
189456	4.463882386918083e-05	4.466835921509635e-05
189475	4.364834106607152e-05	4.365158322401657e-05
189495	4.262461873028034e-05	4.265795188015926e-05
189521	4.166940994732027e-05	4.168693834703355e-05
189548	4.071010378503548e-05	4.073802778041130e-05
189575	3.979215776750422e-05	3.981071705534969e-05
189610	3.886369550554214e-05	3.890451449942805e-05
189727	3.800581224489008e-05	3.801893963205612e-05
189788	3.713259258508739e-05	3.715352290971728e-05
189836	3.628849933101641e-05	3.630780547701010e-05
189966	3.547843965223674e-05	3.548133892335753e-05
190120	3.466858959755292e-05	3.467368504525317e-05
190356	3.385513378739713e-05	3.388441561392028e-05
190468	3.310344188522940e-05	3.311311214825908e-05
191260	3.233946056535597e-05	3.235936569296281e-05
191779	3.161804976126170e-05	3.162277660168380e-05
192136	3.088559965525040e-05	3.090295432513592e-05
192335	3.019318494534851e-05	3.019951720402019e-05
192604	2.949218811587606e-05	2.951209226666384e-05
192953	2.883721970403652e-05	2.884031503126606e-05
193111	2.817655127451690e-05	2.818382931264455e-05
193366	2.752678604900360e-05	2.754228703338169e-05
193447	2.690038831643093e-05	2.691534803926914e-05
193555	2.629574634782639e-05	2.630267991895381e-05
193866	2.568917946155214e-05	2.570395782768864e-05
194066	2.511868434684761e-05	2.511886431509582e-05
194122	2.454637419413430e-05	2.454708915685029e-05
194172	2.398096777556091e-05	2.398832919019490e-05
194435	2.344091867234610e-05	2.344228815319923e-05
194995	2.290346119993014e-05	2.290867652767775e-05
195781	2.238702782453306e-05	2.238721138568338e-05
195821	2.186572621898364e-05	2.187761623949552e-05
195904	2.136740151392758e-05	2.137962089502232e-05
195943	2.088525622634396e-05	2.089296130854041e-05
195983	2.041025189258860e-05	2.041737944669527e-05
196039	1.994473333333247e-05	1.995262314968879e-05
196094	1.949544655366342e-05	1.949844599758046e-05
196239	1.905103237520578e-05	1.905460717963248e-05
196285	1.861833241789679e-05	1.862087136662866e-05
196341	1.819223548038540e-05	1.819700858609983e-05
196499	1.778235494953595e-05	1.778279410038923e-05
196630	1.737336307461312e-05	1.737800828749376e-05
196776	1.697755240337440e-05	1.698243652461746e-05
197010	1.658967113327137e-05	1.659586907437560e-05
197446	1.621137796703476e-05	1.621810097358930e-05
197751	1.584866111048466e-05	1.584893192461114e-05
198031	1.548512898230658e-05	1.548816618912483e-05
198175	1.513479741166446e-05	1.513561248436207e-05
198418	1.478578493208094e-05	1.479108388168207e-05
198597	1.445351060602729e-05	1.445439770745928e-05
198801	1.412266454314803e-05	1.412537544622755e-05
198950	1.380315052845749e-05	1.380384264602884e-05
199031	1.348794046940327e-05	1.348962882591653e-05
199136	1.318182161957893e-05	1.318256738556407e-05
199416	1.287989677223322e-05	1.288249551693135e-05
199553	1.258804886139497e-05	1.258925411794166e-05
199623	1.229967475435689e-05	1.230268770812381e-05
199731	1.202112052567372e-05	1.202264434617413e-05
199982	1.174852035479290e-05	1.174897554939530e-05
200456	1.148070768797194e-05	1.148153621496882e-05
200774	1.121779077950524e-05	1.122018454301963e-05
200860	1.096215752149909e-05	1.096478196143185e-05
201075	1.071368814786755e-05	1.071519305237607e-05
201162	1.046852512820440e-05	1.047128548050899e-05
201250	1.023046721604359e-05	1.023292992280754e-05
299999	1.004210923916116e-05	1.023292992280754e-05
%
% index = 1418, name = bbob_f013_i19_d03__bbob_f021_i21_d03
% instance = 9, reference value = 7.066590014187620e-01
% function evaluation | indicator value | target hit
1	4.369839442046762e+00	4.466835921509632e+00
19	4.362137594901762e+00	4.365158322401660e+00
23	4.248841428374762e+00	4.265795188015927e+00
24	4.132753960698762e+00	4.168693834703354e+00
25	3.915981477955262e+00	3.981071705534972e+00
32	3.606653559567262e+00	3.630780547701014e+00
39	3.209681273828262e+00	3.235936569296283e+00
46	2.898707013612262e+00	2.951209226666386e+00
53	2.638080842678262e+00	2.691534803926916e+00
60	2.403982839177262e+00	2.454708915685031e+00
67	2.179874233447262e+00	2.187761623949553e+00
74	1.955263091310762e+00	1.995262314968880e+00
81	1.571021185161262e+00	1.584893192461114e+00
88	9.631033121987621e-01	9.772372209558107e-01
95	6.952393191264262e-01	7.079457843841379e-01
102	6.131846199739981e-01	6.165950018614822e-01
109	5.128835614049629e-01	5.248074602497725e-01
116	4.700195215735793e-01	4.786300923226383e-01
123	4.599952353474152e-01	4.677351412871982e-01
130	4.481711579612457e-01	4.570881896148750e-01
137	4.360823418793933e-01	4.365158322401660e-01
365	4.258475919657564e-01	4.265795188015927e-01
467	4.100961648269266e-01	4.168693834703354e-01
519	3.976285150870580e-01	3.981071705534972e-01
1620	3.871767380168812e-01	3.890451449942806e-01
1686	3.735810566244653e-01	3.801893963205612e-01
1736	3.587187384781205e-01	3.630780547701014e-01
1788	3.481539744341405e-01	3.548133892335755e-01
7830	3.392168487115055e-01	3.467368504525316e-01
7893	2.982630258531939e-01	3.019951720402016e-01
7964	2.640338256635286e-01	2.691534803926916e-01
8021	2.450557501992855e-01	2.454708915685030e-01
15737	2.236306693596636e-01	2.238721138568339e-01
15744	2.083971882992838e-01	2.089296130854039e-01
15951	2.041077927261389e-01	2.041737944669530e-01
16112	1.956498347312309e-01	1.995262314968880e-01
16195	1.890539697117763e-01	1.905460717963247e-01
16268	1.845923276864103e-01	1.862087136662867e-01
18453	1.802952698029316e-01	1.819700858609984e-01
18547	1.771868143233987e-01	1.778279410038923e-01
18621	1.701957050635304e-01	1.737800828749375e-01
18708	1.676284258497452e-01	1.698243652461744e-01
18801	1.606020824358306e-01	1.621810097358930e-01
18894	1.571515790084118e-01	1.584893192461113e-01
19173	1.546502283340071e-01	1.548816618912481e-01
20922	1.488227833238985e-01	1.513561248436208e-01
20929	1.456181625747469e-01	1.479108388168208e-01
20936	1.431697539898477e-01	1.445439770745928e-01
22670	1.410100289010214e-01	1.412537544622754e-01
22908	1.359433594578005e-01	1.380384264602885e-01
22982	1.312843861463948e-01	1.318256738556407e-01
23073	1.251312910350814e-01	1.258925411794167e-01
23236	1.195197718157253e-01	1.202264434617413e-01
23364	1.173738363286269e-01	1.174897554939529e-01
40868	1.099956322954110e-01	1.122018454301964e-01
40875	1.035217102439236e-01	1.047128548050900e-01
40882	9.627396856317760e-02	9.772372209558107e-02
40889	9.129024277052233e-02	9.332543007969910e-02
40896	8.961011493459203e-02	9.120108393559097e-02
43146	8.869719916522445e-02	8.912509381337455e-02
43250	8.660436160099083e-02	8.709635899560805e-02
43390	8.499100274091764e-02	8.511380382023763e-02
44469	8.194379923614259e-02	8.317637711026708e-02
44534	7.920258920703771e-02	7.943282347242814e-02
44622	7.430376036196917e-02	7.585775750291836e-02
44712	6.357436508934899e-02	6.456542290346556e-02
44782	5.697729102862448e-02	5.754399373371569e-02
49940	5.448197514562125e-02	5.495408738576246e-02
49947	4.365074508892475e-02	4.365158322401658e-02
49954	3.839714073238432e-02	3.890451449942807e-02
49961	3.777002546370212e-02	3.801893963205612e-02
50199	3.675405130576759e-02	3.715352290971726e-02
50242	3.630244765944879e-02	3.630780547701014e-02
55502	3.485281688435993e-02	3.548133892335755e-02
55527	3.347868822413136e-02	3.388441561392026e-02
55561	3.078381634549010e-02	3.090295432513590e-02
55604	2.585821173628844e-02	2.630267991895381e-02
55656	1.877413755723978e-02	1.905460717963247e-02
55717	1.199825771398955e-02	1.202264434617413e-02
55773	1.005271833008192e-02	1.023292992280754e-02
55836	8.734781733638841e-03	8.912509381337459e-03
55913	8.458033143922017e-03	8.511380382023767e-03
56386	7.540698387904721e-03	7.585775750291836e-03
56477	6.998249290563474e-03	7.079457843841380e-03
56567	6.857826738012718e-03	6.918309709189363e-03
56696	6.432133987891664e-03	6.456542290346556e-03
56764	6.188294240573322e-03	6.309573444801930e-03
56839	5.987427915113530e-03	6.025595860743574e-03
56909	5.740045873058652e-03	5.754399373371567e-03
56984	5.457744009505494e-03	5.495408738576248e-03
57045	5.263846780418691e-03	5.370317963702527e-03
57120	5.055972909598916e-03	5.128613839913648e-03
57195	4.832186641878011e-03	4.897788193684461e-03
57255	4.661930364330491e-03	4.677351412871981e-03
57299	4.544884096615576e-03	4.570881896148752e-03
57361	4.355677030120075e-03	4.365158322401661e-03
57451	4.201927127553517e-03	4.265795188015926e-03
57525	4.119629599735886e-03	4.168693834703355e-03
57591	4.024768450944238e-03	4.073802778041126e-03
57675	3.933000297395073e-03	3.981071705534973e-03
57740	3.841448404759529e-03	3.890451449942805e-03
57782	3.755088562014230e-03	3.801893963205613e-03
57866	3.676498027971653e-03	3.715352290971724e-03
57918	3.605926291440853e-03	3.630780547701014e-03
57979	3.523786256718675e-03	3.548133892335753e-03
58032	3.455191665074686e-03	3.467368504525317e-03
58174	3.337455739289230e-03	3.388441561392024e-03
58233	3.273502524975158e-03	3.311311214825911e-03
58388	3.212948055695830e-03	3.235936569296281e-03
58447	3.147935331964224e-03	3.162277660168379e-03
58491	3.089524746997974e-03	3.090295432513592e-03
58578	2.984475686832910e-03	3.019951720402016e-03
58623	2.930714073236862e-03	2.951209226666387e-03
58743	2.841776958282805e-03	2.884031503126605e-03
58795	2.795063699332023e-03	2.818382931264455e-03
58840	2.739793216031683e-03	2.754228703338166e-03
58893	2.691353648509254e-03	2.691534803926917e-03
59027	2.590341587160871e-03	2.630267991895381e-03
59069	2.539044915351174e-03	2.570395782768865e-03
59129	2.501622675013859e-03	2.511886431509579e-03
59219	2.417647849377258e-03	2.454708915685031e-03
59293	2.383719487274560e-03	2.398832919019490e-03
59366	2.325613437696106e-03	2.344228815319923e-03
59449	2.264464015793943e-03	2.290867652767772e-03
59573	2.223620857433550e-03	2.238721138568340e-03
59672	2.176472699597531e-03	2.187761623949552e-03
59786	2.130395875478808e-03	2.137962089502233e-03
59877	2.085377679636791e-03	2.089296130854039e-03
59963	2.025286038405127e-03	2.041737944669530e-03
60080	1.978936454511637e-03	1.995262314968879e-03
60158	1.935731862877987e-03	1.949844599758046e-03
60262	1.903413903048157e-03	1.905460717963246e-03
60403	1.851200886811233e-03	1.862087136662868e-03
60503	1.816347613577296e-03	1.819700858609983e-03
60604	1.770231780703901e-03	1.778279410038923e-03
60695	1.737532916764817e-03	1.737800828749376e-03
60859	1.691538546588545e-03	1.698243652461744e-03
61023	1.646152058103700e-03	1.659586907437561e-03
61118	1.616089777363383e-03	1.621810097358930e-03
61237	1.572311247081681e-03	1.584893192461114e-03
61332	1.545285252575246e-03	1.548816618912481e-03
61364	1.504403937277465e-03	1.513561248436209e-03
61435	1.476058732281516e-03	1.479108388168207e-03
61518	1.438681788563989e-03	1.445439770745928e-03
61641	1.401923302948083e-03	1.412537544622754e-03
61713	1.377811478863067e-03	1.380384264602885e-03
61796	1.342639661338296e-03	1.348962882591653e-03
61892	1.315084333932237e-03	1.318256738556408e-03
62028	1.285630489655576e-03	1.288249551693134e-03
62144	1.256407563903661e-03	1.258925411794167e-03
62217	1.229381575269306e-03	1.230268770812381e-03
62336	1.196042559410748e-03	1.202264434617413e-03
62459	1.173011333748697e-03	1.174897554939529e-03
62577	1.145898220288100e-03	1.148153621496883e-03
62779	1.118049111050512e-03	1.122018454301963e-03
62916	1.091257882839702e-03	1.096478196143185e-03
63063	1.068288918148030e-03	1.071519305237606e-03
63179	1.045394003756805e-03	1.047128548050900e-03
63302	1.019091798630911e-03	1.023292992280754e-03
63452	9.987882772111156e-04	1.000000000000000e-03
63532	9.757854589518278e-04	9.772372209558111e-04
63687	9.536971215731160e-04	9.549925860214359e-04
63911	9.319745875140395e-04	9.332543007969915e-04
64094	9.084708892517224e-04	9.120108393559096e-04
64262	8.875853549663582e-04	8.912509381337459e-04
64447	8.678969573436834e-04	8.709635899560805e-04
64687	8.488065902745312e-04	8.511380382023768e-04
64850	8.300388918404122e-04	8.317637711026709e-04
64972	8.104236019902400e-04	8.128305161640995e-04
65177	7.929451357326922e-04	7.943282347242813e-04
65352	7.733565084488969e-04	7.762471166286919e-04
65472	7.570344466651946e-04	7.585775750291835e-04
65586	7.391955482141110e-04	7.413102413009177e-04
65729	7.238528334341243e-04	7.244359600749898e-04
65901	7.059737923956755e-04	7.079457843841380e-04
66044	6.911522349231092e-04	6.918309709189362e-04
66131	6.739184221090655e-04	6.760829753919819e-04
66237	6.602761511232957e-04	6.606934480075957e-04
66361	6.454890625534615e-04	6.456542290346556e-04
66446	6.292275970801731e-04	6.309573444801930e-04
66537	6.164235954748687e-04	6.165950018614823e-04
66754	6.010531363372928e-04	6.025595860743575e-04
66928	5.885652484821646e-04	5.888436553555889e-04
67240	5.744869254918905e-04	5.754399373371566e-04
67399	5.609057350528524e-04	5.623413251903491e-04
67622	5.492400469058190e-04	5.495408738576248e-04
67915	5.363849714079549e-04	5.370317963702527e-04
68045	5.239076366148065e-04	5.248074602497728e-04
68298	5.118409478314101e-04	5.128613839913648e-04
68525	5.008016489715938e-04	5.011872336272725e-04
68682	4.887435066172063e-04	4.897788193684461e-04
68926	4.777908001047937e-04	4.786300923226385e-04
69238	4.676789125874770e-04	4.677351412871981e-04
69519	4.568706048031501e-04	4.570881896148752e-04
69766	4.464539079811480e-04	4.466835921509630e-04
70069	4.363579952069152e-04	4.365158322401661e-04
70384	4.262774337586706e-04	4.265795188015926e-04
70671	4.167414266970093e-04	4.168693834703355e-04
70939	4.065735872994525e-04	4.073802778041126e-04
71212	3.979059136812735e-04	3.981071705534974e-04
71291	3.887547520872170e-04	3.890451449942805e-04
71383	3.800594441035754e-04	3.801893963205612e-04
71614	3.712644429290091e-04	3.715352290971724e-04
71793	3.627470571585523e-04	3.630780547701014e-04
72028	3.544407080319223e-04	3.548133892335753e-04
72208	3.464266999099186e-04	3.467368504525317e-04
72296	3.381903113733875e-04	3.388441561392024e-04
72446	3.309569961510439e-04	3.311311214825911e-04
72549	3.232144353690902e-04	3.235936569296281e-04
72707	3.158095814733697e-04	3.162277660168379e-04
72874	3.086205263435060e-04	3.090295432513592e-04
73126	3.016114605619569e-04	3.019951720402016e-04
73396	2.947825980776919e-04	2.951209226666387e-04
73754	2.883505239328343e-04	2.884031503126605e-04
73864	2.817459766637498e-04	2.818382931264455e-04
74080	2.752294000225586e-04	2.754228703338166e-04
74445	2.691395055620660e-04	2.691534803926917e-04
74555	2.627474488189341e-04	2.630267991895381e-04
74751	2.569595635985022e-04	2.570395782768865e-04
74894	2.510353347460192e-04	2.511886431509580e-04
75018	2.453773631393430e-04	2.454708915685031e-04
75428	2.396241438580304e-04	2.398832919019490e-04
75873	2.343812668901268e-04	2.344228815319923e-04
76239	2.290385653386240e-04	2.290867652767772e-04
76508	2.236464488100109e-04	2.238721138568340e-04
76841	2.186932388205109e-04	2.187761623949552e-04
77179	2.136402390353620e-04	2.137962089502232e-04
77594	2.088807567389717e-04	2.089296130854039e-04
77849	2.040165329504351e-04	2.041737944669530e-04
78127	1.994452793038226e-04	1.995262314968879e-04
78238	1.948700927637548e-04	1.949844599758046e-04
78386	1.905204867134191e-04	1.905460717963246e-04
78519	1.861382158629965e-04	1.862087136662868e-04
78776	1.818326872048415e-04	1.819700858609983e-04
79073	1.776966186767259e-04	1.778279410038923e-04
79283	1.736880397280594e-04	1.737800828749376e-04
79381	1.697271479584872e-04	1.698243652461744e-04
79529	1.659066677816012e-04	1.659586907437562e-04
79651	1.621384453834862e-04	1.621810097358930e-04
79834	1.584373267610184e-04	1.584893192461114e-04
80020	1.547956570956410e-04	1.548816618912481e-04
80290	1.512460695268780e-04	1.513561248436209e-04
80664	1.478094118265716e-04	1.479108388168207e-04
80885	1.445246399675026e-04	1.445439770745928e-04
80950	1.411884577888767e-04	1.412537544622754e-04
81151	1.379975905699826e-04	1.380384264602885e-04
81393	1.348713119474487e-04	1.348962882591653e-04
81508	1.317567127488983e-04	1.318256738556407e-04
81663	1.287981130346783e-04	1.288249551693134e-04
81814	1.258523307630099e-04	1.258925411794167e-04
82003	1.230130858356215e-04	1.230268770812381e-04
82289	1.202042399922609e-04	1.202264434617413e-04
82575	1.174642983242657e-04	1.174897554939529e-04
82831	1.147941000152475e-04	1.148153621496883e-04
83078	1.121438496942684e-04	1.122018454301963e-04
83322	1.096446444144306e-04	1.096478196143185e-04
83551	1.071112815195230e-04	1.071519305237606e-04
83651	1.046690921896465e-04	1.047128548050900e-04
83911	1.022908293090152e-04	1.023292992280754e-04
84121	9.995243986526958e-05	1.000000000000000e-04
84206	9.770772382777793e-05	9.772372209558111e-05
84300	9.546409475935658e-05	9.549925860214369e-05
84424	9.329825309489781e-05	9.332543007969905e-05
84533	9.118356690429597e-05	9.120108393559096e-05
84614	8.910512828919082e-05	8.912509381337459e-05
84729	8.708975740623348e-05	8.709635899560814e-05
84855	8.507462635654051e-05	8.511380382023759e-05
84975	8.313733393716660e-05	8.317637711026709e-05
85074	8.126322497203908e-05	8.128305161640995e-05
85198	7.941868861494061e-05	7.943282347242822e-05
85342	7.762295853852574e-05	7.762471166286911e-05
85540	7.585042218016813e-05	7.585775750291836e-05
85983	7.413053852178830e-05	7.413102413009176e-05
86186	7.243408990287303e-05	7.244359600749906e-05
86286	7.077954823853094e-05	7.079457843841373e-05
86404	6.916791910727138e-05	6.918309709189363e-05
86474	6.759883758389318e-05	6.760829753919819e-05
86713	6.604826247014195e-05	6.606934480075965e-05
86863	6.456204792626430e-05	6.456542290346549e-05
86989	6.307865127641588e-05	6.309573444801929e-05
87169	6.164777154327172e-05	6.165950018614822e-05
87285	6.024954155181561e-05	6.025595860743581e-05
87395	5.887215534639001e-05	5.888436553555884e-05
87489	5.753650232498408e-05	5.754399373371566e-05
87619	5.622305933827842e-05	5.623413251903491e-05
87772	5.494328681154848e-05	5.495408738576248e-05
87882	5.370014135774870e-05	5.370317963702532e-05
87979	5.247280003328747e-05	5.248074602497723e-05
88060	5.128056657144331e-05	5.128613839913648e-05
88208	5.010798564708541e-05	5.011872336272725e-05
88321	4.897695751981956e-05	4.897788193684466e-05
88415	4.785426927556014e-05	4.786300923226380e-05
88516	4.676982336682123e-05	4.677351412871981e-05
88603	4.570121826141804e-05	4.570881896148752e-05
88741	4.466611390363528e-05	4.466835921509635e-05
88879	4.364489277630668e-05	4.365158322401657e-05
89018	4.264787831342876e-05	4.265795188015926e-05
89137	4.168221155986807e-05	4.168693834703355e-05
89267	4.073728429343504e-05	4.073802778041130e-05
89410	3.980726646568566e-05	3.981071705534969e-05
89536	3.889877300511380e-05	3.890451449942805e-05
89727	3.801164014183289e-05	3.801893963205612e-05
89909	3.714868615745104e-05	3.715352290971728e-05
90073	3.630556501321713e-05	3.630780547701010e-05
90240	3.548108479056733e-05	3.548133892335753e-05
90388	3.466846009747560e-05	3.467368504525317e-05
90533	3.388438168860919e-05	3.388441561392028e-05
90679	3.310965899994134e-05	3.311311214825908e-05
90819	3.235470416285136e-05	3.235936569296281e-05
90995	3.162086647701123e-05	3.162277660168380e-05
91162	3.089964518887545e-05	3.090295432513592e-05
91334	3.019888684585581e-05	3.019951720402019e-05
91495	2.950920480282448e-05	2.951209226666384e-05
91660	2.883840085288192e-05	2.884031503126606e-05
91818	2.817977059432764e-05	2.818382931264455e-05
91983	2.753868126159631e-05	2.754228703338169e-05
92157	2.691161569279288e-05	2.691534803926914e-05
92319	2.630221903321406e-05	2.630267991895381e-05
92487	2.570128247025849e-05	2.570395782768864e-05
92682	2.511801987348239e-05	2.511886431509582e-05
92853	2.454511425120653e-05	2.454708915685029e-05
93022	2.398783836832230e-05	2.398832919019490e-05
93206	2.344052518721274e-05	2.344228815319923e-05
93375	2.290790486980665e-05	2.290867652767775e-05
93546	2.238487773453812e-05	2.238721138568338e-05
93724	2.187714676027408e-05	2.187761623949552e-05
93895	2.137854256123450e-05	2.137962089502232e-05
94076	2.089246650760490e-05	2.089296130854041e-05
94270	2.041473404734706e-05	2.041737944669527e-05
94478	1.995041387525820e-05	1.995262314968879e-05
94680	1.949695234115811e-05	1.949844599758046e-05
94982	1.905267234381114e-05	1.905460717963248e-05
95226	1.861994509777531e-05	1.862087136662866e-05
95465	1.819637513733596e-05	1.819700858609983e-05
95734	1.778136113916862e-05	1.778279410038923e-05
96023	1.737765703135885e-05	1.737800828749376e-05
96297	1.698164796271051e-05	1.698243652461746e-05
96568	1.659538277409833e-05	1.659586907437560e-05
96839	1.621677168961444e-05	1.621810097358930e-05
97123	1.584797941600602e-05	1.584893192461114e-05
97405	1.548721119071228e-05	1.548816618912483e-05
97699	1.513452698298501e-05	1.513561248436207e-05
98011	1.479006947757711e-05	1.479108388168207e-05
98322	1.445434732572082e-05	1.445439770745928e-05
98632	1.412466736838702e-05	1.412537544622755e-05
98938	1.380287739871644e-05	1.380384264602884e-05
99249	1.348939603151855e-05	1.348962882591653e-05
99558	1.318172101882897e-05	1.318256738556407e-05
99871	1.288157049683658e-05	1.288249551693135e-05
100183	1.258872152409829e-05	1.258925411794166e-05
100491	1.230268110863353e-05	1.230268770812381e-05
100802	1.202217713758280e-05	1.202264434617413e-05
101129	1.174869454645400e-05	1.174897554939530e-05
101457	1.148137752726708e-05	1.148153621496882e-05
101784	1.121985266139269e-05	1.122018454301963e-05
102111	1.096428419811168e-05	1.096478196143185e-05
102446	1.071448750078474e-05	1.071519305237607e-05
102775	1.047107589358109e-05	1.047128548050899e-05
103104	1.023235210040330e-05	1.023292992280754e-05
103439	9.999447312614151e-06	1.000000000000000e-05
103790	9.771888886067615e-06	9.772372209558111e-06
104148	9.549572997813449e-06	9.549925860214369e-06
104528	9.332164535247323e-06	9.332543007969906e-06
104914	9.119922142586390e-06	9.120108393559096e-06
299983	9.097586507023081e-06	9.120108393559096e-06
%
% index = 1419, name = bbob_f013_i21_d03__bbob_f021_i22_d03
% instance = 10, reference value = 9.328075417597230e-01
% function evaluation | indicator value | target hit
1	3.831073309712767e+00	3.890451449942806e+00
22	3.792909360497707e+00	3.801893963205611e+00
24	3.682097060666862e+00	3.715352290971725e+00
25	3.543304198096584e+00	3.548133892335755e+00
32	3.335819470353661e+00	3.388441561392026e+00
39	3.056920514466876e+00	3.090295432513591e+00
46	2.840606943029581e+00	2.884031503126606e+00
53	2.678409088555342e+00	2.691534803926916e+00
60	2.561896849559586e+00	2.570395782768863e+00
67	2.484148672231064e+00	2.511886431509580e+00
74	2.439696182983024e+00	2.454708915685031e+00
269	2.347559405508396e+00	2.398832919019490e+00
424	2.265564728691497e+00	2.290867652767773e+00
425	2.205770471827892e+00	2.238721138568339e+00
446	1.636241670425948e+00	1.659586907437561e+00
453	1.003793791881223e+00	1.023292992280754e+00
460	9.516373922292229e-01	9.549925860214360e-01
467	9.056462741394231e-01	9.120108393559098e-01
474	8.523335807113398e-01	8.709635899560807e-01
481	8.009015527310788e-01	8.128305161640993e-01
488	7.801603224800918e-01	7.943282347242815e-01
495	7.663927081458910e-01	7.762471166286917e-01
502	7.536070169255878e-01	7.585775750291838e-01
516	7.344315398959356e-01	7.413102413009175e-01
523	7.143070938767768e-01	7.244359600749900e-01
530	7.074586962216917e-01	7.079457843841379e-01
1280	6.844654265759581e-01	6.918309709189365e-01
1319	6.646320383204205e-01	6.760829753919817e-01
1342	6.250851001321283e-01	6.309573444801932e-01
1403	5.586392276055201e-01	5.623413251903491e-01
1466	4.927770231031604e-01	5.011872336272722e-01
1523	4.279216742802288e-01	4.365158322401660e-01
1587	3.646806055260459e-01	3.715352290971726e-01
1645	3.021063428140496e-01	3.090295432513591e-01
1710	2.418396274104934e-01	2.454708915685030e-01
1790	1.863806968146582e-01	1.905460717963247e-01
1878	1.342304177224990e-01	1.348962882591654e-01
1974	8.414438907045851e-02	8.511380382023763e-02
2072	4.244274696557837e-02	4.265795188015926e-02
2094	4.166553275299156e-02	4.168693834703355e-02
2173	4.065521683137652e-02	4.073802778041128e-02
2193	3.906652485954554e-02	3.981071705534973e-02
2194	3.748111003955068e-02	3.801893963205612e-02
2195	3.438376981103231e-02	3.467368504525317e-02
2196	2.927337187446177e-02	2.951209226666385e-02
2197	2.864225777217511e-02	2.884031503126606e-02
2276	2.775782630550283e-02	2.818382931264454e-02
2294	2.734098263421225e-02	2.754228703338166e-02
2296	2.607498847410505e-02	2.630267991895381e-02
2297	2.435816606051999e-02	2.454708915685030e-02
2298	2.092869831339972e-02	2.137962089502233e-02
2299	1.990769311350538e-02	1.995262314968880e-02
2464	1.749652014889846e-02	1.778279410038923e-02
2481	1.726997145278186e-02	1.737800828749375e-02
2483	1.658931418364518e-02	1.659586907437561e-02
2484	1.585416663776684e-02	1.621810097358930e-02
2485	1.582340326428433e-02	1.584893192461113e-02
8651	1.543875817256735e-02	1.548816618912481e-02
13063	1.511947444315287e-02	1.513561248436208e-02
13119	1.476734448386208e-02	1.479108388168207e-02
13160	1.404052386587040e-02	1.412537544622754e-02
13204	1.246347833857564e-02	1.258925411794167e-02
13251	9.931677270464290e-03	1.000000000000000e-02
13425	9.760341369816627e-03	9.772372209558112e-03
13758	9.481235681347178e-03	9.549925860214359e-03
17713	9.331338927841215e-03	9.332543007969915e-03
20058	7.983919862703859e-03	8.128305161640995e-03
20123	7.396240131917531e-03	7.413102413009177e-03
20141	7.175054279804693e-03	7.244359600749898e-03
20381	7.068445813728119e-03	7.079457843841380e-03
56254	6.669093334877418e-03	6.760829753919818e-03
56388	5.723447848253960e-03	5.754399373371567e-03
56560	5.034845706238578e-03	5.128613839913648e-03
56623	4.736427545491861e-03	4.786300923226385e-03
56742	4.455689125307249e-03	4.466835921509630e-03
56804	4.194029078361861e-03	4.265795188015926e-03
56968	3.921587720049691e-03	3.981071705534973e-03
57069	3.725756595105767e-03	3.801893963205613e-03
57125	3.542162664015414e-03	3.548133892335753e-03
57264	3.347303367821852e-03	3.388441561392024e-03
57352	3.243511916325548e-03	3.311311214825911e-03
57456	3.142622573512055e-03	3.162277660168379e-03
57509	3.063530481662857e-03	3.090295432513592e-03
57577	2.963089295603072e-03	3.019951720402016e-03
57631	2.884657769038790e-03	2.951209226666387e-03
57682	2.823194397022943e-03	2.884031503126605e-03
57795	2.736897218523882e-03	2.754228703338166e-03
57841	2.664993515816949e-03	2.691534803926917e-03
57894	2.585971651192676e-03	2.630267991895381e-03
57946	2.517653750197080e-03	2.570395782768865e-03
58006	2.453993624382256e-03	2.454708915685031e-03
58218	2.363753374259425e-03	2.398832919019490e-03
58272	2.310789383737744e-03	2.344228815319923e-03
58345	2.259752598285925e-03	2.290867652767772e-03
58471	2.215663711449989e-03	2.238721138568340e-03
58523	2.176242924527005e-03	2.187761623949552e-03
58676	2.104448147854709e-03	2.137962089502233e-03
58727	2.072609433374173e-03	2.089296130854039e-03
58786	2.038824106329495e-03	2.041737944669530e-03
58930	1.979999407980881e-03	1.995262314968879e-03
58991	1.946346378246644e-03	1.949844599758046e-03
59132	1.893397448469725e-03	1.905460717963246e-03
59208	1.840743693708013e-03	1.862087136662868e-03
59288	1.815202038709884e-03	1.819700858609983e-03
59334	1.769759968511808e-03	1.778279410038923e-03
59415	1.729963532193124e-03	1.737800828749376e-03
59466	1.693266442389207e-03	1.698243652461744e-03
59555	1.655373699983476e-03	1.659586907437561e-03
59690	1.620643011042366e-03	1.621810097358930e-03
59810	1.567769321428436e-03	1.584893192461114e-03
59913	1.538776442243539e-03	1.548816618912481e-03
60015	1.508286386314506e-03	1.513561248436209e-03
60110	1.467147847370898e-03	1.479108388168207e-03
60253	1.434425071254131e-03	1.445439770745928e-03
60347	1.411239157588340e-03	1.412537544622754e-03
60614	1.377568265288676e-03	1.380384264602885e-03
60717	1.347491824043701e-03	1.348962882591653e-03
60928	1.313009263934406e-03	1.318256738556408e-03
61099	1.287256319263519e-03	1.288249551693134e-03
61516	1.252080772955355e-03	1.258925411794167e-03
61674	1.225551355571675e-03	1.230268770812381e-03
61724	1.202148068748743e-03	1.202264434617413e-03
61834	1.173298376656584e-03	1.174897554939529e-03
62113	1.145737880453690e-03	1.148153621496883e-03
62252	1.120511190980888e-03	1.122018454301963e-03
62381	1.093446756200156e-03	1.096478196143185e-03
62480	1.070558766761875e-03	1.071519305237606e-03
62576	1.044678197469007e-03	1.047128548050900e-03
62767	1.020721634268695e-03	1.023292992280754e-03
62863	9.991092043866168e-04	1.000000000000000e-03
63047	9.755481351099160e-04	9.772372209558111e-04
63427	9.531051184110684e-04	9.549925860214359e-04
63847	9.306532076303053e-04	9.332543007969915e-04
64290	9.100843424466598e-04	9.120108393559096e-04
64858	8.896096929597030e-04	8.912509381337459e-04
65283	8.701493113687508e-04	8.709635899560805e-04
65645	8.501014756306935e-04	8.511380382023768e-04
65813	8.316529823892971e-04	8.317637711026709e-04
66004	8.123594243214516e-04	8.128305161640995e-04
66424	7.930949062578962e-04	7.943282347242813e-04
66716	7.754731373653678e-04	7.762471166286919e-04
66908	7.583511962000467e-04	7.585775750291835e-04
67266	7.403680814915825e-04	7.413102413009177e-04
67591	7.235945879562333e-04	7.244359600749898e-04
68052	7.073399213757270e-04	7.079457843841380e-04
68744	6.915159070435273e-04	6.918309709189362e-04
69877	6.757393228162822e-04	6.760829753919819e-04
71041	6.602601750969050e-04	6.606934480075957e-04
72074	6.456348413272917e-04	6.456542290346556e-04
72567	6.308463151352139e-04	6.309573444801930e-04
73472	6.164230496952250e-04	6.165950018614823e-04
73896	6.023342357491801e-04	6.025595860743575e-04
74510	5.888061073435757e-04	5.888436553555889e-04
75273	5.754355946746559e-04	5.754399373371566e-04
76942	5.622906891566970e-04	5.623413251903491e-04
78901	5.494790771600755e-04	5.495408738576248e-04
80197	5.369347242113465e-04	5.370317963702527e-04
80914	5.247305920031975e-04	5.248074602497728e-04
81546	5.128601448349812e-04	5.128613839913648e-04
83264	5.011509535073344e-04	5.011872336272725e-04
86894	4.897521875212307e-04	4.897788193684461e-04
88400	4.786181892376673e-04	4.786300923226385e-04
90659	4.677293915574809e-04	4.677351412871981e-04
94393	4.570844480580316e-04	4.570881896148752e-04
100187	4.466826740214813e-04	4.466835921509630e-04
299999	4.409866514603067e-04	4.466835921509630e-04
