%
% index = 2235, name = bbob_f013_i02_d05__bbob_f021_i04_d05
% instance = 1, reference value = 9.038928564812690e-01
% function evaluation | indicator value | target hit
1	9.588318182827690e-01	9.772372209558107e-01
28	9.534370112747691e-01	9.549925860214360e-01
51	9.173733194807691e-01	9.332543007969910e-01
62	9.010343099012050e-01	9.120108393559098e-01
73	8.868699091820367e-01	8.912509381337456e-01
95	8.568997845266836e-01	8.709635899560807e-01
106	8.413783098472127e-01	8.511380382023764e-01
117	8.275809966675270e-01	8.317637711026710e-01
139	8.104093698345104e-01	8.128305161640993e-01
183	7.942921340200266e-01	7.943282347242815e-01
1493	7.718894758902284e-01	7.762471166286917e-01
1946	7.435481081675311e-01	7.585775750291838e-01
2182	7.240727513038896e-01	7.244359600749900e-01
2429	7.051586922413093e-01	7.079457843841379e-01
2643	6.874607064360050e-01	6.918309709189365e-01
2956	6.714054456617006e-01	6.760829753919817e-01
3180	6.569559520985141e-01	6.606934480075960e-01
3469	6.445089623946930e-01	6.456542290346555e-01
3905	6.280452111877668e-01	6.309573444801932e-01
4572	6.157222232698141e-01	6.165950018614822e-01
5383	5.988745378959626e-01	6.025595860743578e-01
5405	5.821487723302231e-01	5.888436553555889e-01
5416	5.743988671926098e-01	5.754399373371569e-01
5438	5.622274936173108e-01	5.623413251903491e-01
8426	5.490891211942737e-01	5.495408738576245e-01
8829	5.252631091956688e-01	5.370317963702527e-01
8869	5.150617418517520e-01	5.248074602497725e-01
9469	4.568725281717922e-01	4.570881896148750e-01
9480	4.363981336131005e-01	4.365158322401660e-01
9491	4.265349402732539e-01	4.265795188015927e-01
9502	4.166624985713043e-01	4.168693834703354e-01
9535	4.049623493278633e-01	4.073802778041127e-01
9645	3.974700154239833e-01	3.981071705534972e-01
11330	3.887965306745279e-01	3.890451449942806e-01
13237	3.800015810221538e-01	3.801893963205612e-01
13595	3.708458897800487e-01	3.715352290971726e-01
15176	3.622398434764619e-01	3.630780547701014e-01
15231	3.546401309495941e-01	3.548133892335755e-01
16817	3.402590701293479e-01	3.467368504525316e-01
17166	3.312590908609480e-01	3.388441561392025e-01
17652	3.253518696849736e-01	3.311311214825911e-01
18113	3.220738678828713e-01	3.235936569296283e-01
37178	3.159973385924955e-01	3.162277660168379e-01
38834	3.013620262402185e-01	3.019951720402016e-01
38856	2.927650041701788e-01	2.951209226666385e-01
38911	2.835108795294619e-01	2.884031503126606e-01
38922	2.787259170091522e-01	2.818382931264454e-01
38988	2.729493611567650e-01	2.754228703338166e-01
39790	2.664257849034134e-01	2.691534803926916e-01
39901	2.607092013583765e-01	2.630267991895382e-01
40013	2.558276069036005e-01	2.570395782768864e-01
40215	2.498798451476929e-01	2.511886431509580e-01
47764	2.454441160991481e-01	2.454708915685030e-01
48265	2.369962161849024e-01	2.398832919019490e-01
48429	2.280621157260669e-01	2.290867652767773e-01
48628	2.091796848187930e-01	2.137962089502232e-01
48819	1.892208889407264e-01	1.905460717963247e-01
48977	1.725899198067984e-01	1.737800828749375e-01
49114	1.598215338150620e-01	1.621810097358930e-01
49240	1.488728705575595e-01	1.513561248436208e-01
49355	1.371554742589285e-01	1.380384264602885e-01
49491	1.257175058117904e-01	1.258925411794167e-01
49605	1.065677404680666e-01	1.071519305237607e-01
49708	9.544901713235987e-02	9.549925860214359e-02
49800	8.037379533597522e-02	8.128305161640990e-02
49881	6.614208331114912e-02	6.760829753919818e-02
49961	5.971494665560317e-02	6.025595860743578e-02
50030	5.803473956362093e-02	5.888436553555890e-02
93464	5.667029924135825e-02	5.754399373371569e-02
93566	5.214482495056394e-02	5.248074602497726e-02
93679	4.923199807619771e-02	5.011872336272722e-02
93792	4.879540153144901e-02	4.897788193684462e-02
105472	4.606158581012931e-02	4.677351412871981e-02
105483	4.349743836856801e-02	4.365158322401658e-02
105494	4.055138164877237e-02	4.073802778041128e-02
105505	3.815412674170449e-02	3.890451449942807e-02
105516	3.644303260391768e-02	3.715352290971726e-02
105527	3.572167239480595e-02	3.630780547701014e-02
105549	3.269180083167678e-02	3.311311214825911e-02
119665	3.227763357175628e-02	3.235936569296283e-02
119921	3.131783733168758e-02	3.162277660168379e-02
120063	3.011439773799196e-02	3.019951720402016e-02
120229	2.782365104817319e-02	2.818382931264454e-02
120408	2.338397944287207e-02	2.344228815319923e-02
120610	2.018889505068266e-02	2.041737944669529e-02
120846	1.892345935516138e-02	1.905460717963247e-02
121217	1.859039760311376e-02	1.862087136662868e-02
123409	1.613682337516198e-02	1.621810097358930e-02
123601	1.249467189118592e-02	1.258925411794167e-02
123828	1.014413993674845e-02	1.023292992280754e-02
124101	8.931567162453802e-03	9.120108393559097e-03
124449	8.231106676473532e-03	8.317637711026709e-03
124764	7.818392006254782e-03	7.943282347242814e-03
125047	7.567397867928261e-03	7.585775750291836e-03
125386	7.323099212997009e-03	7.413102413009177e-03
210144	7.243092139435192e-03	7.244359600749898e-03
233361	6.537605896319798e-03	6.606934480075957e-03
233561	5.900936417873148e-03	6.025595860743574e-03
233760	5.559626212526814e-03	5.623413251903491e-03
233994	5.370660516085479e-03	5.495408738576248e-03
234136	5.174866540995415e-03	5.248074602497728e-03
234202	4.997895158665555e-03	5.011872336272725e-03
234355	4.815394919311711e-03	4.897788193684461e-03
234546	4.650133714998894e-03	4.677351412871981e-03
234743	4.502679898680140e-03	4.570881896148752e-03
235000	4.365360018643294e-03	4.466835921509630e-03
235231	4.275592896427316e-03	4.365158322401661e-03
235418	4.180559399328931e-03	4.265795188015926e-03
235678	4.075639029596845e-03	4.168693834703355e-03
235952	4.003322019984767e-03	4.073802778041126e-03
236095	3.940637036191852e-03	3.981071705534973e-03
236326	3.833272861356818e-03	3.890451449942805e-03
236606	3.791729655497234e-03	3.801893963205613e-03
236870	3.708633481846246e-03	3.715352290971724e-03
237075	3.619355602669017e-03	3.630780547701014e-03
237388	3.530530143183497e-03	3.548133892335753e-03
237739	3.444403861640577e-03	3.467368504525317e-03
238353	3.370134388908097e-03	3.388441561392024e-03
238685	3.286291496661708e-03	3.311311214825911e-03
239298	3.220487343754241e-03	3.235936569296281e-03
239781	3.140841851960730e-03	3.162277660168379e-03
240042	3.054556743762760e-03	3.090295432513592e-03
240243	3.019298010403237e-03	3.019951720402016e-03
240793	2.928020787703822e-03	2.951209226666387e-03
241085	2.874512804570406e-03	2.884031503126605e-03
241558	2.817716307779938e-03	2.818382931264455e-03
242437	2.745699428024717e-03	2.754228703338166e-03
243048	2.684655852675633e-03	2.691534803926917e-03
243687	2.623015172082521e-03	2.630267991895381e-03
244558	2.564568869720119e-03	2.570395782768865e-03
245024	2.501556971649888e-03	2.511886431509579e-03
245720	2.446193919577677e-03	2.454708915685031e-03
246698	2.396032567639428e-03	2.398832919019490e-03
247466	2.342930905126939e-03	2.344228815319923e-03
248712	2.290028247593168e-03	2.290867652767772e-03
250070	2.232283249914424e-03	2.238721138568340e-03
250789	2.181051090977326e-03	2.187761623949552e-03
251947	2.133472649730184e-03	2.137962089502233e-03
253450	2.084854616308474e-03	2.089296130854039e-03
254962	2.038596717526375e-03	2.041737944669530e-03
256186	1.994521361851409e-03	1.995262314968879e-03
257931	1.947490012383257e-03	1.949844599758046e-03
259361	1.903752110227308e-03	1.905460717963246e-03
261011	1.862074580069595e-03	1.862087136662868e-03
263382	1.819201829401762e-03	1.819700858609983e-03
265826	1.777128939648209e-03	1.778279410038923e-03
268209	1.736487053021540e-03	1.737800828749376e-03
270823	1.697758203478061e-03	1.698243652461744e-03
274618	1.659391657054421e-03	1.659586907437561e-03
278575	1.621282775717048e-03	1.621810097358930e-03
282417	1.584365755627704e-03	1.584893192461114e-03
288221	1.548178871482842e-03	1.548816618912481e-03
293520	1.513261161651402e-03	1.513561248436209e-03
300525	1.478836282709062e-03	1.479108388168207e-03
309134	1.445269402608029e-03	1.445439770745928e-03
315528	1.412440247674285e-03	1.412537544622754e-03
326117	1.380371044170658e-03	1.380384264602885e-03
338734	1.348959324075527e-03	1.348962882591653e-03
354132	1.318250910555041e-03	1.318256738556408e-03
377081	1.288249401446007e-03	1.288249551693134e-03
499999	1.285576327252347e-03	1.288249551693134e-03
%
% index = 2236, name = bbob_f013_i03_d05__bbob_f021_i05_d05
% instance = 2, reference value = 8.238535188021781e-01
% function evaluation | indicator value | target hit
1	1.920358349418517e+00	1.949844599758045e+00
29	1.899971802964963e+00	1.905460717963247e+00
51	1.842391829605678e+00	1.862087136662868e+00
62	1.808941094029678e+00	1.819700858609983e+00
73	1.775029973167678e+00	1.778279410038923e+00
95	1.705311233701178e+00	1.737800828749375e+00
106	1.669699098972178e+00	1.698243652461744e+00
117	1.633922861115178e+00	1.659586907437561e+00
128	1.598155858221178e+00	1.621810097358930e+00
139	1.562483420655178e+00	1.584893192461114e+00
150	1.526946920926178e+00	1.548816618912481e+00
161	1.491571516097678e+00	1.513561248436208e+00
172	1.456378430236678e+00	1.479108388168207e+00
183	1.421389445647178e+00	1.445439770745927e+00
194	1.386628383040178e+00	1.412537544622754e+00
205	1.352121822638678e+00	1.380384264602885e+00
216	1.317899800765178e+00	1.318256738556407e+00
227	1.283996855726678e+00	1.288249551693134e+00
238	1.250453572444678e+00	1.258925411794167e+00
249	1.217319023693178e+00	1.230268770812382e+00
260	1.184654694719678e+00	1.202264434617413e+00
271	1.152540632198178e+00	1.174897554939530e+00
282	1.121085411101678e+00	1.122018454301963e+00
293	1.090441324405678e+00	1.096478196143185e+00
304	1.060825989634678e+00	1.071519305237606e+00
315	1.032546552889178e+00	1.047128548050900e+00
326	1.006016682217178e+00	1.023292992280754e+00
337	9.817487907796780e-01	1.000000000000000e+00
348	9.603578856541781e-01	9.772372209558107e-01
359	9.418054807536780e-01	9.549925860214360e-01
370	9.147340265381780e-01	9.332543007969910e-01
381	8.854497133971779e-01	8.912509381337456e-01
392	8.679678410906779e-01	8.709635899560807e-01
425	8.482653954766781e-01	8.511380382023764e-01
590	8.249748633171781e-01	8.317637711026710e-01
612	8.103148501408157e-01	8.128305161640993e-01
733	7.768224107915238e-01	7.943282347242815e-01
744	7.697208632710943e-01	7.762471166286917e-01
953	7.578231061822357e-01	7.585775750291838e-01
2569	7.410299034221650e-01	7.413102413009175e-01
3178	6.975678198027544e-01	7.079457843841379e-01
3586	6.673307287948278e-01	6.760829753919817e-01
3978	6.382385027912857e-01	6.456542290346555e-01
4606	6.103445058473478e-01	6.165950018614822e-01
4999	5.836989075001523e-01	5.888436553555889e-01
5357	5.583393763556563e-01	5.623413251903491e-01
5770	5.342990963568440e-01	5.370317963702527e-01
6314	5.116085152242904e-01	5.128613839913648e-01
6761	4.903024352435716e-01	5.011872336272722e-01
7162	4.704205171761035e-01	4.786300923226383e-01
7671	4.519993713302481e-01	4.570881896148750e-01
7989	4.350461260490536e-01	4.365158322401660e-01
8297	4.195241882092155e-01	4.265795188015927e-01
8548	4.053587634060770e-01	4.073802778041127e-01
8896	3.924757084854440e-01	3.981071705534972e-01
9231	3.808263360186662e-01	3.890451449942806e-01
9477	3.702511177124755e-01	3.715352290971726e-01
9702	3.609349564177801e-01	3.630780547701014e-01
9914	3.528955428867987e-01	3.548133892335755e-01
10092	3.461143195802791e-01	3.467368504525316e-01
10437	3.360757074644306e-01	3.388441561392025e-01
10484	3.275547828106202e-01	3.311311214825911e-01
10700	3.206215081539106e-01	3.235936569296283e-01
11758	3.155876112057652e-01	3.162277660168379e-01
11769	3.001896088250454e-01	3.019951720402016e-01
11780	2.853167350198605e-01	2.884031503126606e-01
11791	2.733095322986235e-01	2.754228703338166e-01
11802	2.650939333367995e-01	2.691534803926916e-01
11813	2.609970175882141e-01	2.630267991895382e-01
26714	2.563875110719541e-01	2.570395782768864e-01
26908	2.495375232170536e-01	2.511886431509580e-01
27074	2.414557457943565e-01	2.454708915685030e-01
27231	2.290038216108653e-01	2.290867652767773e-01
27423	2.196324888610546e-01	2.238721138568339e-01
27615	2.136142985776688e-01	2.137962089502232e-01
32199	2.086866413840875e-01	2.089296130854039e-01
32469	1.996579057746531e-01	2.041737944669530e-01
32580	1.909565953737726e-01	1.949844599758045e-01
32715	1.754937503532383e-01	1.778279410038923e-01
32873	1.571914862798738e-01	1.584893192461113e-01
33031	1.327699372494731e-01	1.348962882591654e-01
33189	1.062579679357067e-01	1.071519305237607e-01
33303	8.944881046757702e-02	9.120108393559097e-02
33405	7.736907161048512e-02	7.762471166286916e-02
33540	6.084568295474924e-02	6.165950018614822e-02
33642	5.147391663325940e-02	5.248074602497726e-02
33755	4.971027543561302e-02	5.011872336272722e-02
33900	4.852700036826130e-02	4.897788193684462e-02
34034	4.693926393629533e-02	4.786300923226382e-02
34146	4.651804238016988e-02	4.677351412871981e-02
63351	4.172269714647869e-02	4.265795188015926e-02
63641	3.522447047685318e-02	3.548133892335755e-02
63909	2.803010663069339e-02	2.818382931264454e-02
64113	2.319258566226190e-02	2.344228815319923e-02
64139	2.281845105234492e-02	2.290867652767773e-02
64306	2.099211282627167e-02	2.137962089502233e-02
64328	2.087416795080410e-02	2.089296130854040e-02
64331	2.010972262914634e-02	2.041737944669529e-02
64332	1.944677495155223e-02	1.949844599758046e-02
64356	1.898359206259448e-02	1.905460717963247e-02
64501	1.688768606918145e-02	1.698243652461744e-02
64525	1.645743961189272e-02	1.659586907437561e-02
64916	1.612137172099315e-02	1.621810097358930e-02
133661	1.580652254594483e-02	1.584893192461113e-02
151560	1.546100820360863e-02	1.548816618912481e-02
175010	1.491730378010869e-02	1.513561248436208e-02
175021	1.462777149144334e-02	1.479108388168207e-02
175032	1.438965698438921e-02	1.445439770745927e-02
175065	1.407383445893973e-02	1.412537544622754e-02
175087	1.369575239318810e-02	1.380384264602885e-02
177849	1.346984677092777e-02	1.348962882591653e-02
178431	1.314339059456548e-02	1.318256738556407e-02
178675	1.274816734599749e-02	1.288249551693134e-02
178967	1.243214708973850e-02	1.258925411794167e-02
179170	1.217276702883563e-02	1.230268770812382e-02
194625	1.198549641268720e-02	1.202264434617413e-02
194658	1.174709936673424e-02	1.174897554939530e-02
255784	1.090073111793854e-02	1.096478196143185e-02
255884	1.029089452652698e-02	1.047128548050900e-02
256028	9.658849265414826e-03	9.772372209558112e-03
256128	9.084484971059070e-03	9.120108393559097e-03
256273	8.669804903909339e-03	8.709635899560805e-03
256517	8.289427850028508e-03	8.317637711026709e-03
256817	8.122377428027239e-03	8.128305161640995e-03
257152	7.747150548298221e-03	7.762471166286920e-03
257663	7.516999052102680e-03	7.585775750291836e-03
258007	7.207043089605625e-03	7.244359600749898e-03
258238	7.039290980606072e-03	7.079457843841380e-03
258336	6.875893639400332e-03	6.918309709189363e-03
258434	6.712977987807456e-03	6.760829753919818e-03
258532	6.560646035308704e-03	6.606934480075957e-03
258641	6.402167595107255e-03	6.456542290346556e-03
258784	6.249339486018801e-03	6.309573444801930e-03
258905	6.101972053874527e-03	6.165950018614822e-03
259026	5.963500455587911e-03	6.025595860743574e-03
259113	5.831363968168635e-03	5.888436553555890e-03
259223	5.704226409108060e-03	5.754399373371567e-03
259455	5.532499851602535e-03	5.623413251903491e-03
259643	5.430979901463462e-03	5.495408738576248e-03
259829	5.328950390619536e-03	5.370317963702527e-03
260101	5.194530092034300e-03	5.248074602497728e-03
260375	5.040162259593806e-03	5.128613839913648e-03
260595	4.945865277014794e-03	5.011872336272725e-03
260995	4.854815127414036e-03	4.897788193684461e-03
261383	4.782104815722943e-03	4.786300923226385e-03
261614	4.631303371223416e-03	4.677351412871981e-03
261700	4.564584642944181e-03	4.570881896148752e-03
261873	4.450981628539630e-03	4.466835921509630e-03
262068	4.320478245698478e-03	4.365158322401661e-03
262238	4.237115122770030e-03	4.265795188015926e-03
262408	4.154914882258942e-03	4.168693834703355e-03
262722	4.052790681981278e-03	4.073802778041126e-03
262952	3.974093417740465e-03	3.981071705534973e-03
263230	3.858971965104097e-03	3.890451449942805e-03
263434	3.783428527165289e-03	3.801893963205613e-03
263650	3.711669046823740e-03	3.715352290971724e-03
264029	3.609992288304054e-03	3.630780547701014e-03
264303	3.543343393626275e-03	3.548133892335753e-03
264580	3.454575568275886e-03	3.467368504525317e-03
264953	3.369191315152675e-03	3.388441561392024e-03
265321	3.292030139074864e-03	3.311311214825911e-03
265821	3.228879794170969e-03	3.235936569296281e-03
266315	3.159546838088056e-03	3.162277660168379e-03
266946	3.072978437644647e-03	3.090295432513592e-03
267515	3.014491538839259e-03	3.019951720402016e-03
267974	2.947439418195308e-03	2.951209226666387e-03
268512	2.882360890938851e-03	2.884031503126605e-03
268816	2.814733998084740e-03	2.818382931264455e-03
269227	2.741294518283866e-03	2.754228703338166e-03
269706	2.683483398581488e-03	2.691534803926917e-03
270091	2.629037754510621e-03	2.630267991895381e-03
270643	2.560850203487730e-03	2.570395782768865e-03
271066	2.511400164102895e-03	2.511886431509579e-03
271577	2.454266185841547e-03	2.454708915685031e-03
272067	2.397049799943041e-03	2.398832919019490e-03
272744	2.337772471402877e-03	2.344228815319923e-03
273274	2.288068012475053e-03	2.290867652767772e-03
273884	2.234636206140395e-03	2.238721138568340e-03
275630	2.181418308518368e-03	2.187761623949552e-03
276423	2.137109753981070e-03	2.137962089502233e-03
277261	2.085996450795879e-03	2.089296130854039e-03
278058	2.037731094050366e-03	2.041737944669530e-03
278954	1.993256802841237e-03	1.995262314968879e-03
279984	1.944233667034223e-03	1.949844599758046e-03
280614	1.901853740517434e-03	1.905460717963246e-03
281196	1.861605614156492e-03	1.862087136662868e-03
282232	1.818806706341158e-03	1.819700858609983e-03
283278	1.776038563769289e-03	1.778279410038923e-03
284340	1.735979198595916e-03	1.737800828749376e-03
285137	1.697876789771735e-03	1.698243652461744e-03
286229	1.657822011895904e-03	1.659586907437561e-03
287645	1.620925434615006e-03	1.621810097358930e-03
289254	1.583868665919752e-03	1.584893192461114e-03
291032	1.547519224564531e-03	1.548816618912481e-03
292659	1.512214187721073e-03	1.513561248436209e-03
294647	1.478139475569962e-03	1.479108388168207e-03
296103	1.444629994312607e-03	1.445439770745928e-03
298147	1.411682504378176e-03	1.412537544622754e-03
300460	1.379893056364878e-03	1.380384264602885e-03
302210	1.348411090136281e-03	1.348962882591653e-03
303983	1.317903206292881e-03	1.318256738556408e-03
306962	1.287932399992808e-03	1.288249551693134e-03
310453	1.258887508508333e-03	1.258925411794167e-03
313533	1.230114816468841e-03	1.230268770812381e-03
316501	1.202179294615857e-03	1.202264434617413e-03
320698	1.174897329856872e-03	1.174897554939529e-03
323477	1.148059342659047e-03	1.148153621496883e-03
326435	1.121973088153982e-03	1.122018454301963e-03
333558	1.096468440271670e-03	1.096478196143185e-03
337521	1.071454385808801e-03	1.071519305237606e-03
342703	1.047108477580605e-03	1.047128548050900e-03
347124	1.023271868890840e-03	1.023292992280754e-03
354938	9.999826164572845e-04	1.000000000000000e-03
361517	9.772311422658886e-04	9.772372209558111e-04
373664	9.549924392237008e-04	9.549925860214359e-04
499967	9.445109760074510e-04	9.549925860214359e-04
%
% index = 2237, name = bbob_f013_i07_d05__bbob_f021_i08_d05
% instance = 3, reference value = 8.091828237763070e-01
% function evaluation | indicator value | target hit
1	2.022983134969777e+00	2.041737944669529e+00
29	1.985229083177124e+00	1.995262314968880e+00
40	1.941919100843224e+00	1.949844599758045e+00
51	1.882588031935307e+00	1.905460717963247e+00
62	1.822520120114954e+00	1.862087136662868e+00
73	1.759926759939824e+00	1.778279410038923e+00
84	1.694224395431914e+00	1.698243652461744e+00
95	1.625586188336640e+00	1.659586907437561e+00
106	1.554815157949632e+00	1.584893192461114e+00
117	1.483302437493888e+00	1.513561248436208e+00
128	1.298357269205681e+00	1.318256738556407e+00
139	1.044907897969740e+00	1.047128548050900e+00
150	1.007007779354113e+00	1.023292992280754e+00
161	9.810618297238070e-01	1.000000000000000e+00
172	9.389394820953070e-01	9.549925860214360e-01
183	8.990805411408069e-01	9.120108393559098e-01
194	8.633406095628069e-01	8.709635899560807e-01
205	8.310437307648071e-01	8.317637711026710e-01
216	8.086211340796808e-01	8.128305161640993e-01
271	7.937291698865819e-01	7.943282347242815e-01
348	7.745810898384244e-01	7.762471166286917e-01
37622	7.581963373061388e-01	7.585775750291838e-01
37847	6.829840521271597e-01	6.918309709189365e-01
38040	6.143934252431712e-01	6.165950018614822e-01
38287	5.561122147597966e-01	5.623413251903491e-01
38545	5.106390335804691e-01	5.128613839913648e-01
38739	4.727572402947202e-01	4.786300923226383e-01
38944	4.405661736581422e-01	4.466835921509631e-01
39180	4.138532243070963e-01	4.168693834703354e-01
39407	3.926740813834425e-01	3.981071705534972e-01
39678	3.767504904232072e-01	3.801893963205612e-01
39970	3.654295519091001e-01	3.715352290971726e-01
40190	3.578690531486556e-01	3.630780547701014e-01
40410	3.532032500544837e-01	3.548133892335755e-01
57603	3.463844772578931e-01	3.467368504525316e-01
59319	3.387076556254263e-01	3.388441561392025e-01
79437	3.248355260126707e-01	3.311311214825911e-01
79438	3.225313453438156e-01	3.235936569296283e-01
83408	3.012476810072134e-01	3.019951720402016e-01
83700	2.814804113873748e-01	2.818382931264454e-01
83958	2.575362029568382e-01	2.630267991895382e-01
84248	2.276862252082960e-01	2.290867652767773e-01
84636	1.714457218621213e-01	1.737800828749375e-01
85026	1.411444783286198e-01	1.412537544622754e-01
85417	1.133815007827744e-01	1.148153621496883e-01
85843	7.667339808728191e-02	7.762471166286916e-02
86237	4.942161088032015e-02	5.011872336272722e-02
86682	3.893935452345576e-02	3.981071705534973e-02
87187	3.671491489511147e-02	3.715352290971726e-02
87923	3.368247995540330e-02	3.388441561392026e-02
88486	2.825191900457713e-02	2.884031503126606e-02
88971	2.388242361703352e-02	2.398832919019490e-02
89549	2.161213325193656e-02	2.187761623949553e-02
89950	2.070906071221712e-02	2.089296130854040e-02
105032	2.040409482694516e-02	2.041737944669529e-02
105043	1.990998767579089e-02	1.995262314968880e-02
105076	1.940810420068173e-02	1.949844599758046e-02
107155	1.901299361116826e-02	1.905460717963247e-02
194944	1.861807551898187e-02	1.862087136662868e-02
256994	1.703928748151129e-02	1.737800828749375e-02
257237	1.571602785953452e-02	1.584893192461113e-02
257569	1.458937041082764e-02	1.479108388168207e-02
257836	1.361628822385919e-02	1.380384264602885e-02
258201	1.310475707435876e-02	1.318256738556407e-02
258444	1.272386026668770e-02	1.288249551693134e-02
258714	1.220652259476074e-02	1.230268770812382e-02
259676	1.186368660449610e-02	1.202264434617413e-02
260102	1.152213798072954e-02	1.174897554939530e-02
260342	1.119515073764821e-02	1.122018454301964e-02
260572	1.086217575767501e-02	1.096478196143185e-02
260824	1.054830405010032e-02	1.071519305237606e-02
261122	1.024303970817053e-02	1.047128548050900e-02
261299	9.954448707977570e-03	1.000000000000000e-02
261700	9.681691356656974e-03	9.772372209558112e-03
261876	9.426077830555490e-03	9.549925860214359e-03
262241	9.224716192111515e-03	9.332543007969915e-03
262508	8.987857853612224e-03	9.120108393559097e-03
262833	8.815158011560964e-03	8.912509381337459e-03
263052	8.691378165714081e-03	8.709635899560805e-03
263495	8.479406613109641e-03	8.511380382023767e-03
264133	8.204625732309512e-03	8.317637711026709e-03
264400	8.090743329205341e-03	8.128305161640995e-03
265336	7.906406035756430e-03	7.943282347242814e-03
265921	7.717085355214426e-03	7.762471166286920e-03
266639	7.532186506942096e-03	7.585775750291836e-03
267017	7.364321195614920e-03	7.413102413009177e-03
267417	7.198879486277621e-03	7.244359600749898e-03
267752	7.037098424810928e-03	7.079457843841380e-03
268090	6.878724351540355e-03	6.918309709189363e-03
268418	6.726249711236143e-03	6.760829753919818e-03
268843	6.581188583943187e-03	6.606934480075957e-03
269457	6.447351258890510e-03	6.456542290346556e-03
269980	6.253965817560436e-03	6.309573444801930e-03
270578	6.164830067973082e-03	6.165950018614822e-03
271714	6.011791811487921e-03	6.025595860743574e-03
272259	5.882817337509061e-03	5.888436553555890e-03
273031	5.741033212560920e-03	5.754399373371567e-03
274005	5.605281840292409e-03	5.623413251903491e-03
274993	5.477503838302700e-03	5.495408738576248e-03
276487	5.347377099396255e-03	5.370317963702527e-03
277591	5.240918185286381e-03	5.248074602497728e-03
278640	5.108766807667697e-03	5.128613839913648e-03
279566	5.005517122446124e-03	5.011872336272725e-03
280509	4.883257312986444e-03	4.897788193684461e-03
281186	4.785230096489679e-03	4.786300923226385e-03
282357	4.676559081379095e-03	4.677351412871981e-03
283572	4.556898299311163e-03	4.570881896148752e-03
284544	4.464043118608041e-03	4.466835921509630e-03
285964	4.357025625515654e-03	4.365158322401661e-03
287755	4.257651669890450e-03	4.265795188015926e-03
289606	4.167635575592854e-03	4.168693834703355e-03
292140	4.071632534000558e-03	4.073802778041126e-03
295095	3.978209985800674e-03	3.981071705534973e-03
297381	3.888570484273712e-03	3.890451449942805e-03
298971	3.797421197567208e-03	3.801893963205613e-03
300631	3.711739092606581e-03	3.715352290971724e-03
302885	3.628532466911083e-03	3.630780547701014e-03
305876	3.546176075380436e-03	3.548133892335753e-03
308347	3.466087698451581e-03	3.467368504525317e-03
311348	3.388072796083552e-03	3.388441561392024e-03
314370	3.310237559689844e-03	3.311311214825911e-03
317662	3.235338821006239e-03	3.235936569296281e-03
322054	3.161310480021218e-03	3.162277660168379e-03
326524	3.090035830365490e-03	3.090295432513592e-03
331020	3.019650449170852e-03	3.019951720402016e-03
335648	2.951132387944866e-03	2.951209226666387e-03
342513	2.883889484490476e-03	2.884031503126605e-03
349202	2.818336988071879e-03	2.818382931264455e-03
358176	2.754220045104838e-03	2.754228703338166e-03
500000	2.692308023789280e-03	2.754228703338166e-03
%
% index = 2238, name = bbob_f013_i09_d05__bbob_f021_i10_d05
% instance = 4, reference value = 9.140469465233360e-01
% function evaluation | indicator value | target hit
1	1.371816573758336e+00	1.380384264602885e+00
51	1.338363168524336e+00	1.348962882591654e+00
84	1.312430846645336e+00	1.318256738556407e+00
139	1.287417635229336e+00	1.288249551693134e+00
1437	1.246626529997836e+00	1.258925411794167e+00
1644	1.221075121631836e+00	1.230268770812382e+00
1853	1.193004903738336e+00	1.202264434617413e+00
2031	1.164640698954336e+00	1.174897554939530e+00
2242	1.136204342979151e+00	1.148153621496883e+00
2497	1.114314393094434e+00	1.122018454301963e+00
2996	1.087603662326553e+00	1.096478196143185e+00
3024	1.067245283610580e+00	1.071519305237606e+00
3035	1.043619445503124e+00	1.047128548050900e+00
4067	1.020139168146197e+00	1.023292992280754e+00
4078	9.916408172786064e-01	1.000000000000000e+00
4089	9.699015997683371e-01	9.772372209558107e-01
4111	9.496182441273359e-01	9.549925860214360e-01
4144	9.291601122753360e-01	9.332543007969910e-01
13226	8.907642385618549e-01	8.912509381337456e-01
13237	8.485162856628602e-01	8.511380382023764e-01
13248	8.020057498875978e-01	8.128305161640993e-01
13259	7.649550848078515e-01	7.762471166286917e-01
13270	7.436885816083646e-01	7.585775750291838e-01
13281	7.355764377031733e-01	7.413102413009175e-01
18537	7.242547665961669e-01	7.244359600749900e-01
19929	7.074470367392279e-01	7.079457843841379e-01
19951	6.773149710970122e-01	6.918309709189365e-01
19962	6.599401588431790e-01	6.606934480075960e-01
19973	6.328524089771499e-01	6.456542290346555e-01
19984	6.076361834288593e-01	6.165950018614822e-01
19995	5.888382501481214e-01	5.888436553555889e-01
20017	5.719192181007644e-01	5.754399373371569e-01
20949	5.499438027532920e-01	5.623413251903491e-01
21104	5.195562953343568e-01	5.248074602497725e-01
21261	4.951527671066164e-01	5.011872336272722e-01
21464	4.737141020215936e-01	4.786300923226383e-01
21645	4.589897160295540e-01	4.677351412871982e-01
21883	4.521120384846324e-01	4.570881896148750e-01
22441	4.466831412003930e-01	4.466835921509631e-01
30515	4.341985687525524e-01	4.365158322401660e-01
30753	4.121342772807814e-01	4.168693834703354e-01
31168	3.788183522895139e-01	3.801893963205612e-01
31179	3.538703621070508e-01	3.548133892335755e-01
31190	3.350011421238198e-01	3.388441561392025e-01
31201	3.165785489082803e-01	3.235936569296283e-01
31212	3.056260722553501e-01	3.090295432513591e-01
31223	2.891421607766113e-01	2.951209226666385e-01
31234	2.787506501306298e-01	2.818382931264454e-01
31245	2.656935495460794e-01	2.691534803926916e-01
31256	2.563244330222746e-01	2.570395782768864e-01
31267	2.467392582944924e-01	2.511886431509580e-01
31278	2.383669561454274e-01	2.398832919019490e-01
31289	2.272886935061208e-01	2.290867652767773e-01
31300	2.203768934510192e-01	2.238721138568339e-01
31311	2.122321664097447e-01	2.137962089502232e-01
31322	2.065358782442857e-01	2.089296130854039e-01
31333	2.013113100003341e-01	2.041737944669530e-01
31344	1.910148171641182e-01	1.949844599758045e-01
31355	1.872496329620977e-01	1.905460717963247e-01
31366	1.828474713554505e-01	1.862087136662867e-01
31377	1.680623505210551e-01	1.698243652461744e-01
31399	1.650946566421460e-01	1.659586907437560e-01
31410	1.569467918053628e-01	1.584893192461113e-01
31443	1.535136196705305e-01	1.548816618912481e-01
31476	1.491855423972662e-01	1.513561248436208e-01
49880	1.478965088501354e-01	1.479108388168208e-01
50330	1.430331627245669e-01	1.445439770745928e-01
50539	1.376631360073780e-01	1.380384264602885e-01
50793	1.278671735306079e-01	1.288249551693134e-01
51095	1.227209446307550e-01	1.230268770812381e-01
51668	1.201909835509256e-01	1.202264434617413e-01
54292	1.131313849904412e-01	1.148153621496883e-01
54534	1.037494473031694e-01	1.047128548050900e-01
54767	8.840169356681871e-02	8.912509381337455e-02
55147	7.732909963040779e-02	7.762471166286916e-02
55533	7.107682114361313e-02	7.244359600749903e-02
56086	6.792958992189135e-02	6.918309709189366e-02
56843	6.667315565231458e-02	6.760829753919818e-02
171063	6.543291931704076e-02	6.606934480075961e-02
171220	5.844489444320833e-02	5.888436553555890e-02
171366	5.363031446503508e-02	5.370317963702527e-02
171534	4.794598604062938e-02	4.897788193684462e-02
171679	3.987727288562282e-02	4.073802778041128e-02
171835	3.163005466864366e-02	3.235936569296283e-02
171969	2.630434821260785e-02	2.691534803926915e-02
172113	2.450830304436480e-02	2.454708915685030e-02
172500	2.283611004246067e-02	2.290867652767773e-02
172643	2.123808352624146e-02	2.137962089502233e-02
172786	2.016200787703859e-02	2.041737944669529e-02
172929	1.969493531082334e-02	1.995262314968880e-02
231093	1.949797790464669e-02	1.949844599758046e-02
242844	1.855255535318434e-02	1.862087136662868e-02
243077	1.805185288018818e-02	1.819700858609984e-02
243375	1.748686059950100e-02	1.778279410038923e-02
243653	1.733758418864983e-02	1.737800828749375e-02
250576	1.246991037641820e-02	1.258925411794167e-02
250915	8.942261721258449e-03	9.120108393559097e-03
251135	8.911293454908376e-03	8.912509381337459e-03
251416	7.295185831908801e-03	7.413102413009177e-03
251566	7.234940945396007e-03	7.244359600749898e-03
287094	6.848549010520455e-03	6.918309709189363e-03
287418	6.622588115855921e-03	6.760829753919818e-03
287835	6.397164980297299e-03	6.456542290346556e-03
287965	6.188139357226285e-03	6.309573444801930e-03
288288	6.011404383568841e-03	6.025595860743574e-03
288660	5.859630520044234e-03	5.888436553555890e-03
289058	5.676220782222630e-03	5.754399373371567e-03
289299	5.559918586147572e-03	5.623413251903491e-03
289922	5.456537935299210e-03	5.495408738576248e-03
291242	5.364646239328752e-03	5.370317963702527e-03
291614	5.245752257548197e-03	5.248074602497728e-03
292402	5.082350415928860e-03	5.128613839913648e-03
292945	4.969366241126982e-03	5.011872336272725e-03
293431	4.876140486282821e-03	4.897788193684461e-03
294367	4.757487518204928e-03	4.786300923226385e-03
294808	4.641642871480500e-03	4.677351412871981e-03
295772	4.555236435961896e-03	4.570881896148752e-03
296863	4.457877156686552e-03	4.466835921509630e-03
298404	4.355651486126821e-03	4.365158322401661e-03
299726	4.256290492720582e-03	4.265795188015926e-03
301285	4.167088469135716e-03	4.168693834703355e-03
302924	4.073163932862167e-03	4.073802778041126e-03
304745	3.974089800994784e-03	3.981071705534973e-03
306723	3.882111746621564e-03	3.890451449942805e-03
308963	3.801434390109160e-03	3.801893963205613e-03
312591	3.715349093425413e-03	3.715352290971724e-03
316278	3.630226640876200e-03	3.630780547701014e-03
321080	3.546414157447719e-03	3.548133892335753e-03
326115	3.466444962895610e-03	3.467368504525317e-03
335160	3.388438730764110e-03	3.388441561392024e-03
346837	3.311133311296177e-03	3.311311214825911e-03
361378	3.235684490800472e-03	3.235936569296281e-03
381562	3.162162743966079e-03	3.162277660168379e-03
417047	3.090282998245319e-03	3.090295432513592e-03
499998	3.045387888486295e-03	3.090295432513592e-03
%
% index = 2239, name = bbob_f013_i11_d05__bbob_f021_i12_d05
% instance = 5, reference value = 9.464280964094200e-01
% function evaluation | indicator value | target hit
1	9.381157160220983e-01	9.549925860214360e-01
40	9.307542211116548e-01	9.332543007969910e-01
73	9.025620830600386e-01	9.120108393559098e-01
84	8.896978514497660e-01	8.912509381337456e-01
106	8.607876305652982e-01	8.709635899560807e-01
117	8.460433687417369e-01	8.511380382023764e-01
139	8.199029256156189e-01	8.317637711026710e-01
150	8.101711178395679e-01	8.128305161640993e-01
635	7.907289725379792e-01	7.943282347242815e-01
771	7.717424938071367e-01	7.762471166286917e-01
933	7.570972473021292e-01	7.585775750291838e-01
1200	7.387151026771350e-01	7.413102413009175e-01
1377	7.167973378480452e-01	7.244359600749900e-01
1388	7.017739492555879e-01	7.079457843841379e-01
1399	6.799442299574670e-01	6.918309709189365e-01
1410	6.540147377301084e-01	6.606934480075960e-01
1421	6.319980358233404e-01	6.456542290346555e-01
1432	6.132797230665423e-01	6.165950018614822e-01
1443	5.977667799959436e-01	6.025595860743578e-01
1454	5.855176579289553e-01	5.888436553555889e-01
1476	5.709655114036438e-01	5.754399373371569e-01
3277	5.605134409829275e-01	5.623413251903491e-01
3615	5.211234166164130e-01	5.248074602497725e-01
4257	4.923108680279371e-01	5.011872336272722e-01
4268	3.755765436940582e-01	3.801893963205612e-01
4279	2.880253985661676e-01	2.884031503126606e-01
4290	2.464504360812509e-01	2.511886431509580e-01
4301	2.194295286892736e-01	2.238721138568339e-01
4312	1.984020639254537e-01	1.995262314968880e-01
4323	1.890783910975103e-01	1.905460717963247e-01
4334	1.860822804984947e-01	1.862087136662867e-01
17584	1.800299238194670e-01	1.819700858609984e-01
17750	1.755325225917658e-01	1.778279410038923e-01
17985	1.728016527353455e-01	1.737800828749375e-01
19842	1.678402347384239e-01	1.698243652461744e-01
19994	1.636216833590686e-01	1.659586907437560e-01
20148	1.554898801916104e-01	1.584893192461113e-01
20325	1.405275193627169e-01	1.412537544622754e-01
20547	1.164018176175838e-01	1.174897554939529e-01
20759	9.871740028295861e-02	1.000000000000000e-01
20982	8.755390974184185e-02	8.912509381337455e-02
21251	7.800105876719765e-02	7.943282347242814e-02
21545	6.564399735285253e-02	6.606934480075961e-02
21863	5.088656377290035e-02	5.128613839913648e-02
22272	3.836797629178745e-02	3.890451449942807e-02
22648	3.094561028465526e-02	3.162277660168379e-02
23070	2.780918473757787e-02	2.818382931264454e-02
23595	2.685035384337309e-02	2.691534803926915e-02
24927	2.559037637047745e-02	2.570395782768863e-02
25610	2.451825469203972e-02	2.454708915685030e-02
26066	2.342904685012570e-02	2.344228815319923e-02
26600	2.254008129630725e-02	2.290867652767773e-02
27093	2.193165615614401e-02	2.238721138568340e-02
27561	2.159694032163539e-02	2.187761623949553e-02
68046	2.137153342915188e-02	2.137962089502233e-02
68520	2.032993419948137e-02	2.041737944669529e-02
68645	1.787975282402876e-02	1.819700858609984e-02
68792	1.604004812995097e-02	1.621810097358930e-02
68950	1.542903329958190e-02	1.548816618912481e-02
75747	1.366041759447911e-02	1.380384264602885e-02
76237	1.206132612226463e-02	1.230268770812382e-02
76259	1.200682986540169e-02	1.202264434617413e-02
77204	1.174466249305439e-02	1.174897554939530e-02
112929	1.105335324993617e-02	1.122018454301964e-02
113171	1.075677027134159e-02	1.096478196143185e-02
113468	1.012835599374984e-02	1.023292992280754e-02
113677	9.973274499962770e-03	1.000000000000000e-02
141785	9.524002828239064e-03	9.549925860214359e-03
141797	9.289644400492958e-03	9.332543007969915e-03
141927	9.107461968773434e-03	9.120108393559097e-03
142247	8.872919069995766e-03	8.912509381337459e-03
164040	8.540114225083495e-03	8.709635899560805e-03
164339	8.395934162941154e-03	8.511380382023767e-03
164643	8.248925846217503e-03	8.317637711026709e-03
164896	8.101173570810638e-03	8.128305161640995e-03
165956	7.933634628525477e-03	7.943282347242814e-03
167078	7.759345291904141e-03	7.762471166286920e-03
168119	7.562726899008387e-03	7.585775750291836e-03
169367	7.397999743939621e-03	7.413102413009177e-03
170661	7.228384007227584e-03	7.244359600749898e-03
172674	7.077263281707213e-03	7.079457843841380e-03
175732	6.914555298430325e-03	6.918309709189363e-03
178659	6.759698412553639e-03	6.760829753919818e-03
183454	6.604054075052046e-03	6.606934480075957e-03
190289	6.455842632582809e-03	6.456542290346556e-03
201714	6.308820151997629e-03	6.309573444801930e-03
224869	6.165791891981409e-03	6.165950018614822e-03
311288	6.019395924878879e-03	6.025595860743574e-03
500000	5.996690431929186e-03	6.025595860743574e-03
%
% index = 2240, name = bbob_f013_i13_d05__bbob_f021_i14_d05
% instance = 6, reference value = 8.742662156634340e-01
% function evaluation | indicator value | target hit
1	1.088167295834934e+00	1.096478196143185e+00
27	1.066018546103434e+00	1.071519305237606e+00
28	1.044860122265934e+00	1.047128548050900e+00
29	1.005431401594934e+00	1.023292992280754e+00
40	9.238443836119339e-01	9.332543007969910e-01
51	8.681075558943426e-01	8.709635899560807e-01
73	8.419827680657817e-01	8.511380382023764e-01
84	8.313889257044635e-01	8.317637711026710e-01
1881	8.045394728036299e-01	8.128305161640993e-01
1892	7.271344262154116e-01	7.413102413009175e-01
1903	5.986693619297953e-01	6.025595860743578e-01
1914	4.798740693858047e-01	4.897788193684462e-01
1925	4.003482006895285e-01	4.073802778041127e-01
1936	3.560724948018338e-01	3.630780547701014e-01
1947	3.304628830066373e-01	3.311311214825911e-01
1958	3.169426806324001e-01	3.235936569296283e-01
1969	3.137224327806304e-01	3.162277660168379e-01
4187	3.067874388514962e-01	3.090295432513591e-01
4375	3.004318888572211e-01	3.019951720402016e-01
4587	2.891805374926144e-01	2.951209226666385e-01
4847	2.791189293082594e-01	2.818382931264454e-01
5139	2.719578173415340e-01	2.754228703338166e-01
5397	2.682875372710579e-01	2.691534803926916e-01
27641	2.628362971305679e-01	2.630267991895382e-01
27916	2.454008535164030e-01	2.454708915685030e-01
28083	2.197417406980994e-01	2.238721138568339e-01
28274	1.917399376617238e-01	1.949844599758045e-01
28465	1.687197646359864e-01	1.698243652461744e-01
28677	1.526081592699076e-01	1.548816618912481e-01
28878	1.426247499761379e-01	1.445439770745928e-01
29101	1.371805299113418e-01	1.380384264602885e-01
29479	1.347656133579136e-01	1.348962882591654e-01
49576	1.312416755436241e-01	1.318256738556407e-01
49587	1.279382008700553e-01	1.288249551693134e-01
49598	1.243667509436704e-01	1.258925411794167e-01
49609	1.201591439309178e-01	1.202264434617413e-01
49620	1.156187333247084e-01	1.174897554939529e-01
49631	1.112130720214045e-01	1.122018454301964e-01
49642	1.072190640496749e-01	1.096478196143185e-01
49653	1.038233636692452e-01	1.047128548050900e-01
49675	9.655882120385384e-02	9.772372209558107e-02
49686	9.468742812137976e-02	9.549925860214359e-02
49719	9.327145073462451e-02	9.332543007969910e-02
49741	8.905745086034400e-02	8.912509381337455e-02
53959	8.304572259185961e-02	8.317637711026708e-02
56456	8.117222941398361e-02	8.128305161640990e-02
56712	7.817557911953643e-02	7.943282347242814e-02
56921	7.449510939159121e-02	7.585775750291836e-02
57087	6.862508425819991e-02	6.918309709189366e-02
57322	6.285136634605493e-02	6.309573444801933e-02
57580	5.964259196637733e-02	6.025595860743578e-02
57851	5.561056184286028e-02	5.623413251903491e-02
58135	5.206238776120709e-02	5.248074602497726e-02
58408	5.004361763896059e-02	5.011872336272722e-02
59034	4.897693693284477e-02	4.897788193684462e-02
71273	4.674767006155889e-02	4.677351412871981e-02
71530	4.368081199008111e-02	4.466835921509630e-02
71775	4.264998298810152e-02	4.265795188015926e-02
226019	4.115187946465704e-02	4.168693834703355e-02
226230	4.066807980900389e-02	4.073802778041128e-02
226701	3.975500310257063e-02	3.981071705534973e-02
227607	3.871346438287881e-02	3.890451449942807e-02
228940	3.798803330478440e-02	3.801893963205612e-02
231430	3.715074245037664e-02	3.715352290971726e-02
237521	3.630758760892916e-02	3.630780547701014e-02
260332	3.548013070692224e-02	3.548133892335755e-02
438599	3.154396449492891e-02	3.162277660168379e-02
438890	2.327694098853350e-02	2.344228815319923e-02
439218	2.163918706739854e-02	2.187761623949553e-02
439521	2.070952988226971e-02	2.089296130854040e-02
499999	2.052081568744757e-02	2.089296130854040e-02
%
% index = 2241, name = bbob_f013_i15_d05__bbob_f021_i16_d05
% instance = 7, reference value = 9.061950033291870e-01
% function evaluation | indicator value | target hit
1	3.132590505299687e+00	3.162277660168380e+00
29	3.071684901325187e+00	3.090295432513591e+00
40	2.987079345365187e+00	3.019951720402016e+00
51	2.840169998878187e+00	2.884031503126606e+00
62	2.655724544683187e+00	2.691534803926916e+00
73	2.434061885075187e+00	2.454708915685031e+00
84	2.185075189712187e+00	2.187761623949553e+00
95	1.927017654566187e+00	1.949844599758045e+00
106	1.680972082346187e+00	1.698243652461744e+00
117	1.463756259737187e+00	1.479108388168207e+00
128	1.283147380079187e+00	1.288249551693134e+00
139	1.137316754760187e+00	1.148153621496883e+00
150	1.017718546259187e+00	1.023292992280754e+00
161	9.136701837406871e-01	9.332543007969910e-01
172	8.432752185053303e-01	8.511380382023764e-01
183	7.757472278526916e-01	7.762471166286917e-01
194	7.104665144420896e-01	7.244359600749900e-01
205	6.507320284504940e-01	6.606934480075960e-01
216	5.993680060410047e-01	6.025595860743578e-01
227	5.576433333020084e-01	5.623413251903491e-01
238	5.253394309358337e-01	5.370317963702527e-01
249	5.013734420924841e-01	5.128613839913648e-01
260	4.844289935590367e-01	4.897788193684462e-01
271	4.733633625536914e-01	4.786300923226383e-01
282	4.673840246355479e-01	4.677351412871982e-01
953	4.563711723029906e-01	4.570881896148750e-01
16607	4.460253759808087e-01	4.466835921509631e-01
16749	4.338876922912481e-01	4.365158322401660e-01
16845	4.198979808714823e-01	4.265795188015927e-01
16954	3.959840587231548e-01	3.981071705534972e-01
17076	3.384872702119557e-01	3.388441561392025e-01
17222	2.576693565925731e-01	2.630267991895382e-01
17368	2.131378752389714e-01	2.137962089502232e-01
17503	2.033655623128688e-01	2.041737944669530e-01
17649	1.987147390583763e-01	1.995262314968880e-01
17773	1.916473035419999e-01	1.949844599758045e-01
17908	1.897300495669836e-01	1.905460717963247e-01
21205	1.848738666780353e-01	1.862087136662867e-01
21467	1.815907839897284e-01	1.819700858609984e-01
21506	1.743116708159115e-01	1.778279410038923e-01
21782	1.721267349130196e-01	1.737800828749375e-01
22803	1.666571464248525e-01	1.698243652461744e-01
22814	1.632562139565448e-01	1.659586907437560e-01
22825	1.608074729940527e-01	1.621810097358930e-01
28244	1.572680945550359e-01	1.584893192461113e-01
28322	1.546049966096211e-01	1.548816618912481e-01
28413	1.510842939956575e-01	1.513561248436208e-01
31760	1.467768031127421e-01	1.479108388168208e-01
31916	1.425047010543917e-01	1.445439770745928e-01
32090	1.411617598519473e-01	1.412537544622754e-01
74389	1.312408782363027e-01	1.318256738556407e-01
74400	1.261063491471784e-01	1.288249551693134e-01
74411	1.234841390431418e-01	1.258925411794167e-01
74422	1.196151834584289e-01	1.202264434617413e-01
74444	1.173271372462545e-01	1.174897554939529e-01
80321	1.147626597195652e-01	1.148153621496883e-01
80687	1.107382552961969e-01	1.122018454301964e-01
80796	1.069142071119833e-01	1.071519305237607e-01
80951	1.004431699861866e-01	1.023292992280754e-01
81118	9.105620840976725e-02	9.120108393559097e-02
81298	8.314432054400334e-02	8.317637711026708e-02
81510	7.653610612440798e-02	7.762471166286916e-02
81810	7.080628270654399e-02	7.244359600749903e-02
81845	7.079129826588104e-02	7.079457843841380e-02
82190	6.658773478513369e-02	6.760829753919818e-02
82559	6.362194997786086e-02	6.456542290346556e-02
83233	6.199303759451513e-02	6.309573444801933e-02
83933	6.133189718754717e-02	6.165950018614822e-02
170044	5.842522507108117e-02	5.888436553555890e-02
170167	5.495160858319270e-02	5.495408738576246e-02
179683	5.161197154487029e-02	5.248074602497726e-02
179694	5.032478276279162e-02	5.128613839913648e-02
179705	5.005733873367291e-02	5.011872336272722e-02
179727	4.809509529161171e-02	4.897788193684462e-02
179738	4.756117975149610e-02	4.786300923226382e-02
179804	4.674916091122605e-02	4.677351412871981e-02
180681	4.551952650912694e-02	4.570881896148749e-02
183985	4.436476237347731e-02	4.466835921509630e-02
185193	4.338599949085298e-02	4.365158322401658e-02
185897	4.264645953823742e-02	4.265795188015926e-02
187243	4.168047285076759e-02	4.168693834703355e-02
191479	4.073646691588328e-02	4.073802778041128e-02
205788	3.980934653521595e-02	3.981071705534973e-02
365786	3.491988233444687e-02	3.548133892335755e-02
365797	3.109286965420432e-02	3.162277660168379e-02
365808	2.923220677067584e-02	2.951209226666385e-02
365819	2.831688055384118e-02	2.884031503126606e-02
365830	2.759796237275614e-02	2.818382931264454e-02
365841	2.722084135983738e-02	2.754228703338166e-02
365863	2.689824499954652e-02	2.691534803926915e-02
366331	2.627359790378092e-02	2.630267991895381e-02
366575	2.556170165961380e-02	2.570395782768863e-02
366715	2.482105089488085e-02	2.511886431509579e-02
366858	2.389337659989388e-02	2.398832919019490e-02
370401	2.343121067770815e-02	2.344228815319923e-02
370554	2.117517145659198e-02	2.137962089502233e-02
370731	1.179950850497480e-02	1.202264434617413e-02
370920	4.285780779205939e-03	4.365158322401661e-03
371121	1.503508352554972e-03	1.513561248436209e-03
371327	1.220377326220601e-03	1.230268770812381e-03
499999	1.218633761826737e-03	1.230268770812381e-03
%
% index = 2242, name = bbob_f013_i17_d05__bbob_f021_i18_d05
% instance = 8, reference value = 8.660767384173370e-01
% function evaluation | indicator value | target hit
1	1.284728259032837e+00	1.288249551693134e+00
29	1.250621955586337e+00	1.258925411794167e+00
40	1.209630640647337e+00	1.230268770812382e+00
51	1.153650129625337e+00	1.174897554939530e+00
62	1.109351693916337e+00	1.122018454301963e+00
73	1.075573515862337e+00	1.096478196143185e+00
84	1.063805171094837e+00	1.071519305237606e+00
106	1.028010306171337e+00	1.047128548050900e+00
150	1.023281380776837e+00	1.023292992280754e+00
249	9.792466590273371e-01	1.000000000000000e+00
260	9.771450863068371e-01	9.772372209558107e-01
326	9.538531982958370e-01	9.549925860214360e-01
458	9.321077262248371e-01	9.332543007969910e-01
1864	9.021124758028370e-01	9.120108393559098e-01
2090	8.754358410673370e-01	8.912509381337456e-01
4906	8.251340906864550e-01	8.317637711026710e-01
4917	7.735854558492233e-01	7.762471166286917e-01
4928	7.315843462685163e-01	7.413102413009175e-01
4939	6.994480697971065e-01	7.079457843841379e-01
4950	6.763883661398709e-01	6.918309709189365e-01
4961	6.618427281960810e-01	6.760829753919817e-01
4972	6.556955281714256e-01	6.606934480075960e-01
41229	6.448062268681080e-01	6.456542290346555e-01
41433	6.292546229285112e-01	6.309573444801932e-01
41444	5.860104936660639e-01	5.888436553555889e-01
42162	5.077711293893195e-01	5.128613839913648e-01
42173	4.380209735739549e-01	4.466835921509631e-01
42184	3.929431460144321e-01	3.981071705534972e-01
42195	3.658172099742590e-01	3.715352290971726e-01
42206	3.501783364767567e-01	3.548133892335755e-01
42217	3.425019215247767e-01	3.467368504525316e-01
42239	3.310290968420678e-01	3.311311214825911e-01
52085	3.229897304436444e-01	3.235936569296283e-01
52262	3.087009232470398e-01	3.090295432513591e-01
52486	2.873492487743488e-01	2.884031503126606e-01
52778	2.719733046716076e-01	2.754228703338166e-01
53036	2.615873719990921e-01	2.630267991895382e-01
53425	2.561558540405340e-01	2.570395782768864e-01
79066	2.504950533114516e-01	2.511886431509580e-01
79293	2.412178861630204e-01	2.454708915685030e-01
79470	2.272740097907680e-01	2.290867652767773e-01
79648	1.893852896843146e-01	1.905460717963247e-01
79839	1.653169172918004e-01	1.659586907437560e-01
80063	1.608156845521110e-01	1.621810097358930e-01
80309	1.492596808909309e-01	1.513561248436208e-01
80535	1.470463734368335e-01	1.479108388168208e-01
81231	1.442638935024496e-01	1.445439770745928e-01
99624	1.412515555951679e-01	1.412537544622754e-01
109138	1.377138346281199e-01	1.380384264602885e-01
109338	1.300291374093119e-01	1.318256738556407e-01
109562	1.166389219051225e-01	1.174897554939529e-01
109753	9.658262438885745e-02	9.772372209558107e-02
109999	7.111057995270309e-02	7.244359600749903e-02
110266	4.877462416364486e-02	4.897788193684462e-02
110467	3.043057820860928e-02	3.090295432513590e-02
110746	2.002036695693832e-02	2.041737944669529e-02
110768	1.988748473124402e-02	1.995262314968880e-02
110771	1.918035490322290e-02	1.949844599758046e-02
110772	1.898072652836036e-02	1.905460717963247e-02
110783	1.845944198410476e-02	1.862087136662868e-02
111446	1.690256828044867e-02	1.698243652461744e-02
111470	1.652792537553049e-02	1.659586907437561e-02
112052	1.603535432201653e-02	1.621810097358930e-02
112482	1.582937235340809e-02	1.584893192461113e-02
113679	1.502688828626908e-02	1.513561248436208e-02
113903	1.467212970081866e-02	1.479108388168207e-02
122437	1.408799535653293e-02	1.412537544622754e-02
133437	1.379068246545179e-02	1.380384264602885e-02
133558	1.348951906563511e-02	1.348962882591653e-02
152498	1.305516734224466e-02	1.318256738556407e-02
205654	1.287739875483107e-02	1.288249551693134e-02
280583	1.193563025293398e-02	1.202264434617413e-02
280749	1.109002184422969e-02	1.122018454301964e-02
281137	1.024676081804188e-02	1.047128548050900e-02
281326	9.921268646986170e-03	1.000000000000000e-02
281658	9.325812299129099e-03	9.332543007969915e-03
281868	8.902461827353325e-03	8.912509381337459e-03
282080	8.564235186073410e-03	8.709635899560805e-03
282246	8.332552968084550e-03	8.511380382023767e-03
282366	8.102623700765976e-03	8.128305161640995e-03
282552	7.885849277295409e-03	7.943282347242814e-03
282903	7.576805288769140e-03	7.585775750291836e-03
283090	7.385468454030875e-03	7.413102413009177e-03
283265	7.220872147457813e-03	7.244359600749898e-03
283521	7.036646445374606e-03	7.079457843841380e-03
284100	6.879514928964547e-03	6.918309709189363e-03
284264	6.734327787348948e-03	6.760829753919818e-03
284552	6.603811619220079e-03	6.606934480075957e-03
284917	6.397134062900323e-03	6.456542290346556e-03
285186	6.274959006390635e-03	6.309573444801930e-03
285350	6.144924294081422e-03	6.165950018614822e-03
285659	5.939044246885183e-03	6.025595860743574e-03
285825	5.787963290392995e-03	5.888436553555890e-03
286127	5.697576954204253e-03	5.754399373371567e-03
286422	5.562546707634564e-03	5.623413251903491e-03
286682	5.446793178637721e-03	5.495408738576248e-03
286973	5.332546045567432e-03	5.370317963702527e-03
287276	5.220020654388535e-03	5.248074602497728e-03
287797	5.115433577239648e-03	5.128613839913648e-03
288265	4.966991777678897e-03	5.011872336272725e-03
288672	4.874428527178454e-03	4.897788193684461e-03
288999	4.780719357003305e-03	4.786300923226385e-03
289737	4.651544726703816e-03	4.677351412871981e-03
290471	4.548750509164035e-03	4.570881896148752e-03
290718	4.464635870653821e-03	4.466835921509630e-03
291311	4.357138907477132e-03	4.365158322401661e-03
292044	4.234120179513523e-03	4.265795188015926e-03
292350	4.158726004998781e-03	4.168693834703355e-03
292796	4.071615219129021e-03	4.073802778041126e-03
293584	3.967628402469670e-03	3.981071705534973e-03
294388	3.880225190007858e-03	3.890451449942805e-03
295419	3.788683344318922e-03	3.801893963205613e-03
296039	3.701922743304720e-03	3.715352290971724e-03
296648	3.624722075571851e-03	3.630780547701014e-03
297928	3.539032745794590e-03	3.548133892335753e-03
298976	3.456330633328064e-03	3.467368504525317e-03
300028	3.386817986510415e-03	3.388441561392024e-03
301479	3.310101485940131e-03	3.311311214825911e-03
303194	3.232315986026912e-03	3.235936569296281e-03
304313	3.159996194406212e-03	3.162277660168379e-03
305569	3.084989728724175e-03	3.090295432513592e-03
306684	3.014549587453952e-03	3.019951720402016e-03
308800	2.949910759564522e-03	2.951209226666387e-03
311084	2.883759817223219e-03	2.884031503126605e-03
312855	2.817084216314214e-03	2.818382931264455e-03
315087	2.752617473301022e-03	2.754228703338166e-03
317942	2.689143590180465e-03	2.691534803926917e-03
321061	2.629328385960195e-03	2.630267991895381e-03
323939	2.570208305376798e-03	2.570395782768865e-03
326973	2.510665742871399e-03	2.511886431509579e-03
330637	2.454289887993011e-03	2.454708915685031e-03
334331	2.398609741965263e-03	2.398832919019490e-03
338495	2.344039122331831e-03	2.344228815319923e-03
345611	2.290274107625168e-03	2.290867652767772e-03
351821	2.238572553912133e-03	2.238721138568340e-03
359130	2.187750266750998e-03	2.187761623949552e-03
366023	2.137954802161945e-03	2.137962089502233e-03
377399	2.089240436217832e-03	2.089296130854039e-03
387003	2.041698178517515e-03	2.041737944669530e-03
400555	1.995254649890699e-03	1.995262314968879e-03
431162	1.949844031524428e-03	1.949844599758046e-03
499994	1.944338796318279e-03	1.949844599758046e-03
%
% index = 2243, name = bbob_f013_i19_d05__bbob_f021_i21_d05
% instance = 9, reference value = 8.467137279871040e-01
% function evaluation | indicator value | target hit
1	1.109553081566104e+00	1.122018454301963e+00
28	1.095241680618104e+00	1.096478196143185e+00
40	1.039694438282604e+00	1.047128548050900e+00
51	9.730859231901039e-01	9.772372209558107e-01
62	8.989384464476040e-01	9.120108393559098e-01
73	8.359487230964215e-01	8.511380382023764e-01
84	8.021936498007386e-01	8.128305161640993e-01
95	7.733522689721439e-01	7.762471166286917e-01
106	7.483128261940355e-01	7.585775750291838e-01
117	7.255744395805392e-01	7.413102413009175e-01
128	7.046939229923164e-01	7.079457843841379e-01
139	6.857173882207563e-01	6.918309709189365e-01
150	6.687773604547790e-01	6.760829753919817e-01
161	6.539780952497212e-01	6.606934480075960e-01
172	6.413663241844278e-01	6.456542290346555e-01
183	6.309398329907043e-01	6.309573444801932e-01
205	6.165094709113965e-01	6.165950018614822e-01
3625	6.023851558175923e-01	6.025595860743578e-01
3999	5.802228605367062e-01	5.888436553555889e-01
4152	5.605644151069784e-01	5.623413251903491e-01
4274	5.291280947711878e-01	5.370317963702527e-01
4475	4.839426637396471e-01	4.897788193684462e-01
4656	4.483565381943179e-01	4.570881896148750e-01
4882	4.278450575477399e-01	4.365158322401660e-01
5130	4.185980890146525e-01	4.265795188015927e-01
5367	4.147968932763100e-01	4.168693834703354e-01
12086	4.017522233478006e-01	4.073802778041127e-01
12097	3.799801292704453e-01	3.801893963205612e-01
12108	3.588977243646326e-01	3.630780547701014e-01
12119	3.407044317913183e-01	3.467368504525316e-01
12130	3.263114139906247e-01	3.311311214825911e-01
12141	3.156252053172360e-01	3.162277660168379e-01
12152	3.077675285705805e-01	3.090295432513591e-01
12174	2.960755268600939e-01	3.019951720402016e-01
12185	2.762332202652477e-01	2.818382931264454e-01
12240	2.656525931059872e-01	2.691534803926916e-01
20630	2.622640675582477e-01	2.630267991895382e-01
23290	2.564773829839611e-01	2.570395782768864e-01
23592	2.476071011053823e-01	2.511886431509580e-01
23757	2.369050649761772e-01	2.398832919019490e-01
23957	2.188599873257276e-01	2.238721138568339e-01
24148	1.923316191939605e-01	1.949844599758045e-01
24373	1.699536841915944e-01	1.737800828749375e-01
24609	1.492227746878266e-01	1.513561248436208e-01
24855	1.311748042231673e-01	1.318256738556407e-01
25089	1.123514777151899e-01	1.148153621496883e-01
25379	9.455892578960134e-02	9.549925860214359e-02
25636	8.346503205876199e-02	8.511380382023763e-02
25893	7.172902909062850e-02	7.244359600749903e-02
26239	5.837596779728593e-02	5.888436553555890e-02
26451	4.710793225598831e-02	4.786300923226382e-02
26832	3.995148297991724e-02	4.073802778041128e-02
27090	3.620015178319957e-02	3.630780547701014e-02
27379	3.447743365462019e-02	3.467368504525317e-02
27705	3.380396797789231e-02	3.388441561392026e-02
65228	3.253436226981732e-02	3.311311214825911e-02
65404	3.066058047454057e-02	3.090295432513590e-02
65623	2.619915220159874e-02	2.630267991895381e-02
65798	2.534047890977831e-02	2.570395782768863e-02
65996	2.440959248517505e-02	2.454708915685030e-02
76265	2.389291360108414e-02	2.398832919019490e-02
197653	2.305889034749797e-02	2.344228815319923e-02
197897	2.235866129657227e-02	2.238721138568340e-02
198097	2.169851622335728e-02	2.187761623949553e-02
198318	2.121464454043198e-02	2.137962089502233e-02
198683	2.058699426257282e-02	2.089296130854040e-02
198881	2.010370755456725e-02	2.041737944669529e-02
199091	1.989823391603440e-02	1.995262314968880e-02
199598	1.937876625687507e-02	1.949844599758046e-02
200084	1.892085001095678e-02	1.905460717963247e-02
200616	1.855051952109821e-02	1.862087136662868e-02
201111	1.802819580124715e-02	1.819700858609984e-02
201516	1.767272990676172e-02	1.778279410038923e-02
201834	1.734296165686233e-02	1.737800828749375e-02
202480	1.687740386598791e-02	1.698243652461744e-02
203091	1.657131687502500e-02	1.659586907437561e-02
203893	1.616565779648471e-02	1.621810097358930e-02
205267	1.580854655821196e-02	1.584893192461113e-02
206402	1.547269082286029e-02	1.548816618912481e-02
208413	1.509239724849731e-02	1.513561248436208e-02
209638	1.475462271007943e-02	1.479108388168207e-02
211419	1.442308889184840e-02	1.445439770745927e-02
212782	1.411654844215382e-02	1.412537544622754e-02
215964	1.379378260642128e-02	1.380384264602885e-02
219517	1.347904363371166e-02	1.348962882591653e-02
224171	1.318024391891315e-02	1.318256738556407e-02
228871	1.287607374879651e-02	1.288249551693134e-02
237202	1.258845362577787e-02	1.258925411794167e-02
249152	1.230128597977864e-02	1.230268770812382e-02
266269	1.202200845048029e-02	1.202264434617413e-02
297268	1.174880871022788e-02	1.174897554939530e-02
499999	1.149173551902472e-02	1.174897554939530e-02
%
% index = 2244, name = bbob_f013_i21_d05__bbob_f021_i22_d05
% instance = 10, reference value = 8.397240139391530e-01
% function evaluation | indicator value | target hit
1	1.730980334544653e+00	1.737800828749375e+00
40	1.683079048811653e+00	1.698243652461744e+00
51	1.648475997565153e+00	1.659586907437561e+00
62	1.616348048923153e+00	1.621810097358930e+00
84	1.560432503608153e+00	1.584893192461114e+00
95	1.537003658992653e+00	1.548816618912481e+00
117	1.499581335594153e+00	1.513561248436208e+00
139	1.474305652565653e+00	1.479108388168207e+00
782	1.444098562329653e+00	1.445439770745927e+00
950	1.411521392354153e+00	1.412537544622754e+00
1070	1.368243848414653e+00	1.380384264602885e+00
1214	1.321201684682153e+00	1.348962882591654e+00
1370	1.274387264855653e+00	1.288249551693134e+00
1526	1.227812534152653e+00	1.230268770812382e+00
1671	1.181489385790153e+00	1.202264434617413e+00
1816	1.135577555141853e+00	1.148153621496883e+00
1972	1.089645577065653e+00	1.096478196143185e+00
2342	1.034685120868153e+00	1.047128548050900e+00
2353	9.950350124906530e-01	1.000000000000000e+00
2364	9.557081446036529e-01	9.772372209558107e-01
2375	9.167725429636530e-01	9.332543007969910e-01
2386	8.783381227491530e-01	8.912509381337456e-01
2397	8.405880682191530e-01	8.511380382023764e-01
2408	8.062156442047492e-01	8.128305161640993e-01
2419	7.709351204355850e-01	7.762471166286917e-01
2430	7.441631804357191e-01	7.585775750291838e-01
2441	7.119256270132247e-01	7.244359600749900e-01
2452	6.829169117111483e-01	6.918309709189365e-01
2463	6.725587864828637e-01	6.760829753919817e-01
2474	6.542795145099136e-01	6.606934480075960e-01
2485	6.362399410162995e-01	6.456542290346555e-01
2496	6.270327706632790e-01	6.309573444801932e-01
2529	6.112553469974354e-01	6.165950018614822e-01
2606	5.862822584382885e-01	5.888436553555889e-01
6468	5.676483150300804e-01	5.754399373371569e-01
6689	5.500925511411650e-01	5.623413251903491e-01
6921	5.162193006586873e-01	5.248074602497725e-01
7155	4.806731964448784e-01	4.897788193684462e-01
7390	4.470924266156482e-01	4.570881896148750e-01
7580	4.161797323648166e-01	4.168693834703354e-01
7769	3.878122455734472e-01	3.890451449942806e-01
7970	3.615955130771370e-01	3.630780547701014e-01
8138	3.376319910363311e-01	3.388441561392025e-01
8328	3.161806594338461e-01	3.162277660168379e-01
8541	2.972685906259044e-01	3.019951720402016e-01
8710	2.806444208497044e-01	2.818382931264454e-01
8912	2.659908785981461e-01	2.691534803926916e-01
9103	2.531306834073563e-01	2.570395782768864e-01
9284	2.420668878330661e-01	2.454708915685030e-01
9465	2.329154105454488e-01	2.344228815319922e-01
9623	2.257900727427316e-01	2.290867652767773e-01
9792	2.206938639030251e-01	2.238721138568339e-01
9950	2.174548693198600e-01	2.187761623949552e-01
16922	2.114855445611132e-01	2.137962089502232e-01
16944	2.083181336873687e-01	2.089296130854039e-01
18204	2.036711415221037e-01	2.041737944669530e-01
63856	1.980231927641664e-01	1.995262314968880e-01
64055	1.938254674252445e-01	1.949844599758045e-01
64256	1.893141964490499e-01	1.905460717963247e-01
64447	1.844532113235497e-01	1.862087136662867e-01
64626	1.799269716911664e-01	1.819700858609984e-01
64794	1.752467898844738e-01	1.778279410038923e-01
64940	1.714170406293873e-01	1.737800828749375e-01
65107	1.677802346729378e-01	1.698243652461744e-01
65263	1.652247996301688e-01	1.659586907437560e-01
65730	1.620752403187278e-01	1.621810097358930e-01
75647	1.580138099991083e-01	1.584893192461113e-01
75680	1.540108798123841e-01	1.548816618912481e-01
75713	1.491570077076201e-01	1.513561248436208e-01
75735	1.461843215283991e-01	1.479108388168208e-01
75768	1.438716132565909e-01	1.445439770745928e-01
75790	1.402065091001511e-01	1.412537544622754e-01
75823	1.378630816520369e-01	1.380384264602885e-01
75856	1.336743349401066e-01	1.348962882591654e-01
75911	1.293199162625487e-01	1.318256738556407e-01
75933	1.287339487939850e-01	1.288249551693134e-01
76043	1.256690764220558e-01	1.258925411794167e-01
84087	1.219801010819692e-01	1.230268770812381e-01
84262	1.186969574004191e-01	1.202264434617413e-01
84538	1.124631898641832e-01	1.148153621496883e-01
84796	1.115142715718616e-01	1.122018454301964e-01
88466	1.090244907949265e-01	1.096478196143185e-01
88709	1.059675870789484e-01	1.071519305237607e-01
89119	1.036520315311059e-01	1.047128548050900e-01
89568	1.019538043887340e-01	1.023292992280754e-01
90390	9.995652038175507e-02	1.000000000000000e-01
99662	9.741498935509318e-02	9.772372209558107e-02
99673	9.494562831765618e-02	9.549925860214359e-02
99684	9.187463730386913e-02	9.332543007969910e-02
99695	8.881804590908993e-02	8.912509381337455e-02
99706	8.639150284134300e-02	8.709635899560805e-02
99717	8.465714270561764e-02	8.511380382023763e-02
99750	8.287702080988779e-02	8.317637711026708e-02
99761	7.834699391450894e-02	7.943282347242814e-02
100419	7.753761494590861e-02	7.762471166286916e-02
100787	7.426336672788059e-02	7.585775750291836e-02
100941	7.021920456135167e-02	7.079457843841380e-02
101108	6.096661802532044e-02	6.165950018614822e-02
101266	5.094990214998529e-02	5.128613839913648e-02
101435	4.168755054186601e-02	4.265795188015926e-02
101457	4.168669173059636e-02	4.168693834703355e-02
101615	3.396747290854341e-02	3.467368504525317e-02
101871	2.787730664652888e-02	2.818382931264454e-02
102094	2.357606003021506e-02	2.398832919019490e-02
102295	2.183698553415503e-02	2.187761623949553e-02
102932	1.905435243926323e-02	1.905460717963247e-02
106008	1.861117726896855e-02	1.862087136662868e-02
106473	1.628607851288810e-02	1.659586907437561e-02
106698	1.531238339481888e-02	1.548816618912481e-02
106935	1.491500772673993e-02	1.513561248436208e-02
107194	1.472553987535119e-02	1.479108388168207e-02
126710	1.402098776056271e-02	1.412537544622754e-02
185646	1.378546798860658e-02	1.380384264602885e-02
196320	1.348342770990751e-02	1.348962882591653e-02
305849	1.284116650143274e-02	1.288249551693134e-02
306185	1.184707316805100e-02	1.202264434617413e-02
306328	1.114659967412501e-02	1.122018454301964e-02
306416	1.053819200318906e-02	1.071519305237606e-02
306559	9.949420340757409e-03	1.000000000000000e-02
306902	9.537073517031258e-03	9.549925860214359e-03
307531	9.238870167480373e-03	9.332543007969915e-03
307824	8.926295682104457e-03	9.120108393559097e-03
307965	8.715039409033509e-03	8.912509381337459e-03
308290	8.495917055811097e-03	8.511380382023767e-03
308442	8.315226155094835e-03	8.317637711026709e-03
308583	8.115058564965971e-03	8.128305161640995e-03
308868	7.798201316686182e-03	7.943282347242814e-03
309009	7.646906771704209e-03	7.762471166286920e-03
309150	7.498173192488911e-03	7.585775750291836e-03
309468	7.359285592698273e-03	7.413102413009177e-03
309620	7.233883419847764e-03	7.244359600749898e-03
309929	7.008423595421642e-03	7.079457843841380e-03
310084	6.899085476459788e-03	6.918309709189363e-03
311418	6.722496593716598e-03	6.760829753919818e-03
311699	6.574126829089533e-03	6.606934480075957e-03
311977	6.440814302528186e-03	6.456542290346556e-03
312510	6.253649104682513e-03	6.309573444801930e-03
312827	6.134696540755824e-03	6.165950018614822e-03
313505	5.971729736916398e-03	6.025595860743574e-03
313929	5.856053895216373e-03	5.888436553555890e-03
314381	5.740466973538805e-03	5.754399373371567e-03
314860	5.586915629126610e-03	5.623413251903491e-03
315280	5.473536102167054e-03	5.495408738576248e-03
315970	5.342906882642273e-03	5.370317963702527e-03
316757	5.238825796713864e-03	5.248074602497728e-03
317587	5.114468396046012e-03	5.128613839913648e-03
318909	4.999202438196071e-03	5.011872336272725e-03
319796	4.881158376394024e-03	4.897788193684461e-03
320549	4.781316632456956e-03	4.786300923226385e-03
321696	4.665636725088795e-03	4.677351412871981e-03
323302	4.568251522916733e-03	4.570881896148752e-03
324307	4.466631425961043e-03	4.466835921509630e-03
325666	4.356605176241479e-03	4.365158322401661e-03
326467	4.263889699305801e-03	4.265795188015926e-03
328050	4.167088658556195e-03	4.168693834703355e-03
330297	4.067944677313529e-03	4.073802778041126e-03
332612	3.980368250885769e-03	3.981071705534973e-03
334236	3.890279535126551e-03	3.890451449942805e-03
336777	3.798509852708354e-03	3.801893963205613e-03
340066	3.712992936715342e-03	3.715352290971724e-03
342399	3.630292678574398e-03	3.630780547701014e-03
347183	3.546817429088800e-03	3.548133892335753e-03
352794	3.466753615588458e-03	3.467368504525317e-03
356662	3.387575169287560e-03	3.388441561392024e-03
363178	3.310865575755328e-03	3.311311214825911e-03
370104	3.235696793288056e-03	3.235936569296281e-03
379898	3.162168172940683e-03	3.162277660168379e-03
389612	3.090294268903504e-03	3.090295432513592e-03
412063	3.019920087273809e-03	3.019951720402016e-03
443709	2.951207537034262e-03	2.951209226666387e-03
499999	2.926336447808486e-03	2.951209226666387e-03
