%
% index = 3705, name = bbob_f008_i02_d20__bbob_f008_i04_d20
% instance = 1, reference value = 9.924632185374310e-01
% function evaluation | indicator value | target hit
1	4.276770136069969e+00	4.365158322401660e+00
55	4.262929614983660e+00	4.265795188015927e+00
58	4.167166193220985e+00	4.168693834703354e+00
59	4.060097261157181e+00	4.073802778041127e+00
60	3.853402696883161e+00	3.890451449942806e+00
101	3.393923778660892e+00	3.467368504525317e+00
142	2.830111347412497e+00	2.884031503126606e+00
183	2.355035706960885e+00	2.398832919019490e+00
224	1.957213524721763e+00	1.995262314968880e+00
265	1.628993423230208e+00	1.659586907437561e+00
306	1.373257141968931e+00	1.380384264602885e+00
347	1.176464057642431e+00	1.202264434617413e+00
388	1.008734355263431e+00	1.023292992280754e+00
429	9.421371263023499e-01	9.549925860214360e-01
470	8.695398881635598e-01	8.709635899560807e-01
511	7.883810164522209e-01	7.943282347242815e-01
552	7.048106939035608e-01	7.079457843841379e-01
593	6.229648140601385e-01	6.309573444801932e-01
634	5.455740250035832e-01	5.495408738576245e-01
675	4.743708197902431e-01	4.786300923226383e-01
716	4.103617488133146e-01	4.168693834703354e-01
757	3.540063284561094e-01	3.548133892335755e-01
798	3.053320613920697e-01	3.090295432513591e-01
839	2.640142410847386e-01	2.691534803926916e-01
880	2.294552547047052e-01	2.344228815319922e-01
921	2.008949962735553e-01	2.041737944669530e-01
962	1.775477512938857e-01	1.778279410038923e-01
1003	1.587107521565164e-01	1.621810097358930e-01
1044	1.438049156590469e-01	1.445439770745928e-01
1085	1.323752408361938e-01	1.348962882591654e-01
1126	1.240687702332109e-01	1.258925411794167e-01
1167	1.184949713112922e-01	1.202264434617413e-01
1208	1.147388237938337e-01	1.148153621496883e-01
1249	1.115357787069041e-01	1.122018454301964e-01
1290	1.084548214238834e-01	1.096478196143185e-01
1331	1.053725177981510e-01	1.071519305237607e-01
1372	1.023638561584190e-01	1.047128548050900e-01
1413	9.975566159852123e-02	1.000000000000000e-01
1536	9.623926477911948e-02	9.772372209558107e-02
1577	9.539773131519214e-02	9.549925860214359e-02
1659	9.270545745384029e-02	9.332543007969910e-02
5171	9.072577111134361e-02	9.120108393559097e-02
6374	8.674026189750061e-02	8.709635899560805e-02
7163	8.168891640438236e-02	8.317637711026708e-02
8159	7.244551528787657e-02	7.413102413009177e-02
9485	5.710350271009335e-02	5.754399373371569e-02
11345	4.447024716094772e-02	4.466835921509630e-02
13164	3.544647575775695e-02	3.548133892335755e-02
15317	2.940069732272665e-02	2.951209226666385e-02
17675	2.578548129005565e-02	2.630267991895381e-02
22947	2.406497338394820e-02	2.454708915685030e-02
26761	2.332399095064264e-02	2.344228815319923e-02
29998	2.287327399468531e-02	2.290867652767773e-02
34143	2.208541262158181e-02	2.238721138568340e-02
49953	2.183962132201245e-02	2.187761623949553e-02
82033	2.136651751245311e-02	2.137962089502233e-02
298905	2.079971224294919e-02	2.089296130854040e-02
299362	2.032665657642263e-02	2.041737944669529e-02
300026	1.940732764811837e-02	1.949844599758046e-02
300897	1.767265473876600e-02	1.778279410038923e-02
301811	1.459547180857002e-02	1.479108388168207e-02
302973	9.826328680754615e-03	1.000000000000000e-02
303932	6.275768607133636e-03	6.309573444801930e-03
305014	4.018657485953092e-03	4.073802778041126e-03
306096	2.673661869282529e-03	2.691534803926917e-03
307755	1.937688162043760e-03	1.949844599758046e-03
309376	1.575884776691017e-03	1.584893192461114e-03
314901	1.391508712960676e-03	1.412537544622754e-03
651363	1.380285886781851e-03	1.380384264602885e-03
975960	1.348400527210969e-03	1.348962882591653e-03
980491	1.294805512908170e-03	1.318256738556408e-03
981492	1.255104730403356e-03	1.258925411794167e-03
982574	1.221681995643098e-03	1.230268770812381e-03
988132	1.194086714504827e-03	1.202264434617413e-03
995525	1.172885825228565e-03	1.174897554939529e-03
1494709	1.063092719781888e-03	1.071519305237606e-03
1496531	9.782832572436950e-04	1.000000000000000e-03
1496587	9.771858063024608e-04	9.772372209558111e-04
1498396	9.264094462965167e-04	9.332543007969915e-04
1503848	9.113132138273139e-04	9.120108393559096e-04
1831449	8.911017447131853e-04	8.912509381337459e-04
2000000	8.887103423800280e-04	8.912509381337459e-04
%
% index = 3706, name = bbob_f008_i03_d20__bbob_f008_i05_d20
% instance = 2, reference value = 9.900094990422600e-01
% function evaluation | indicator value | target hit
1	1.082604911817760e+00	1.096478196143185e+00
57	1.071200816836760e+00	1.071519305237606e+00
59	1.037584579243760e+00	1.047128548050900e+00
60	9.941320916092599e-01	1.000000000000000e+00
101	9.664754111809170e-01	9.772372209558107e-01
142	9.152945855486654e-01	9.332543007969910e-01
183	8.513608988572733e-01	8.709635899560807e-01
224	7.805651762864702e-01	7.943282347242815e-01
265	7.072163441436867e-01	7.079457843841379e-01
306	6.344097929721627e-01	6.456542290346555e-01
347	5.643165769907424e-01	5.754399373371569e-01
388	4.984092220468803e-01	5.011872336272722e-01
429	4.376366808547295e-01	4.466835921509631e-01
470	3.825581200115188e-01	3.890451449942806e-01
511	3.334426602648934e-01	3.388441561392025e-01
552	2.903399408210946e-01	2.951209226666385e-01
593	2.531247005341190e-01	2.570395782768864e-01
634	2.215183401569357e-01	2.238721138568339e-01
675	1.950937372846219e-01	1.995262314968880e-01
716	1.732795073002288e-01	1.737800828749375e-01
757	1.553946373200135e-01	1.584893192461113e-01
798	1.407404222539053e-01	1.412537544622754e-01
839	1.287183221654568e-01	1.288249551693134e-01
880	1.188845416072136e-01	1.202264434617413e-01
921	1.109163067368305e-01	1.122018454301964e-01
962	1.045581274491741e-01	1.047128548050900e-01
1003	9.959900384934028e-02	1.000000000000000e-01
1044	9.589949025162192e-02	9.772372209558107e-02
1085	9.343971296442544e-02	9.549925860214359e-02
1126	9.205525209783438e-02	9.332543007969910e-02
1208	9.096147218044026e-02	9.120108393559097e-02
8175	8.882438891813271e-02	8.912509381337455e-02
10202	8.503346316233362e-02	8.511380382023763e-02
11445	8.031205335632396e-02	8.128305161640990e-02
13059	7.196326662889385e-02	7.244359600749903e-02
14920	6.434040938207053e-02	6.456542290346556e-02
16864	5.819724233588208e-02	5.888436553555890e-02
18930	5.343746430043461e-02	5.370317963702527e-02
20628	4.987831783373264e-02	5.011872336272722e-02
22656	4.730022711220228e-02	4.786300923226382e-02
24478	4.548232706597843e-02	4.570881896148749e-02
26588	4.422541713107575e-02	4.466835921509630e-02
28615	4.336633517116950e-02	4.365158322401658e-02
32665	4.238988430470303e-02	4.265795188015926e-02
326957	4.152645784374320e-02	4.168693834703355e-02
328072	4.051882449987276e-02	4.073802778041128e-02
328736	3.920599328728658e-02	3.981071705534973e-02
330221	3.668168423185458e-02	3.715352290971726e-02
331298	3.201812231529255e-02	3.235936569296283e-02
332746	2.408540992866015e-02	2.454708915685030e-02
334769	1.722296940060175e-02	1.737800828749375e-02
336465	1.193491369829658e-02	1.202264434617413e-02
338531	8.013031222475542e-03	8.128305161640995e-03
340269	5.259998127990162e-03	5.370317963702527e-03
342704	3.447852140319951e-03	3.467368504525317e-03
345720	2.341991551251033e-03	2.344228815319923e-03
350186	1.732977078161446e-03	1.737800828749376e-03
361204	1.450208433172118e-03	1.479108388168207e-03
380220	1.366427179428586e-03	1.380384264602885e-03
425070	1.327160084088619e-03	1.348962882591653e-03
442683	1.315132909917804e-03	1.318256738556408e-03
468840	1.285607943064648e-03	1.288249551693134e-03
1011022	1.254650497056198e-03	1.258925411794167e-03
1012555	1.218776574282154e-03	1.230268770812381e-03
1017274	1.177518312457715e-03	1.202264434617413e-03
1020008	1.159065376933888e-03	1.174897554939529e-03
1053866	1.148147865623450e-03	1.148153621496883e-03
2000000	1.144466712952097e-03	1.148153621496883e-03
%
% index = 3707, name = bbob_f008_i07_d20__bbob_f008_i08_d20
% instance = 3, reference value = 9.937357235797430e-01
% function evaluation | indicator value | target hit
1	9.308824606166183e+00	9.332543007969910e+00
59	8.992364770348692e+00	9.120108393559097e+00
60	8.686021018731044e+00	8.709635899560805e+00
101	7.986418153010406e+00	8.128305161640993e+00
142	7.084768940115367e+00	7.244359600749901e+00
183	6.276690014349057e+00	6.309573444801933e+00
224	5.552572497205941e+00	5.623413251903491e+00
265	4.903859667946163e+00	5.011872336272722e+00
306	4.322979698714445e+00	4.365158322401660e+00
347	3.803285246555752e+00	3.890451449942806e+00
388	3.339011976123974e+00	3.388441561392026e+00
429	2.925276528468586e+00	2.951209226666386e+00
470	2.558153959385113e+00	2.570395782768863e+00
511	2.234921958785214e+00	2.238721138568339e+00
552	1.954677282501614e+00	1.995262314968880e+00
593	1.718481416267243e+00	1.737800828749375e+00
634	1.511428152788243e+00	1.513561248436208e+00
675	1.326037711439743e+00	1.348962882591654e+00
716	1.160310996760743e+00	1.174897554939530e+00
757	1.012432375096743e+00	1.023292992280754e+00
798	9.318015855314200e-01	9.332543007969910e-01
839	8.522281387001724e-01	8.709635899560807e-01
880	7.689179682012319e-01	7.762471166286917e-01
921	6.856182642883066e-01	6.918309709189365e-01
962	6.050227972020212e-01	6.165950018614822e-01
1003	5.290018982759406e-01	5.370317963702527e-01
1044	4.587848026292174e-01	4.677351412871982e-01
1085	3.951033330633421e-01	3.981071705534972e-01
1126	3.383041659732680e-01	3.388441561392025e-01
1167	2.884357977306600e-01	2.951209226666385e-01
1208	2.453158548952752e-01	2.454708915685030e-01
1249	2.085846404930349e-01	2.089296130854039e-01
1290	1.777518435569764e-01	1.778279410038923e-01
1331	1.522442113027880e-01	1.548816618912481e-01
1372	1.314597687088830e-01	1.318256738556407e-01
1413	1.148257881881228e-01	1.174897554939529e-01
1454	1.018499381210221e-01	1.023292992280754e-01
1495	9.216327440128524e-02	9.332543007969910e-02
1536	8.555814547422569e-02	8.709635899560805e-02
1577	8.192881481173531e-02	8.317637711026708e-02
1618	8.078846721702415e-02	8.128305161640990e-02
2028	7.865716675276568e-02	7.943282347242814e-02
6575	7.752336407467897e-02	7.762471166286916e-02
8442	7.359046947289871e-02	7.413102413009177e-02
9565	6.954742804912073e-02	7.079457843841380e-02
10894	6.637099667503377e-02	6.760829753919818e-02
12388	6.415864093140189e-02	6.456542290346556e-02
13923	6.262457158277523e-02	6.309573444801933e-02
16360	6.158263604517622e-02	6.165950018614822e-02
21749	6.017523127174251e-02	6.025595860743578e-02
95439	5.887642251220226e-02	5.888436553555890e-02
96601	5.606580779469472e-02	5.623413251903491e-02
97472	5.246305296992293e-02	5.248074602497726e-02
98509	4.574390928804273e-02	4.677351412871981e-02
99589	3.417260183435444e-02	3.467368504525317e-02
100793	2.404248780554474e-02	2.454708915685030e-02
102244	1.624973612352798e-02	1.659586907437561e-02
104106	1.057374609811101e-02	1.071519305237606e-02
106010	6.701932212700101e-03	6.760829753919818e-03
108160	4.244265428736460e-03	4.265795188015926e-03
109901	2.778740633112120e-03	2.818382931264455e-03
112256	1.952553448430816e-03	1.995262314968879e-03
114328	1.551182371688498e-03	1.584893192461114e-03
114384	1.547764346008895e-03	1.548816618912481e-03
116969	1.399643589158117e-03	1.412537544622754e-03
1130363	1.373920002964657e-03	1.380384264602885e-03
1137482	1.338101167316696e-03	1.348962882591653e-03
1139755	1.309822005537975e-03	1.318256738556408e-03
1141740	1.274425727869732e-03	1.288249551693134e-03
1143931	1.234918871663493e-03	1.258925411794167e-03
1145507	1.193361593779474e-03	1.202264434617413e-03
1147124	1.152026342762902e-03	1.174897554939529e-03
1148576	1.120754073805408e-03	1.122018454301963e-03
1351928	1.086143607504697e-03	1.096478196143185e-03
1354905	1.043279689205701e-03	1.047128548050900e-03
1357017	9.785638160672017e-04	1.000000000000000e-03
1357073	9.768363872516561e-04	9.772372209558111e-04
1359375	9.022296715551770e-04	9.120108393559096e-04
1361816	8.500580635812938e-04	8.511380382023768e-04
1366785	8.051681388034915e-04	8.128305161640995e-04
1367949	7.453704032513997e-04	7.585775750291835e-04
1368952	6.917923819351746e-04	6.918309709189362e-04
1369626	6.757404115501631e-04	6.760829753919819e-04
2000000	6.609503701067165e-04	6.760829753919819e-04
%
% index = 3708, name = bbob_f008_i09_d20__bbob_f008_i10_d20
% instance = 4, reference value = 9.945216535881520e-01
% function evaluation | indicator value | target hit
1	3.510858532120231e+00	3.548133892335755e+00
58	3.453198209759236e+00	3.467368504525317e+00
60	3.284907680965969e+00	3.311311214825911e+00
101	3.028492690568679e+00	3.090295432513591e+00
142	2.693767558142425e+00	2.754228703338166e+00
183	2.389267890531031e+00	2.398832919019490e+00
224	2.112365942931694e+00	2.137962089502232e+00
265	1.860680936047657e+00	1.862087136662868e+00
306	1.632090634814954e+00	1.659586907437561e+00
347	1.424812934950511e+00	1.445439770745927e+00
388	1.237888775696842e+00	1.258925411794167e+00
429	1.077457329844368e+00	1.096478196143185e+00
470	9.914405660097988e-01	1.000000000000000e+00
511	9.683169263609084e-01	9.772372209558107e-01
552	9.300868944523295e-01	9.332543007969910e-01
593	8.812846731100415e-01	8.912509381337456e-01
634	8.255061447743341e-01	8.317637711026710e-01
675	7.655842307020380e-01	7.762471166286917e-01
716	7.037329424454214e-01	7.079457843841379e-01
757	6.416655927532477e-01	6.456542290346555e-01
798	5.806916944471423e-01	5.888436553555889e-01
839	5.217962909109810e-01	5.248074602497725e-01
880	4.657048013558432e-01	4.677351412871982e-01
921	4.129359069421186e-01	4.168693834703354e-01
962	3.638445390943408e-01	3.715352290971726e-01
1003	3.186566337820178e-01	3.235936569296283e-01
1044	2.774969861955427e-01	2.818382931264454e-01
1085	2.404112683536727e-01	2.454708915685030e-01
1126	2.073830574031829e-01	2.089296130854039e-01
1167	1.783465781683607e-01	1.819700858609984e-01
1208	1.531957947485121e-01	1.548816618912481e-01
1249	1.317905024063650e-01	1.318256738556407e-01
1290	1.139601307599721e-01	1.148153621496883e-01
1331	9.950587103901998e-02	1.000000000000000e-01
1372	8.820081229262766e-02	8.912509381337455e-02
1413	7.978420812895903e-02	8.128305161640990e-02
1454	7.393611066175099e-02	7.413102413009177e-02
1495	7.020301386455496e-02	7.079457843841380e-02
1536	6.791059028518520e-02	6.918309709189366e-02
1577	6.645551140187478e-02	6.760829753919818e-02
1618	6.557146797367253e-02	6.606934480075961e-02
5699	6.455891320253315e-02	6.456542290346556e-02
6902	6.295526125614892e-02	6.309573444801933e-02
7609	6.091398702462014e-02	6.165950018614822e-02
8728	5.714917923177487e-02	5.754399373371569e-02
10260	5.078692301759336e-02	5.128613839913648e-02
12163	4.539610444554953e-02	4.570881896148749e-02
14231	4.140360715548830e-02	4.168693834703355e-02
16547	3.857448799469732e-02	3.890451449942807e-02
19358	3.664866600776606e-02	3.715352290971726e-02
22138	3.535275597764997e-02	3.548133892335755e-02
24952	3.445575214004870e-02	3.467368504525317e-02
28098	3.380245927783898e-02	3.388441561392026e-02
33354	3.289907479798071e-02	3.311311214825911e-02
37657	3.228194435135534e-02	3.235936569296283e-02
43744	3.145608107060205e-02	3.162277660168379e-02
50846	3.086863639373660e-02	3.090295432513590e-02
296872	2.972462397097753e-02	3.019951720402016e-02
297740	2.870494652989086e-02	2.884031503126606e-02
298610	2.674497273875576e-02	2.691534803926915e-02
299646	2.313185301301779e-02	2.344228815319923e-02
300684	1.704613430083657e-02	1.737800828749375e-02
302298	1.189928971305199e-02	1.202264434617413e-02
303953	8.075274173376057e-03	8.128305161640995e-03
305608	5.353144423459799e-03	5.370317963702527e-03
307470	3.515478478206990e-03	3.548133892335753e-03
309950	2.356977722345999e-03	2.398832919019490e-03
312799	1.643212608529288e-03	1.659586907437561e-03
316359	1.219934958770930e-03	1.230268770812381e-03
321740	1.078052258913553e-03	1.096478196143185e-03
328821	1.006746305985073e-03	1.023292992280754e-03
334921	9.442953554946731e-04	9.549925860214359e-04
340444	9.034993728964658e-04	9.120108393559096e-04
344866	8.733971864834933e-04	8.912509381337459e-04
350269	8.479371824159365e-04	8.511380382023768e-04
353687	8.240764014422197e-04	8.317637711026709e-04
356574	7.999754605215736e-04	8.128305161640995e-04
360291	7.739859188122811e-04	7.762471166286919e-04
365237	7.451871240338193e-04	7.585775750291835e-04
367854	7.147278306142146e-04	7.244359600749898e-04
369717	6.823564822413530e-04	6.918309709189362e-04
371088	6.557270907063817e-04	6.606934480075957e-04
372828	6.449941838078121e-04	6.456542290346556e-04
2000000	6.337681131254325e-04	6.456542290346556e-04
%
% index = 3709, name = bbob_f008_i11_d20__bbob_f008_i12_d20
% instance = 5, reference value = 9.953006967541440e-01
% function evaluation | indicator value | target hit
1	5.420550126730728e+00	5.495408738576246e+00
58	5.326969480626211e+00	5.370317963702527e+00
59	5.234754762726970e+00	5.248074602497725e+00
60	5.054364819478399e+00	5.128613839913648e+00
101	4.640814484276351e+00	4.677351412871983e+00
142	4.104734678611583e+00	4.168693834703354e+00
183	3.621296796696128e+00	3.630780547701014e+00
224	3.185965306418685e+00	3.235936569296283e+00
265	2.794881395644983e+00	2.818382931264454e+00
306	2.444932513619305e+00	2.454708915685031e+00
347	2.133985835630471e+00	2.137962089502232e+00
388	1.861520063458544e+00	1.862087136662868e+00
429	1.630170895508644e+00	1.659586907437561e+00
470	1.430366934402144e+00	1.445439770745927e+00
511	1.251468721114644e+00	1.258925411794167e+00
552	1.091602118125144e+00	1.096478196143185e+00
593	9.755375385648261e-01	9.772372209558107e-01
634	9.081502637864374e-01	9.120108393559098e-01
675	8.323049121069097e-01	8.511380382023764e-01
716	7.528159887974597e-01	7.585775750291838e-01
757	6.732858244089254e-01	6.760829753919817e-01
798	5.963385423149066e-01	6.025595860743578e-01
839	5.238127824727261e-01	5.248074602497725e-01
880	4.569203673156272e-01	4.570881896148750e-01
921	3.963772253400013e-01	3.981071705534972e-01
962	3.425122233808257e-01	3.467368504525316e-01
1003	2.953587599467083e-01	3.019951720402016e-01
1044	2.547325940554441e-01	2.570395782768864e-01
1085	2.202970185912612e-01	2.238721138568339e-01
1126	1.916134457515327e-01	1.949844599758045e-01
1167	1.681723694445856e-01	1.698243652461744e-01
1208	1.493975240690540e-01	1.513561248436208e-01
1249	1.346180298409138e-01	1.348962882591654e-01
1290	1.230253349957886e-01	1.230268770812381e-01
1331	1.137047591260241e-01	1.148153621496883e-01
1372	1.058471381530619e-01	1.071519305237607e-01
1413	9.893976625541856e-02	1.000000000000000e-01
1454	9.272439177763625e-02	9.332543007969910e-02
1495	8.709283340422069e-02	8.709635899560805e-02
1536	8.200594336519085e-02	8.317637711026708e-02
1577	7.744761865871486e-02	7.762471166286916e-02
1618	7.340780941785963e-02	7.413102413009177e-02
1659	6.987739113459712e-02	7.079457843841380e-02
1700	6.684845915617477e-02	6.760829753919818e-02
1741	6.431381196645725e-02	6.456542290346556e-02
1782	6.227069970128662e-02	6.309573444801933e-02
1823	6.071762556519145e-02	6.165950018614822e-02
1864	6.013308666636696e-02	6.025595860743578e-02
1946	5.830679253530846e-02	5.888436553555890e-02
2151	5.610761884003312e-02	5.623413251903491e-02
6938	5.493711372936405e-02	5.495408738576246e-02
8557	5.208666834364828e-02	5.248074602497726e-02
9554	4.868734972477684e-02	4.897788193684462e-02
10593	4.317193977309597e-02	4.365158322401658e-02
11880	3.883505689920785e-02	3.890451449942807e-02
13127	3.596798187198513e-02	3.630780547701014e-02
14456	3.425169454780630e-02	3.467368504525317e-02
15909	3.332546751077381e-02	3.388441561392026e-02
17936	3.285140445987422e-02	3.311311214825911e-02
23079	3.227198842199552e-02	3.235936569296283e-02
610330	3.041765333818947e-02	3.090295432513590e-02
611327	2.611331997996935e-02	2.630267991895381e-02
612572	1.924242580798219e-02	1.949844599758046e-02
614190	1.395826877298834e-02	1.412537544622754e-02
616140	1.053210681536676e-02	1.071519305237606e-02
618542	8.364017346185970e-03	8.511380382023767e-03
620490	6.905396038165756e-03	6.918309709189363e-03
622560	5.831375113547033e-03	5.888436553555890e-03
624345	4.981264231949001e-03	5.011872336272725e-03
626946	4.274297239947877e-03	4.365158322401661e-03
629304	3.666757286931777e-03	3.715352290971724e-03
631662	3.133187551255023e-03	3.162277660168379e-03
633729	2.658274895302459e-03	2.691534803926917e-03
636373	2.232830301515332e-03	2.238721138568340e-03
638445	1.851609378386798e-03	1.862087136662868e-03
639984	1.511721477935657e-03	1.513561248436209e-03
641479	1.212665097699350e-03	1.230268770812381e-03
643056	9.602098196033193e-04	9.772372209558111e-04
644960	7.701920268620155e-04	7.762471166286919e-04
647110	6.670309283749454e-04	6.760829753919819e-04
651464	6.569802215655729e-04	6.606934480075957e-04
651523	6.449891329811663e-04	6.456542290346556e-04
684933	6.303421368076823e-04	6.309573444801930e-04
1781444	6.140655293300767e-04	6.165950018614823e-04
1988851	5.970111800904787e-04	6.025595860743575e-04
2000000	5.925611625856586e-04	6.025595860743575e-04
%
% index = 3710, name = bbob_f008_i13_d20__bbob_f008_i14_d20
% instance = 6, reference value = 9.924199889585140e-01
% function evaluation | indicator value | target hit
1	8.759076644607074e+00	8.912509381337454e+00
57	8.692328558581519e+00	8.709635899560805e+00
59	8.494669291323355e+00	8.511380382023766e+00
60	8.237083973808277e+00	8.317637711026711e+00
101	7.643920111109862e+00	7.762471166286917e+00
142	6.869954665072156e+00	6.918309709189364e+00
183	6.167045040890361e+00	6.309573444801933e+00
224	5.529862841361115e+00	5.623413251903491e+00
265	4.953489854043958e+00	5.011872336272722e+00
306	4.433435918579745e+00	4.466835921509632e+00
347	3.965668064070030e+00	3.981071705534972e+00
388	3.546656832404869e+00	3.548133892335755e+00
429	3.172143073581514e+00	3.235936569296283e+00
470	2.833630605188514e+00	2.884031503126606e+00
511	2.527397901806014e+00	2.570395782768863e+00
552	2.250612761547514e+00	2.290867652767773e+00
593	2.000689531441014e+00	2.041737944669529e+00
634	1.775274532291014e+00	1.778279410038923e+00
675	1.572230897053014e+00	1.584893192461114e+00
716	1.389622901886014e+00	1.412537544622754e+00
757	1.225699850691014e+00	1.230268770812382e+00
798	1.078879559807014e+00	1.096478196143185e+00
839	9.566352525491374e-01	9.772372209558107e-01
880	8.578826988393455e-01	8.709635899560807e-01
921	7.641733792542218e-01	7.762471166286917e-01
962	6.768934672856830e-01	6.918309709189365e-01
1003	5.969195142181036e-01	6.025595860743578e-01
1044	5.247244664458872e-01	5.248074602497725e-01
1085	4.604636020349827e-01	4.677351412871982e-01
1126	4.040468514529644e-01	4.073802778041127e-01
1167	3.552029643836992e-01	3.630780547701014e-01
1208	3.135376318465697e-01	3.162277660168379e-01
1249	2.785794197870946e-01	2.818382931264454e-01
1290	2.497946870072493e-01	2.511886431509580e-01
1331	2.265516708872913e-01	2.290867652767773e-01
1372	2.080705120891598e-01	2.089296130854039e-01
1413	1.934877968318378e-01	1.949844599758045e-01
1454	1.820337140892955e-01	1.862087136662867e-01
1495	1.731112965900699e-01	1.737800828749375e-01
1536	1.662798695795397e-01	1.698243652461744e-01
1577	1.611748312722806e-01	1.621810097358930e-01
1618	1.573837766958718e-01	1.584893192461113e-01
1659	1.546042812020578e-01	1.548816618912481e-01
1823	1.462815267555421e-01	1.479108388168208e-01
2028	1.402425034985051e-01	1.412537544622754e-01
2274	1.354959680318306e-01	1.380384264602885e-01
2561	1.342145941733347e-01	1.348962882591654e-01
9586	1.303929462938433e-01	1.318256738556407e-01
11074	1.275400841257996e-01	1.288249551693134e-01
12441	1.219056400009439e-01	1.230268770812381e-01
13851	1.109649378421855e-01	1.122018454301964e-01
15426	9.066083040908668e-02	9.120108393559097e-02
17535	7.120079354080378e-02	7.244359600749903e-02
20013	5.542549578373002e-02	5.623413251903491e-02
21752	4.200257612408742e-02	4.265795188015926e-02
23658	3.111345534879961e-02	3.162277660168379e-02
25726	2.335350583402773e-02	2.344228815319923e-02
27874	1.805896703631671e-02	1.819700858609984e-02
29654	1.448091723878464e-02	1.479108388168207e-02
31147	1.214329984771501e-02	1.230268770812382e-02
32517	1.068044736375262e-02	1.071519305237606e-02
33889	9.812896169411389e-03	1.000000000000000e-02
35342	9.316516797398977e-03	9.332543007969915e-03
36879	9.025008251345557e-03	9.120108393559097e-03
38949	8.869427422600995e-03	8.912509381337459e-03
90325	8.691667008853265e-03	8.709635899560805e-03
245699	7.652595234652226e-03	7.762471166286920e-03
248263	6.111021691249774e-03	6.165950018614822e-03
251156	4.939556667355904e-03	5.011872336272725e-03
254255	4.119781985064463e-03	4.168693834703355e-03
257932	3.509451323020274e-03	3.548133892335753e-03
260993	3.044198629812089e-03	3.090295432513592e-03
265929	2.703539201780236e-03	2.754228703338166e-03
267226	2.690089167583953e-03	2.691534803926917e-03
993107	2.436802570251140e-03	2.454708915685031e-03
996851	2.041266694757127e-03	2.041737944669530e-03
1000351	1.533228528262653e-03	1.548816618912481e-03
1007349	1.386422111200769e-03	1.412537544622754e-03
1017570	1.379805893933495e-03	1.380384264602885e-03
1598950	1.348881308247618e-03	1.348962882591653e-03
1608130	1.209687097542100e-03	1.230268770812381e-03
1618840	1.140027138617161e-03	1.148153621496883e-03
1673378	1.119413128148339e-03	1.122018454301963e-03
1742457	1.095439526538899e-03	1.096478196143185e-03
2000000	1.095106479130137e-03	1.096478196143185e-03
%
% index = 3711, name = bbob_f008_i15_d20__bbob_f008_i16_d20
% instance = 7, reference value = 9.910928044498680e-01
% function evaluation | indicator value | target hit
1	3.532369181268911e+00	3.548133892335755e+00
59	3.410329934179533e+00	3.467368504525317e+00
60	3.292037504021868e+00	3.311311214825911e+00
101	3.020846743688868e+00	3.090295432513591e+00
142	2.669807695041368e+00	2.691534803926916e+00
183	2.354100076257368e+00	2.398832919019490e+00
224	2.070801456820868e+00	2.089296130854040e+00
265	1.817173074209868e+00	1.819700858609983e+00
306	1.590653654414368e+00	1.621810097358930e+00
347	1.388853443925368e+00	1.412537544622754e+00
388	1.209548527810368e+00	1.230268770812382e+00
429	1.050675359727868e+00	1.071519305237606e+00
470	9.284364077884033e-01	9.332543007969910e-01
511	8.254054051941481e-01	8.317637711026710e-01
552	7.280610503884740e-01	7.413102413009175e-01
593	6.378643349714190e-01	6.456542290346555e-01
634	5.556733947572549e-01	5.623413251903491e-01
675	4.818967608739030e-01	4.897788193684462e-01
716	4.166153242202536e-01	4.168693834703354e-01
757	3.596769988328864e-01	3.630780547701014e-01
798	3.107673186242454e-01	3.162277660168379e-01
839	2.694583692592910e-01	2.754228703338166e-01
880	2.352373983314832e-01	2.398832919019490e-01
921	2.075155959595140e-01	2.089296130854039e-01
962	1.856184305401264e-01	1.862087136662867e-01
1003	1.687657008301807e-01	1.698243652461744e-01
1044	1.560693849905487e-01	1.584893192461113e-01
1085	1.466080500325518e-01	1.479108388168208e-01
1126	1.395982866481502e-01	1.412537544622754e-01
1167	1.344999608432775e-01	1.348962882591654e-01
1208	1.309687221746375e-01	1.318256738556407e-01
1249	1.288019913068164e-01	1.288249551693134e-01
1372	1.257186512395639e-01	1.258925411794167e-01
1454	1.210220346987912e-01	1.230268770812381e-01
1536	1.201808283035446e-01	1.202264434617413e-01
1659	1.163850909906703e-01	1.174897554939529e-01
8887	1.147464988197605e-01	1.148153621496883e-01
11740	1.098744884806212e-01	1.122018454301964e-01
13518	1.073969407689256e-01	1.096478196143185e-01
15296	1.055930704144242e-01	1.071519305237607e-01
16911	1.042953696690245e-01	1.047128548050900e-01
23054	1.022419278575017e-01	1.023292992280754e-01
500308	9.962000433926443e-02	1.000000000000000e-01
501177	9.720411504698989e-02	9.772372209558107e-02
502498	9.249664403348656e-02	9.332543007969910e-02
504067	8.356810428607275e-02	8.511380382023763e-02
505557	6.758248935036093e-02	6.760829753919818e-02
507623	5.266845880261295e-02	5.370317963702527e-02
508910	4.017769742299138e-02	4.073802778041128e-02
510484	2.999736364689565e-02	3.019951720402016e-02
511770	2.194491220155925e-02	2.238721138568340e-02
513302	1.575950686058714e-02	1.584893192461113e-02
514957	1.113258987270638e-02	1.122018454301964e-02
516531	7.749473213860547e-03	7.762471166286920e-03
519132	5.330024429217484e-03	5.370317963702527e-03
521819	3.652046884458637e-03	3.715352290971724e-03
525301	2.570564779395546e-03	2.630267991895381e-03
525354	2.570378877738366e-03	2.570395782768865e-03
527752	2.038039301620276e-03	2.041737944669530e-03
529620	1.707952935510959e-03	1.737800828749376e-03
531197	1.494588385153373e-03	1.513561248436209e-03
533271	1.354424571070378e-03	1.380384264602885e-03
536730	1.348559324778287e-03	1.348962882591653e-03
639392	1.297224337395764e-03	1.318256738556408e-03
639557	1.288075601524219e-03	1.288249551693134e-03
648648	1.257388769166590e-03	1.258925411794167e-03
655850	1.218557614138138e-03	1.230268770812381e-03
895526	1.201451504631468e-03	1.202264434617413e-03
897810	1.107343845661801e-03	1.122018454301963e-03
899221	1.033106153049079e-03	1.047128548050900e-03
901515	1.021884024654307e-03	1.023292992280754e-03
1474626	9.999824656060641e-04	1.000000000000000e-03
1975454	9.772033316770568e-04	9.772372209558111e-04
2000000	9.760254638997434e-04	9.772372209558111e-04
%
% index = 3712, name = bbob_f008_i17_d20__bbob_f008_i18_d20
% instance = 8, reference value = 9.904252116058810e-01
% function evaluation | indicator value | target hit
1	2.472590807949543e+00	2.511886431509580e+00
57	2.449520335621087e+00	2.454708915685031e+00
59	2.381427729590342e+00	2.398832919019490e+00
60	2.293218364386458e+00	2.344228815319922e+00
101	2.092254515042409e+00	2.137962089502232e+00
142	1.835516291650862e+00	1.862087136662868e+00
183	1.610902649035189e+00	1.621810097358930e+00
224	1.422211191833865e+00	1.445439770745927e+00
265	1.271032869371381e+00	1.288249551693134e+00
306	1.135390211489881e+00	1.148153621496883e+00
347	1.012711161876881e+00	1.023292992280754e+00
388	9.563637164662112e-01	9.772372209558107e-01
429	9.033239375666600e-01	9.120108393559098e-01
470	8.425857053386953e-01	8.511380382023764e-01
511	7.777015246847384e-01	7.943282347242815e-01
552	7.113578417138369e-01	7.244359600749900e-01
593	6.455574875045795e-01	6.456542290346555e-01
634	5.817664559050469e-01	5.888436553555889e-01
675	5.210323571816209e-01	5.248074602497725e-01
716	4.640802275401392e-01	4.677351412871982e-01
757	4.113899650691115e-01	4.168693834703354e-01
798	3.632584202680985e-01	3.715352290971726e-01
839	3.198479691923304e-01	3.235936569296283e-01
880	2.812221280020202e-01	2.818382931264454e-01
921	2.473672739490445e-01	2.511886431509580e-01
962	2.181978258042614e-01	2.187761623949552e-01
1003	1.935411021646035e-01	1.949844599758045e-01
1044	1.731018142856273e-01	1.737800828749375e-01
1085	1.564261605436650e-01	1.584893192461113e-01
1126	1.429235094333524e-01	1.445439770745928e-01
1167	1.319858702758845e-01	1.348962882591654e-01
1208	1.231076807172626e-01	1.258925411794167e-01
1249	1.158948107008444e-01	1.174897554939529e-01
1290	1.100234937027751e-01	1.122018454301964e-01
1331	1.052283444658666e-01	1.071519305237607e-01
1372	1.013398928120768e-01	1.023292992280754e-01
1413	9.831805689289730e-02	1.000000000000000e-01
1454	9.613963417782101e-02	9.772372209558107e-02
1495	9.452812224894580e-02	9.549925860214359e-02
1536	9.329082742508643e-02	9.332543007969910e-02
1700	9.106287276786706e-02	9.120108393559097e-02
2766	8.901095551417226e-02	8.912509381337455e-02
10201	8.639244665486734e-02	8.709635899560805e-02
11648	8.273240785575375e-02	8.317637711026708e-02
13507	7.672538889491554e-02	7.762471166286916e-02
16025	7.182399927095717e-02	7.244359600749903e-02
18463	6.832817224999432e-02	6.918309709189366e-02
20367	6.598081235213715e-02	6.606934480075961e-02
21860	6.447926447296670e-02	6.456542290346556e-02
24765	6.297895124270969e-02	6.309573444801933e-02
160463	6.144508596619724e-02	6.165950018614822e-02
161955	5.884413050376236e-02	5.888436553555890e-02
163031	5.550743132124658e-02	5.623413251903491e-02
164518	4.926797150193984e-02	5.011872336272722e-02
166499	3.841354932614116e-02	3.890451449942807e-02
169138	2.872863325553132e-02	2.884031503126606e-02
172764	2.103115332658412e-02	2.137962089502233e-02
177621	1.510671547442521e-02	1.513561248436208e-02
182848	1.072487828362445e-02	1.096478196143185e-02
186355	7.598561279047455e-03	7.762471166286920e-03
191600	5.442064314405748e-03	5.495408738576248e-03
195660	4.117387775215198e-03	4.168693834703355e-03
201486	3.546397127772383e-03	3.548133892335753e-03
204215	2.998004447462566e-03	3.019951720402016e-03
206595	2.452828043816191e-03	2.454708915685031e-03
208836	1.935889787975431e-03	1.949844599758046e-03
211404	1.745012235172427e-03	1.778279410038923e-03
214169	1.544981609848839e-03	1.548816618912481e-03
216607	1.399823966532598e-03	1.412537544622754e-03
218881	1.308825153944149e-03	1.318256738556408e-03
222352	1.255742900242884e-03	1.258925411794167e-03
229597	1.226279375183492e-03	1.230268770812381e-03
261248	1.201638066816724e-03	1.202264434617413e-03
270340	1.164605473200075e-03	1.174897554939529e-03
1732091	1.146541919423760e-03	1.148153621496883e-03
2000000	1.144130798074294e-03	1.148153621496883e-03
%
% index = 3713, name = bbob_f008_i19_d20__bbob_f008_i21_d20
% instance = 9, reference value = 9.925321959464410e-01
% function evaluation | indicator value | target hit
1	1.165691592523944e+01	1.174897554939530e+01
58	1.140602593091475e+01	1.148153621496883e+01
59	1.115990580591342e+01	1.122018454301964e+01
60	1.068172426087551e+01	1.071519305237607e+01
101	9.605466708132418e+00	9.772372209558107e+00
142	8.257618817873979e+00	8.317637711026711e+00
183	7.093107476887069e+00	7.244359600749901e+00
224	6.090573094812705e+00	6.165950018614822e+00
265	5.228579935815441e+00	5.248074602497725e+00
306	4.486174834563441e+00	4.570881896148751e+00
347	3.847293036413441e+00	3.890451449942806e+00
388	3.297734074665441e+00	3.311311214825911e+00
429	2.825063639874441e+00	2.884031503126606e+00
470	2.418508617452941e+00	2.454708915685031e+00
511	2.068814792736441e+00	2.089296130854040e+00
552	1.768080705905941e+00	1.778279410038923e+00
593	1.509582541424941e+00	1.513561248436208e+00
634	1.287603060248441e+00	1.288249551693134e+00
675	1.097273957415441e+00	1.122018454301963e+00
716	9.418695691422436e-01	9.549925860214360e-01
757	8.165588253291799e-01	8.317637711026710e-01
798	7.055557542811199e-01	7.079457843841379e-01
839	6.085182757060923e-01	6.165950018614822e-01
880	5.247073955514856e-01	5.248074602497725e-01
921	4.531465143778655e-01	4.570881896148750e-01
962	3.927381285394475e-01	3.981071705534972e-01
1003	3.423525482000842e-01	3.467368504525316e-01
1044	3.008909310178303e-01	3.019951720402016e-01
1085	2.672994725352504e-01	2.691534803926916e-01
1126	2.404917631390181e-01	2.454708915685030e-01
1167	2.192137973307545e-01	2.238721138568339e-01
1208	2.021116681118179e-01	2.041737944669530e-01
1249	1.880680213940669e-01	1.905460717963247e-01
1290	1.762988659746721e-01	1.778279410038923e-01
1331	1.662792971812181e-01	1.698243652461744e-01
1372	1.577024420763676e-01	1.584893192461113e-01
1413	1.503893616917793e-01	1.513561248436208e-01
1454	1.442298146426300e-01	1.445439770745928e-01
1495	1.390806636884099e-01	1.412537544622754e-01
1536	1.348071931895488e-01	1.348962882591654e-01
1577	1.316565954490686e-01	1.318256738556407e-01
1659	1.228762518350935e-01	1.230268770812381e-01
1864	1.161555857049839e-01	1.174897554939529e-01
1905	1.133865098086676e-01	1.148153621496883e-01
5251	1.114699384646676e-01	1.122018454301964e-01
6372	1.066094076603784e-01	1.071519305237607e-01
7120	1.004286882784339e-01	1.023292992280754e-01
7952	8.904329890829121e-02	8.912509381337455e-02
9073	6.982542235988931e-02	7.079457843841380e-02
10401	5.347794403947226e-02	5.370317963702527e-02
11606	4.111722821276609e-02	4.168693834703355e-02
13303	3.205014892784586e-02	3.235936569296283e-02
14549	2.564883779022242e-02	2.570395782768863e-02
15919	2.123518951417169e-02	2.137962089502233e-02
17289	1.818372844969307e-02	1.819700858609984e-02
18495	1.601985680928308e-02	1.621810097358930e-02
19905	1.443236070909770e-02	1.445439770745927e-02
21068	1.323394176613824e-02	1.348962882591653e-02
22560	1.231712997972267e-02	1.258925411794167e-02
24340	1.162855296801590e-02	1.174897554939530e-02
27745	1.115921461810432e-02	1.122018454301964e-02
113339	1.077316171837173e-02	1.096478196143185e-02
114834	1.045165519581248e-02	1.047128548050900e-02
128932	1.023271441109475e-02	1.023292992280754e-02
130429	9.900011051595548e-03	1.000000000000000e-02
487230	9.118268766463822e-03	9.120108393559097e-03
488431	7.443957876059670e-03	7.585775750291836e-03
489798	4.926388490775979e-03	5.011872336272725e-03
491208	3.153853516778216e-03	3.162277660168379e-03
493151	2.110264395229988e-03	2.137962089502233e-03
495511	1.553147084649265e-03	1.584893192461114e-03
499828	1.310606938995207e-03	1.318256738556408e-03
507183	1.256694463104280e-03	1.258925411794167e-03
591679	1.213036515918642e-03	1.230268770812381e-03
596293	1.194163492479250e-03	1.202264434617413e-03
607337	1.166705043072258e-03	1.174897554939529e-03
616656	1.141708081915604e-03	1.148153621496883e-03
644067	1.118789047891422e-03	1.122018454301963e-03
1382284	1.090451274158855e-03	1.096478196143185e-03
1391273	1.071027935568236e-03	1.071519305237606e-03
1516370	1.046326293105304e-03	1.047128548050900e-03
2000000	1.036782136223491e-03	1.047128548050900e-03
%
% index = 3714, name = bbob_f008_i21_d20__bbob_f008_i22_d20
% instance = 10, reference value = 9.936364320011351e-01
% function evaluation | indicator value | target hit
1	6.622932333052604e+00	6.760829753919817e+00
56	6.593397978718134e+00	6.606934480075959e+00
59	6.389876744655409e+00	6.456542290346556e+00
60	6.164072361314517e+00	6.165950018614822e+00
101	5.647922168172417e+00	5.754399373371569e+00
142	4.982193636113937e+00	5.011872336272722e+00
183	4.385633839914227e+00	4.466835921509632e+00
224	3.851862006658294e+00	3.890451449942806e+00
265	3.375186016018372e+00	3.388441561392026e+00
306	2.950645904579952e+00	2.951209226666386e+00
347	2.574124269715798e+00	2.630267991895382e+00
388	2.242606859849190e+00	2.290867652767773e+00
429	1.954799246158233e+00	1.995262314968880e+00
470	1.711249786653635e+00	1.737800828749375e+00
511	1.497971564824635e+00	1.513561248436208e+00
552	1.307984029838135e+00	1.318256738556407e+00
593	1.139030478610135e+00	1.148153621496883e+00
634	9.915585975632184e-01	1.000000000000000e+00
675	9.209678578261817e-01	9.332543007969910e-01
716	8.421498528257408e-01	8.511380382023764e-01
757	7.599788799069100e-01	7.762471166286917e-01
798	6.780309250292873e-01	6.918309709189365e-01
839	5.988734778236200e-01	6.025595860743578e-01
880	5.242949403522384e-01	5.248074602497725e-01
921	4.554843805532631e-01	4.570881896148750e-01
962	3.931698270005619e-01	3.981071705534972e-01
1003	3.377218784277752e-01	3.388441561392025e-01
1044	2.892292893761035e-01	2.951209226666385e-01
1085	2.475546306144721e-01	2.511886431509580e-01
1126	2.123804328168054e-01	2.137962089502232e-01
1167	1.832560891754381e-01	1.862087136662867e-01
1208	1.596457436829651e-01	1.621810097358930e-01
1249	1.409536869764053e-01	1.412537544622754e-01
1290	1.264898894172704e-01	1.288249551693134e-01
1331	1.153991922938902e-01	1.174897554939529e-01
1372	1.067074613048890e-01	1.071519305237607e-01
1413	9.953102172359318e-02	1.000000000000000e-01
1454	9.334613867164099e-02	9.549925860214359e-02
1495	8.830410494153362e-02	8.912509381337455e-02
1536	8.518715638484320e-02	8.709635899560805e-02
1577	8.384633177027245e-02	8.511380382023763e-02
1618	8.266757104467337e-02	8.317637711026708e-02
1741	8.093829973841171e-02	8.128305161640990e-02
1946	7.852788375102315e-02	7.943282347242814e-02
2192	7.761412281802715e-02	7.762471166286916e-02
2479	7.502531486524555e-02	7.585775750291836e-02
2766	7.382267429511591e-02	7.413102413009177e-02
3299	7.197553264144319e-02	7.244359600749903e-02
3750	7.077171434568730e-02	7.079457843841380e-02
5144	6.864457779605870e-02	6.918309709189366e-02
110632	6.684059300682943e-02	6.760829753919818e-02
134960	5.949861884950680e-02	6.025595860743578e-02
158880	5.273322467646679e-02	5.370317963702527e-02
184414	4.748048763093204e-02	4.786300923226382e-02
202924	4.392798717698254e-02	4.466835921509630e-02
244662	4.197404312743580e-02	4.265795188015926e-02
286744	4.148130022250973e-02	4.168693834703355e-02
2000000	4.081221199788143e-02	4.168693834703355e-02
