%
% index = 2880, name = bbob_f008_i02_d10__bbob_f008_i04_d10
% instance = 1, reference value = 9.940724398328330e-01
% function evaluation | indicator value | target hit
1	9.437726287024837e+00	9.549925860214358e+00
37	9.301906715970626e+00	9.332543007969910e+00
39	8.904220952267240e+00	8.912509381337454e+00
40	8.396258083405030e+00	8.511380382023766e+00
61	7.720536322162735e+00	7.762471166286917e+00
82	6.671716711606280e+00	6.760829753919817e+00
103	5.743745768405689e+00	5.754399373371569e+00
124	4.924004735144732e+00	5.011872336272722e+00
145	4.201143118716016e+00	4.265795188015927e+00
166	3.564951292951510e+00	3.630780547701014e+00
187	3.006242497117737e+00	3.019951720402016e+00
208	2.516752371689618e+00	2.570395782768863e+00
229	2.089071491270383e+00	2.089296130854040e+00
250	1.716666821708092e+00	1.737800828749375e+00
271	1.394344777195183e+00	1.412537544622754e+00
292	1.124929257534829e+00	1.148153621496883e+00
313	9.890313152382941e-01	1.000000000000000e+00
334	9.416230961420465e-01	9.549925860214360e-01
355	8.652585373526480e-01	8.709635899560807e-01
376	7.734699460873939e-01	7.762471166286917e-01
397	6.757734727905864e-01	6.760829753919817e-01
418	5.786716377599322e-01	5.888436553555889e-01
439	4.864439795778639e-01	4.897788193684462e-01
460	4.017684301599803e-01	4.073802778041127e-01
481	3.262079944401658e-01	3.311311214825911e-01
502	2.605890250086665e-01	2.630267991895382e-01
523	2.052886270358659e-01	2.089296130854039e-01
544	1.604399169176695e-01	1.621810097358930e-01
565	1.260567365760096e-01	1.288249551693134e-01
586	1.020758549540970e-01	1.023292992280754e-01
607	8.826330162193674e-02	8.912509381337455e-02
628	8.367189168002631e-02	8.511380382023763e-02
649	8.221099368714813e-02	8.317637711026708e-02
691	8.033009783673617e-02	8.128305161640990e-02
712	7.842810357645835e-02	7.943282347242814e-02
796	7.737167165543690e-02	7.762471166286916e-02
817	6.824662965604333e-02	6.918309709189366e-02
838	6.686724017792167e-02	6.760829753919818e-02
943	6.199314896658414e-02	6.309573444801933e-02
964	6.150908097882235e-02	6.165950018614822e-02
1069	5.530211834723453e-02	5.623413251903491e-02
1195	5.448420572506452e-02	5.495408738576246e-02
1510	5.370257906420306e-02	5.370317963702527e-02
3813	5.237300687377466e-02	5.248074602497726e-02
4202	5.114121307022390e-02	5.128613839913648e-02
4696	4.876549394081964e-02	4.897788193684462e-02
5359	4.435848046725510e-02	4.466835921509630e-02
6087	3.683664072497761e-02	3.715352290971726e-02
6689	2.816276069903501e-02	2.818382931264454e-02
7251	2.231375936656277e-02	2.238721138568340e-02
7792	1.870005844322553e-02	1.905460717963247e-02
8270	1.699129845175873e-02	1.737800828749375e-02
8306	1.697924070089663e-02	1.698243652461744e-02
9076	1.659499973129674e-02	1.659586907437561e-02
12842	1.612458750450829e-02	1.621810097358930e-02
13737	1.575111808970164e-02	1.584893192461113e-02
177987	1.506099824149676e-02	1.513561248436208e-02
179161	9.639664839508844e-03	9.772372209558112e-03
181261	6.350193396287840e-03	6.456542290346556e-03
183901	4.584501120465934e-03	4.677351412871981e-03
185963	3.883759115022367e-03	3.890451449942805e-03
194202	3.609154248278457e-03	3.630780547701014e-03
200750	3.465462550144571e-03	3.467368504525317e-03
206242	3.362766701855313e-03	3.388441561392024e-03
209702	3.276119200920413e-03	3.311311214825911e-03
213355	3.195994791798995e-03	3.235936569296281e-03
216917	3.116226601295735e-03	3.162277660168379e-03
219163	3.030173499733002e-03	3.090295432513592e-03
222911	2.915130802092381e-03	2.951209226666387e-03
516114	2.793038732414876e-03	2.818382931264455e-03
517295	2.508098215224464e-03	2.511886431509579e-03
518116	2.031814351489580e-03	2.041737944669530e-03
518873	1.514210459693466e-03	1.548816618912481e-03
518906	1.513227369464576e-03	1.513561248436209e-03
519419	1.112430834695366e-03	1.122018454301963e-03
520131	1.000647247756947e-03	1.023292992280754e-03
520163	9.996065184932901e-04	1.000000000000000e-03
520169	9.745842309200059e-04	9.772372209558111e-04
524464	9.475562542961002e-04	9.549925860214359e-04
527001	9.324991133867755e-04	9.332543007969915e-04
532898	9.118651641543130e-04	9.120108393559096e-04
1000000	8.952668683788190e-04	9.120108393559096e-04
%
% index = 2881, name = bbob_f008_i03_d10__bbob_f008_i05_d10
% instance = 2, reference value = 9.922308318147330e-01
% function evaluation | indicator value | target hit
1	8.107737793991214e-01	8.128305161640993e-01
39	7.826109824332800e-01	7.943282347242815e-01
40	7.538881320147124e-01	7.585775750291838e-01
61	7.127672289897282e-01	7.244359600749900e-01
82	6.424377719490910e-01	6.456542290346555e-01
103	5.737786913912646e-01	5.754399373371569e-01
124	5.083745234928774e-01	5.128613839913648e-01
145	4.473422032696361e-01	4.570881896148750e-01
166	3.914163779345613e-01	3.981071705534972e-01
187	3.410191407428409e-01	3.467368504525316e-01
208	2.963169731974800e-01	3.019951720402016e-01
229	2.572677927665821e-01	2.630267991895382e-01
250	2.236615238827023e-01	2.238721138568339e-01
271	1.951583264569904e-01	1.995262314968880e-01
292	1.713286863267651e-01	1.737800828749375e-01
313	1.516974061689840e-01	1.548816618912481e-01
334	1.357881483565730e-01	1.380384264602885e-01
355	1.231586878350284e-01	1.258925411794167e-01
376	1.134135382085490e-01	1.148153621496883e-01
397	1.061787532448297e-01	1.071519305237607e-01
418	1.010196234562755e-01	1.023292992280754e-01
439	9.733280091048024e-02	9.772372209558107e-02
460	9.448837527678455e-02	9.549925860214359e-02
481	9.213631378470788e-02	9.332543007969910e-02
502	9.015602100374664e-02	9.120108393559097e-02
523	8.862608091136748e-02	8.912509381337455e-02
586	8.688116143901392e-02	8.709635899560805e-02
2761	8.458527519438175e-02	8.511380382023763e-02
3104	8.311421079632975e-02	8.317637711026708e-02
3491	8.023808621437123e-02	8.128305161640990e-02
4091	7.475003248963308e-02	7.585775750291836e-02
4861	6.694018131289126e-02	6.760829753919818e-02
5442	5.986945657498399e-02	6.025595860743578e-02
6150	5.354076353427939e-02	5.370317963702527e-02
6690	4.799854609568066e-02	4.897788193684462e-02
7250	4.326017536179561e-02	4.365158322401658e-02
7831	3.931614346807777e-02	3.981071705534973e-02
8538	3.613066403725074e-02	3.630780547701014e-02
9287	3.364413346481321e-02	3.388441561392026e-02
10226	3.177580236277788e-02	3.235936569296283e-02
11145	3.042953707564533e-02	3.090295432513590e-02
12401	2.950276835543042e-02	2.951209226666385e-02
16121	2.852091409121227e-02	2.884031503126606e-02
25877	2.817006696348889e-02	2.818382931264454e-02
290616	2.678559470159159e-02	2.691534803926915e-02
290982	2.511939435596311e-02	2.570395782768863e-02
291413	2.208360999280912e-02	2.238721138568340e-02
292077	1.810000413445967e-02	1.819700858609984e-02
292850	1.486891641369259e-02	1.513561248436208e-02
293413	1.226883510831600e-02	1.230268770812382e-02
294291	1.016581552062967e-02	1.023292992280754e-02
295084	8.452032407319954e-03	8.511380382023767e-03
295877	7.043294412545142e-03	7.079457843841380e-03
296438	5.874607125135989e-03	5.888436553555890e-03
297104	4.896180773081737e-03	4.897788193684461e-03
297643	4.070135475797709e-03	4.073802778041126e-03
298182	3.367816566641757e-03	3.388441561392024e-03
298574	2.767765384975140e-03	2.818382931264455e-03
299113	2.254198810906605e-03	2.290867652767772e-03
299737	1.816168467845380e-03	1.819700858609983e-03
300319	1.447188271387789e-03	1.479108388168207e-03
300943	1.145520846067560e-03	1.148153621496883e-03
301779	9.155249910255403e-04	9.332543007969915e-04
302806	7.693239405781593e-04	7.762471166286919e-04
304260	7.144164007443221e-04	7.244359600749898e-04
306584	7.042677444492051e-04	7.079457843841380e-04
318055	6.915965795308843e-04	6.918309709189362e-04
376963	6.741923215460854e-04	6.760829753919819e-04
378998	6.577705849188931e-04	6.606934480075957e-04
380592	6.447402604506935e-04	6.456542290346556e-04
383990	6.303796497625358e-04	6.309573444801930e-04
385836	6.147439599448745e-04	6.165950018614823e-04
388081	6.012212246878645e-04	6.025595860743575e-04
389822	5.833977867751861e-04	5.888436553555889e-04
390032	5.716850386607852e-04	5.754399373371566e-04
392151	5.619007813930654e-04	5.623413251903491e-04
393076	5.381387225562584e-04	5.495408738576248e-04
393549	5.151309039848062e-04	5.248074602497728e-04
394001	4.927047835411313e-04	5.011872336272725e-04
394537	4.710156524923015e-04	4.786300923226385e-04
394885	4.529151310406210e-04	4.570881896148752e-04
395379	4.391880263928671e-04	4.466835921509630e-04
396360	4.255359440711315e-04	4.265795188015926e-04
396833	4.128574343607028e-04	4.168693834703355e-04
397434	4.018562832660555e-04	4.073802778041126e-04
398463	3.927232730441821e-04	3.981071705534974e-04
399106	3.887605405479277e-04	3.890451449942805e-04
400927	3.782147753205178e-04	3.801893963205612e-04
402366	3.713134783961403e-04	3.715352290971724e-04
403607	3.590792390653075e-04	3.630780547701014e-04
404081	3.533582404917635e-04	3.548133892335753e-04
404813	3.421512431966978e-04	3.467368504525317e-04
405159	3.366168762422017e-04	3.388441561392024e-04
405588	3.310477713457383e-04	3.311311214825911e-04
406574	3.202950246806724e-04	3.235936569296281e-04
407024	3.150521154876573e-04	3.162277660168379e-04
408274	3.038216196814547e-04	3.090295432513592e-04
409171	2.989744364676472e-04	3.019951720402016e-04
409666	2.945645432054222e-04	2.951209226666387e-04
410482	2.859281542744174e-04	2.884031503126605e-04
411365	2.784914185076648e-04	2.818382931264455e-04
412007	2.749156216922399e-04	2.754228703338166e-04
413191	2.675342819521420e-04	2.691534803926917e-04
413881	2.608665412791034e-04	2.630267991895381e-04
415489	2.539559986547424e-04	2.570395782768865e-04
415984	2.508411333255189e-04	2.511886431509580e-04
417015	2.444777943885201e-04	2.454708915685031e-04
418091	2.382289959206307e-04	2.398832919019490e-04
419485	2.317508370834886e-04	2.344228815319923e-04
421066	2.290116829701816e-04	2.290867652767772e-04
422973	2.237091810584069e-04	2.238721138568340e-04
425036	2.180149065857950e-04	2.187761623949552e-04
427600	2.137060257677570e-04	2.137962089502232e-04
429723	2.078365840432195e-04	2.089296130854039e-04
431789	2.028542896092000e-04	2.041737944669530e-04
432800	1.994712910728946e-04	1.995262314968879e-04
438281	1.937715185172939e-04	1.949844599758046e-04
439313	1.896025384178213e-04	1.905460717963246e-04
440366	1.855046057255283e-04	1.862087136662868e-04
441290	1.814411758404022e-04	1.819700858609983e-04
442385	1.774690132033685e-04	1.778279410038923e-04
443416	1.735592881226822e-04	1.737800828749376e-04
445077	1.697134004308154e-04	1.698243652461744e-04
447177	1.657845069025221e-04	1.659586907437562e-04
449357	1.613909395480340e-04	1.621810097358930e-04
450514	1.582340775374558e-04	1.584893192461114e-04
453429	1.543625609208288e-04	1.548816618912481e-04
455125	1.509289954154669e-04	1.513561248436209e-04
456265	1.477843190695882e-04	1.479108388168207e-04
457598	1.445038818468358e-04	1.445439770745928e-04
460970	1.404894357742714e-04	1.412537544622754e-04
462929	1.376911838188999e-04	1.380384264602885e-04
464603	1.345716863323521e-04	1.348962882591653e-04
466278	1.315645274128086e-04	1.318256738556407e-04
468453	1.286792759891409e-04	1.288249551693134e-04
472263	1.254190992845405e-04	1.258925411794167e-04
474907	1.226559628022539e-04	1.230268770812381e-04
478259	1.200322435478407e-04	1.202264434617413e-04
481402	1.171597937187352e-04	1.174897554939529e-04
484006	1.147111885625440e-04	1.148153621496883e-04
487403	1.121838046237444e-04	1.122018454301963e-04
490563	1.094897939484252e-04	1.096478196143185e-04
492666	1.070350510211648e-04	1.071519305237606e-04
494387	1.046292827925344e-04	1.047128548050900e-04
496381	1.022710575928620e-04	1.023292992280754e-04
499119	9.993344158720774e-05	1.000000000000000e-04
501114	9.767466028220984e-05	9.772372209558111e-05
507419	9.541501836163313e-05	9.549925860214369e-05
510465	9.331317227112557e-05	9.332543007969905e-05
515283	9.105383037444348e-05	9.120108393559096e-05
517783	8.892768153456743e-05	8.912509381337459e-05
520969	8.700364971125918e-05	8.709635899560814e-05
523687	8.497010788177661e-05	8.511380382023759e-05
526648	8.311307764319320e-05	8.317637711026709e-05
534939	8.125748801968147e-05	8.128305161640995e-05
538299	7.929009352070082e-05	7.943282347242822e-05
541523	7.748237215288167e-05	7.762471166286911e-05
545381	7.578054647372490e-05	7.585775750291836e-05
549617	7.411724321459978e-05	7.413102413009176e-05
555461	7.231344191704903e-05	7.244359600749906e-05
560002	7.076347868339994e-05	7.079457843841373e-05
563288	6.911648171770146e-05	6.918309709189363e-05
568254	6.760447542508707e-05	6.760829753919819e-05
573515	6.598761342213599e-05	6.606934480075965e-05
578707	6.454925533128097e-05	6.456542290346549e-05
582702	6.304679346280651e-05	6.309573444801929e-05
588564	6.165893254128640e-05	6.165950018614822e-05
591549	6.021876524975323e-05	6.025595860743581e-05
594211	5.888188876579381e-05	5.888436553555884e-05
597905	5.750660795311724e-05	5.754399373371566e-05
600594	5.620196973143976e-05	5.623413251903491e-05
605830	5.492826609998502e-05	5.495408738576248e-05
611888	5.369065212279533e-05	5.370317963702532e-05
617637	5.247649642903252e-05	5.248074602497723e-05
625677	5.125743960954221e-05	5.128613839913648e-05
630329	5.011421128331417e-05	5.011872336272725e-05
634703	4.895323151654640e-05	4.897788193684466e-05
639326	4.786222462715983e-05	4.786300923226380e-05
644239	4.676871200026689e-05	4.677351412871981e-05
650170	4.567203226191197e-05	4.570881896148752e-05
663791	4.465073982973244e-05	4.466835921509635e-05
669374	4.364726530070584e-05	4.365158322401657e-05
672944	4.263880766686157e-05	4.265795188015926e-05
681204	4.167364531415529e-05	4.168693834703355e-05
687189	4.072939769694806e-05	4.073802778041130e-05
694057	3.979743288218263e-05	3.981071705534969e-05
696879	3.889553781899480e-05	3.890451449942805e-05
700168	3.801563283012399e-05	3.801893963205612e-05
706383	3.714172575652874e-05	3.715352290971728e-05
710389	3.630133172727312e-05	3.630780547701010e-05
719013	3.547604296172402e-05	3.548133892335753e-05
724262	3.466882360925183e-05	3.467368504525317e-05
739002	3.388399258974495e-05	3.388441561392028e-05
742732	3.310679434342934e-05	3.311311214825908e-05
750090	3.235533246592759e-05	3.235936569296281e-05
757009	3.161890853931038e-05	3.162277660168380e-05
772959	3.089352466079109e-05	3.090295432513592e-05
785705	3.019782021240758e-05	3.019951720402019e-05
791382	2.950919311572875e-05	2.951209226666384e-05
799237	2.883675894105320e-05	2.884031503126606e-05
805851	2.818266829585081e-05	2.818382931264455e-05
811382	2.754132346849403e-05	2.754228703338169e-05
815073	2.691455345094074e-05	2.691534803926914e-05
821036	2.629971674028564e-05	2.630267991895381e-05
829782	2.570350208463967e-05	2.570395782768864e-05
926371	2.511886366896032e-05	2.511886431509582e-05
1000000	2.504280129167480e-05	2.511886431509582e-05
%
% index = 2882, name = bbob_f008_i07_d10__bbob_f008_i08_d10
% instance = 3, reference value = 9.940827759163240e-01
% function evaluation | indicator value | target hit
1	1.975942501373332e+01	1.995262314968880e+01
38	1.937087563027449e+01	1.949844599758045e+01
39	1.898828070082990e+01	1.905460717963247e+01
40	1.824070389777890e+01	1.862087136662868e+01
61	1.722434912893997e+01	1.737800828749375e+01
82	1.559165056460029e+01	1.584893192461113e+01
103	1.408303215263016e+01	1.412537544622754e+01
124	1.269157173779067e+01	1.288249551693134e+01
145	1.141057650942277e+01	1.148153621496883e+01
166	1.023358222416365e+01	1.047128548050900e+01
187	9.154353179728732e+00	9.332543007969910e+00
208	8.166883245263458e+00	8.317637711026711e+00
229	7.265398322530985e+00	7.413102413009175e+00
250	6.444360799540242e+00	6.456542290346556e+00
271	5.698477139485209e+00	5.754399373371569e+00
292	5.022710367053153e+00	5.128613839913648e+00
313	4.412300724174500e+00	4.466835921509632e+00
334	3.862800787039344e+00	3.890451449942806e+00
355	3.370137473521453e+00	3.388441561392026e+00
376	2.930727192060719e+00	2.951209226666386e+00
397	2.541702669451684e+00	2.570395782768863e+00
418	2.201390536608884e+00	2.238721138568339e+00
439	1.910220699684824e+00	1.949844599758045e+00
460	1.657899982017824e+00	1.659586907437561e+00
481	1.434637991656324e+00	1.445439770745927e+00
502	1.237704329001824e+00	1.258925411794167e+00
523	1.064544185144324e+00	1.071519305237606e+00
544	9.507368073699460e-01	9.549925860214360e-01
565	8.652173800038098e-01	8.709635899560807e-01
586	7.757151979747801e-01	7.762471166286917e-01
607	6.866651644550187e-01	6.918309709189365e-01
628	6.011311424024863e-01	6.025595860743578e-01
649	5.211269800594334e-01	5.248074602497725e-01
670	4.478746276184360e-01	4.570881896148750e-01
691	3.820092028090718e-01	3.890451449942806e-01
712	3.237398822589195e-01	3.311311214825911e-01
733	2.729749704231202e-01	2.754228703338166e-01
754	2.294192718836688e-01	2.344228815319922e-01
775	1.926514689446674e-01	1.949844599758045e-01
796	1.621875457441675e-01	1.659586907437560e-01
817	1.375326383924836e-01	1.380384264602885e-01
838	1.182189383549175e-01	1.202264434617413e-01
859	1.038232177664469e-01	1.047128548050900e-01
880	9.394718587207718e-02	9.549925860214359e-02
901	8.807581426518896e-02	8.912509381337455e-02
922	8.493244350218376e-02	8.511380382023763e-02
943	8.272292170692108e-02	8.317637711026708e-02
964	8.122673537245784e-02	8.128305161640990e-02
1090	7.932141785644531e-02	7.943282347242814e-02
1489	7.730616986526817e-02	7.762471166286916e-02
6910	7.501673161762579e-02	7.585775750291836e-02
8286	7.271884291888575e-02	7.413102413009177e-02
9643	6.892159091028627e-02	6.918309709189366e-02
10687	6.483719934639487e-02	6.606934480075961e-02
12458	6.247212830148274e-02	6.309573444801933e-02
13571	6.152884643183987e-02	6.165950018614822e-02
15558	6.007235927294452e-02	6.025595860743578e-02
49469	5.822871539196750e-02	5.888436553555890e-02
50252	5.653514350651168e-02	5.754399373371569e-02
52278	5.326877363538052e-02	5.370317963702527e-02
55230	4.719833909533822e-02	4.786300923226382e-02
56549	3.677922462422911e-02	3.715352290971726e-02
57407	2.464888777341945e-02	2.511886431509579e-02
59191	1.649427044601015e-02	1.659586907437561e-02
62611	1.127515105174393e-02	1.148153621496883e-02
66654	7.901759471207415e-03	7.943282347242814e-03
71105	5.641258968810181e-03	5.754399373371567e-03
75006	4.064003687751394e-03	4.073802778041126e-03
83483	2.920411611622709e-03	2.951209226666387e-03
95721	2.063555088290370e-03	2.089296130854039e-03
133078	2.016232968527931e-03	2.041737944669530e-03
145228	1.915312498753874e-03	1.949844599758046e-03
155298	1.776245704859125e-03	1.778279410038923e-03
164566	1.614261939565598e-03	1.621810097358930e-03
175171	1.529336507229306e-03	1.548816618912481e-03
179536	1.479958893495725e-03	1.513561248436209e-03
186723	1.446314713300700e-03	1.479108388168207e-03
186780	1.445302050115171e-03	1.445439770745928e-03
192531	1.401379382936940e-03	1.412537544622754e-03
195302	1.380377620795015e-03	1.380384264602885e-03
198507	1.312246410908546e-03	1.318256738556408e-03
199304	1.251312833366991e-03	1.258925411794167e-03
200057	1.164659651726963e-03	1.174897554939529e-03
200599	1.054766400221396e-03	1.071519305237606e-03
201015	9.431229501550842e-04	9.549925860214359e-04
201410	8.631701843666573e-04	8.709635899560805e-04
201806	8.398190729300703e-04	8.511380382023768e-04
201844	8.311358603081409e-04	8.317637711026709e-04
727039	8.127545585845386e-04	8.128305161640995e-04
728077	7.837703419059094e-04	7.943282347242813e-04
730536	7.761328637736487e-04	7.762471166286919e-04
745583	7.585577883205685e-04	7.585775750291835e-04
1000000	7.473399309542161e-04	7.585775750291835e-04
%
% index = 2883, name = bbob_f008_i09_d10__bbob_f008_i10_d10
% instance = 4, reference value = 9.928032833379280e-01
% function evaluation | indicator value | target hit
1	1.682632997013567e+00	1.698243652461744e+00
38	1.646537652620246e+00	1.659586907437561e+00
39	1.612362744052572e+00	1.621810097358930e+00
40	1.549187152090928e+00	1.584893192461114e+00
61	1.464255593633928e+00	1.479108388168207e+00
82	1.328203246586428e+00	1.348962882591654e+00
103	1.202770854535928e+00	1.230268770812382e+00
124	1.087184914443428e+00	1.096478196143185e+00
145	9.862702322169644e-01	1.000000000000000e+00
166	9.249614308150199e-01	9.332543007969910e-01
187	8.563376012128552e-01	8.709635899560807e-01
208	7.839842302462778e-01	7.943282347242815e-01
229	7.106816610261941e-01	7.244359600749900e-01
250	6.385562131426312e-01	6.456542290346555e-01
271	5.692077725684707e-01	5.754399373371569e-01
292	5.038171588560629e-01	5.128613839913648e-01
313	4.432359426747272e-01	4.466835921509631e-01
334	3.880604615158048e-01	3.890451449942806e-01
355	3.386902369494582e-01	3.388441561392025e-01
376	2.953684837002774e-01	3.019951720402016e-01
397	2.581991139550495e-01	2.630267991895382e-01
418	2.271336514449850e-01	2.290867652767773e-01
439	2.019305328827509e-01	2.041737944669530e-01
460	1.821140633956139e-01	1.862087136662867e-01
481	1.669857973636698e-01	1.698243652461744e-01
502	1.557272942033701e-01	1.584893192461113e-01
523	1.475228598550117e-01	1.479108388168208e-01
544	1.415052603142837e-01	1.445439770745928e-01
565	1.368483328095305e-01	1.380384264602885e-01
586	1.331413557754162e-01	1.348962882591654e-01
607	1.302557116251023e-01	1.318256738556407e-01
628	1.282497980606924e-01	1.288249551693134e-01
691	1.245487923332083e-01	1.258925411794167e-01
754	1.228387661143491e-01	1.230268770812381e-01
817	1.186802882470384e-01	1.202264434617413e-01
922	1.166865857799536e-01	1.174897554939529e-01
3766	1.141580274450777e-01	1.148153621496883e-01
4739	1.100602088223241e-01	1.122018454301964e-01
5427	1.085898092891087e-01	1.096478196143185e-01
7050	1.069099513716578e-01	1.071519305237607e-01
146709	1.031540312968361e-01	1.047128548050900e-01
147074	9.979703464537282e-02	1.000000000000000e-01
147462	9.336805093152722e-02	9.549925860214359e-02
148063	8.159040117265315e-02	8.317637711026708e-02
148602	6.601683126532143e-02	6.606934480075961e-02
149437	5.330476034589793e-02	5.370317963702527e-02
150169	4.302490121621161e-02	4.365158322401658e-02
150837	3.470729995891297e-02	3.548133892335755e-02
151798	2.798909027915741e-02	2.818382931264454e-02
153011	2.257901736374379e-02	2.290867652767773e-02
154124	1.823369820855525e-02	1.862087136662868e-02
155446	1.474811371418039e-02	1.479108388168207e-02
156599	1.195038536325821e-02	1.202264434617413e-02
157331	9.700364784000493e-03	9.772372209558112e-03
158671	7.885757963396745e-03	7.943282347242814e-03
159888	6.417495169719678e-03	6.456542290346556e-03
161380	5.225214283385848e-03	5.248074602497728e-03
163930	4.253289115125236e-03	4.265795188015926e-03
165350	3.458863987169103e-03	3.467368504525317e-03
168804	2.806817813818530e-03	2.818382931264455e-03
170393	2.266868885549944e-03	2.290867652767772e-03
173936	1.813402940841202e-03	1.819700858609983e-03
180168	1.418705667145970e-03	1.445439770745928e-03
194502	1.407003226438941e-03	1.412537544622754e-03
222485	1.312498549259300e-03	1.318256738556408e-03
231046	1.216455529187366e-03	1.230268770812381e-03
243555	1.122470660110841e-03	1.148153621496883e-03
251251	1.072502609409498e-03	1.096478196143185e-03
261475	1.039781945078810e-03	1.047128548050900e-03
266898	1.014109814838293e-03	1.023292992280754e-03
269408	9.921970439114025e-04	1.000000000000000e-03
271213	9.725070963517712e-04	9.772372209558111e-04
272635	9.541570792593879e-04	9.549925860214359e-04
278046	9.189471614149403e-04	9.332543007969915e-04
279821	9.010930132055117e-04	9.120108393559096e-04
280977	8.824419159890740e-04	8.912509381337459e-04
282294	8.623932914078036e-04	8.709635899560805e-04
283873	8.402617358467257e-04	8.511380382023768e-04
284795	8.151828340253742e-04	8.317637711026709e-04
285529	7.862147429003041e-04	7.943282347242813e-04
286241	7.530834898142880e-04	7.585775750291835e-04
286910	7.179198526282571e-04	7.244359600749898e-04
287473	6.886745308131159e-04	6.918309709189362e-04
288068	6.760673396762895e-04	6.760829753919819e-04
891459	6.604217144446922e-04	6.606934480075957e-04
1000000	6.565457317638801e-04	6.606934480075957e-04
%
% index = 2884, name = bbob_f008_i11_d10__bbob_f008_i12_d10
% instance = 5, reference value = 9.937399713458830e-01
% function evaluation | indicator value | target hit
1	5.333799417429377e+00	5.370317963702527e+00
38	5.194812212681805e+00	5.248074602497725e+00
39	5.058591372358173e+00	5.128613839913648e+00
40	4.794297023253931e+00	4.897788193684462e+00
61	4.439167418944946e+00	4.466835921509632e+00
82	3.879201867748123e+00	3.890451449942806e+00
103	3.374069692306858e+00	3.388441561392026e+00
124	2.919426379423842e+00	2.951209226666386e+00
145	2.511209615664462e+00	2.511886431509580e+00
166	2.145651911239415e+00	2.187761623949553e+00
187	1.819330222600870e+00	1.819700858609983e+00
208	1.529371231195578e+00	1.548816618912481e+00
229	1.274679730484477e+00	1.288249551693134e+00
250	1.075831640133383e+00	1.096478196143185e+00
271	9.847146098535298e-01	1.000000000000000e+00
292	9.411092785088011e-01	9.549925860214360e-01
313	8.761250760105266e-01	8.912509381337456e-01
334	7.987671888729655e-01	8.128305161640993e-01
355	7.157800013896457e-01	7.244359600749900e-01
376	6.320980935389553e-01	6.456542290346555e-01
397	5.512226812491555e-01	5.623413251903491e-01
418	4.755343616889738e-01	4.786300923226383e-01
439	4.065509430423522e-01	4.073802778041127e-01
460	3.451370648117574e-01	3.467368504525316e-01
481	2.916702659201729e-01	2.951209226666385e-01
502	2.461661979224510e-01	2.511886431509580e-01
523	2.083639970884781e-01	2.089296130854039e-01
544	1.777723014782574e-01	1.778279410038923e-01
565	1.536805153579210e-01	1.548816618912481e-01
586	1.351551798945476e-01	1.380384264602885e-01
607	1.210660220764979e-01	1.230268770812381e-01
628	1.101982360257140e-01	1.122018454301964e-01
649	1.014740278148878e-01	1.023292992280754e-01
670	9.417992952821141e-02	9.549925860214359e-02
691	8.805252851233303e-02	8.912509381337455e-02
712	8.324195778957033e-02	8.511380382023763e-02
733	8.013089823983666e-02	8.128305161640990e-02
754	7.875134530796579e-02	7.943282347242814e-02
1069	7.756994494152358e-02	7.762471166286916e-02
13660	7.489894589919832e-02	7.585775750291836e-02
15104	7.240320605022288e-02	7.244359600749903e-02
16780	6.791323350135081e-02	6.918309709189366e-02
19051	6.234127463654693e-02	6.309573444801933e-02
21760	5.849788094215502e-02	5.888436553555890e-02
23352	5.629748572605076e-02	5.754399373371569e-02
27056	5.521086396064168e-02	5.623413251903491e-02
36822	5.486043175035438e-02	5.495408738576246e-02
218116	5.359453482721832e-02	5.370317963702527e-02
224289	5.163490540005056e-02	5.248074602497726e-02
228038	4.948896240500822e-02	5.011872336272722e-02
229309	4.547284972894816e-02	4.570881896148749e-02
231299	3.841885386071542e-02	3.890451449942807e-02
233145	2.970359572490366e-02	3.019951720402016e-02
234487	2.304545301040284e-02	2.344228815319923e-02
236435	1.777643571630461e-02	1.778279410038923e-02
239289	1.337631933748817e-02	1.348962882591653e-02
242081	9.498856055292215e-03	9.549925860214359e-03
246595	6.178436564318712e-03	6.309573444801930e-03
248017	6.141393103777593e-03	6.165950018614822e-03
265057	4.966830159202407e-03	5.011872336272725e-03
268219	4.005832416795085e-03	4.073802778041126e-03
269826	3.409022925033867e-03	3.467368504525317e-03
271618	2.969263420535606e-03	3.019951720402016e-03
273148	2.607661936822048e-03	2.630267991895381e-03
274275	2.293468766224604e-03	2.344228815319923e-03
275426	2.010860552275839e-03	2.041737944669530e-03
276475	1.750634562067699e-03	1.778279410038923e-03
277586	1.507693200761939e-03	1.513561248436209e-03
278489	1.280651039603731e-03	1.288249551693134e-03
279203	1.073428622675565e-03	1.096478196143185e-03
279978	8.985388687872131e-04	9.120108393559096e-04
280880	7.786304485524198e-04	7.943282347242813e-04
281719	7.342289663044843e-04	7.413102413009177e-04
283633	7.240802538022173e-04	7.244359600749898e-04
425542	7.060770482198997e-04	7.079457843841380e-04
450479	6.877419595229251e-04	6.918309709189362e-04
643072	6.729474965684323e-04	6.760829753919819e-04
662220	6.576254827583838e-04	6.606934480075957e-04
810259	6.455103719917865e-04	6.456542290346556e-04
817606	6.299504298814540e-04	6.309573444801930e-04
817816	6.140041291696763e-04	6.165950018614823e-04
821594	6.007464756486725e-04	6.025595860743575e-04
827022	5.768424262669880e-04	5.888436553555889e-04
827043	5.740270736535047e-04	5.754399373371566e-04
839007	5.594823607655286e-04	5.623413251903491e-04
839133	5.486900729665400e-04	5.495408738576248e-04
839763	5.366354249261018e-04	5.370317963702527e-04
840015	5.194224577955708e-04	5.248074602497728e-04
843646	5.124753287455430e-04	5.128613839913648e-04
846962	5.006889398401215e-04	5.011872336272725e-04
849522	4.893491533866090e-04	4.897788193684461e-04
852830	4.372500481409913e-04	4.466835921509630e-04
855114	4.151385141309971e-04	4.168693834703355e-04
857438	3.869507024516494e-04	3.890451449942805e-04
861485	3.664826913174490e-04	3.715352290971724e-04
863309	3.615204615201595e-04	3.630780547701014e-04
865566	3.414166627719872e-04	3.467368504525317e-04
868686	3.384712802486645e-04	3.388441561392024e-04
869981	3.223528564844091e-04	3.235936569296281e-04
871321	3.121585476554278e-04	3.162277660168379e-04
872218	3.026566251758123e-04	3.090295432513592e-04
873224	2.994440747100535e-04	3.019951720402016e-04
874266	2.914847247713626e-04	2.951209226666387e-04
876191	2.846407009950980e-04	2.884031503126605e-04
879295	2.815816752730349e-04	2.818382931264455e-04
883382	2.704405909501606e-04	2.754228703338166e-04
885214	2.690800461290221e-04	2.691534803926917e-04
888073	2.628769468522307e-04	2.630267991895381e-04
892539	2.550053612515590e-04	2.570395782768865e-04
893163	2.501996010464413e-04	2.511886431509580e-04
897147	2.442821052526245e-04	2.454708915685031e-04
898529	2.396656929025687e-04	2.398832919019490e-04
903184	2.323594736034496e-04	2.344228815319923e-04
907165	2.284232826840205e-04	2.290867652767772e-04
910450	2.204926307123323e-04	2.238721138568340e-04
911374	2.167600538542924e-04	2.187761623949552e-04
914056	2.129594498585519e-04	2.137962089502232e-04
922721	2.061272300376560e-04	2.089296130854039e-04
929145	2.020826931591335e-04	2.041737944669530e-04
934608	1.978192357018349e-04	1.995262314968879e-04
942061	1.927663006927594e-04	1.949844599758046e-04
943418	1.903412596865328e-04	1.905460717963246e-04
944753	1.855314243358608e-04	1.862087136662868e-04
948651	1.803165519967953e-04	1.819700858609983e-04
955044	1.771532496642747e-04	1.778279410038923e-04
958167	1.731176504884413e-04	1.737800828749376e-04
961458	1.692670174398003e-04	1.698243652461744e-04
964132	1.658118483786053e-04	1.659586907437562e-04
967432	1.608431715488523e-04	1.621810097358930e-04
970337	1.578280970985224e-04	1.584893192461114e-04
974918	1.541868896892673e-04	1.548816618912481e-04
985756	1.500675099014304e-04	1.513561248436209e-04
990953	1.474493033438717e-04	1.479108388168207e-04
997013	1.434392612120750e-04	1.445439770745928e-04
999910	1.411589713914418e-04	1.412537544622754e-04
1000000	1.411589700454075e-04	1.412537544622754e-04
%
% index = 2885, name = bbob_f008_i13_d10__bbob_f008_i14_d10
% instance = 6, reference value = 9.938851652996020e-01
% function evaluation | indicator value | target hit
1	4.402934046062540e+00	4.466835921509632e+00
37	4.343458047486158e+00	4.365158322401660e+00
39	4.169017726735100e+00	4.265795188015927e+00
40	3.945587927395160e+00	3.981071705534972e+00
61	3.646876164092660e+00	3.715352290971725e+00
82	3.181229092756443e+00	3.235936569296283e+00
103	2.769321252867490e+00	2.818382931264454e+00
124	2.409598948694661e+00	2.454708915685031e+00
145	2.096599995247102e+00	2.137962089502232e+00
166	1.817952736078602e+00	1.819700858609983e+00
187	1.570401108754102e+00	1.584893192461114e+00
208	1.351136211195602e+00	1.380384264602885e+00
229	1.157532467723102e+00	1.174897554939530e+00
250	9.897848384904510e-01	1.000000000000000e+00
271	8.887270043130954e-01	8.912509381337456e-01
292	7.848943794958774e-01	7.943282347242815e-01
313	6.830845968925694e-01	6.918309709189365e-01
334	5.866378593372913e-01	5.888436553555889e-01
355	4.977771743408637e-01	5.011872336272722e-01
376	4.178724030245270e-01	4.265795188015927e-01
397	3.476391419022828e-01	3.548133892335755e-01
418	2.872838068875299e-01	2.884031503126606e-01
439	2.366089603700823e-01	2.398832919019490e-01
460	1.950994249052761e-01	1.995262314968880e-01
481	1.620189280403442e-01	1.621810097358930e-01
502	1.365464534855173e-01	1.380384264602885e-01
523	1.179452367792263e-01	1.202264434617413e-01
544	1.056831812938365e-01	1.071519305237607e-01
565	9.931459778135499e-02	1.000000000000000e-01
586	9.758467704992113e-02	9.772372209558107e-02
628	9.488964852426940e-02	9.549925860214359e-02
754	9.251531306182081e-02	9.332543007969910e-02
859	9.042352182650448e-02	9.120108393559097e-02
922	8.888916675818093e-02	8.912509381337455e-02
1069	8.708332442631939e-02	8.709635899560805e-02
1153	8.484010164917932e-02	8.511380382023763e-02
4099	8.316333401468334e-02	8.317637711026708e-02
5470	7.870174365207316e-02	7.943282347242814e-02
6563	7.678765488239558e-02	7.762471166286916e-02
7294	7.510370657299525e-02	7.585775750291836e-02
8196	7.354181664957937e-02	7.413102413009177e-02
10349	7.199539399365118e-02	7.244359600749903e-02
91954	7.062177176618967e-02	7.079457843841380e-02
92725	6.754381308357960e-02	6.760829753919818e-02
93260	6.358372141839508e-02	6.456542290346556e-02
93902	5.617810212796537e-02	5.623413251903491e-02
94608	4.347702972314538e-02	4.365158322401658e-02
95611	2.911418939672994e-02	2.951209226666385e-02
96661	2.034100948686390e-02	2.041737944669529e-02
97630	1.552110512790095e-02	1.584893192461113e-02
98830	1.265919256944581e-02	1.288249551693134e-02
99903	1.069707615297089e-02	1.071519305237606e-02
100976	9.192386345553194e-03	9.332543007969915e-03
101797	7.948842863160777e-03	8.128305161640995e-03
102971	6.867784467769256e-03	6.918309709189363e-03
103982	5.911680011243869e-03	6.025595860743574e-03
107191	5.888334222612590e-03	5.888436553555890e-03
361232	5.650542074478904e-03	5.754399373371567e-03
362125	5.097790641194200e-03	5.128613839913648e-03
363697	4.169623803335409e-03	4.265795188015926e-03
366700	2.921921242587167e-03	2.951209226666387e-03
370723	2.259109884775956e-03	2.290867652767772e-03
384645	2.120463285158358e-03	2.137962089502233e-03
387395	1.951486197449448e-03	1.995262314968879e-03
395389	1.865961470904343e-03	1.905460717963246e-03
401474	1.812284335974801e-03	1.819700858609983e-03
406548	1.771341556528361e-03	1.778279410038923e-03
411135	1.737346009726304e-03	1.737800828749376e-03
780173	1.678500246268588e-03	1.698243652461744e-03
780924	1.593400794900002e-03	1.621810097358930e-03
781426	1.420092427547259e-03	1.445439770745928e-03
781947	1.165773220571542e-03	1.174897554939529e-03
782447	9.355766544011379e-04	9.549925860214359e-04
782483	9.321080187189024e-04	9.332543007969915e-04
782906	7.688102993440582e-04	7.762471166286919e-04
783323	7.229071630928674e-04	7.244359600749898e-04
783361	7.069885966606293e-04	7.079457843841380e-04
785063	6.916731425458122e-04	6.918309709189362e-04
790294	6.757578182449153e-04	6.760829753919819e-04
1000000	6.676803588222535e-04	6.760829753919819e-04
%
% index = 2886, name = bbob_f008_i15_d10__bbob_f008_i16_d10
% instance = 7, reference value = 9.951199027027970e-01
% function evaluation | indicator value | target hit
1	3.575300913042688e+00	3.630780547701014e+00
37	3.532834912124841e+00	3.548133892335755e+00
39	3.408357339601656e+00	3.467368504525317e+00
40	3.249121801277902e+00	3.311311214825911e+00
61	3.038147422733539e+00	3.090295432513591e+00
82	2.712412680189297e+00	2.754228703338166e+00
103	2.420277184609297e+00	2.454708915685031e+00
124	2.156922587409297e+00	2.187761623949553e+00
145	1.919585032549797e+00	1.949844599758045e+00
166	1.705742596637297e+00	1.737800828749375e+00
187	1.513106054254297e+00	1.513561248436208e+00
208	1.339608235197797e+00	1.348962882591654e+00
229	1.183392241124797e+00	1.202264434617413e+00
250	1.042798883148797e+00	1.047128548050900e+00
271	9.324851381616281e-01	9.332543007969910e-01
292	8.350630130246107e-01	8.511380382023764e-01
313	7.411279639040961e-01	7.413102413009175e-01
334	6.523762196454037e-01	6.606934480075960e-01
355	5.699426353293411e-01	5.754399373371569e-01
376	4.945340340123020e-01	5.011872336272722e-01
397	4.265331538419128e-01	4.265795188015927e-01
418	3.660778595871237e-01	3.715352290971726e-01
439	3.131193156141310e-01	3.162277660168379e-01
460	2.674624962944571e-01	2.691534803926916e-01
481	2.287929163543246e-01	2.290867652767773e-01
502	1.966947205459898e-01	1.995262314968880e-01
523	1.706668738039886e-01	1.737800828749375e-01
544	1.501436975354561e-01	1.513561248436208e-01
565	1.345094557014378e-01	1.348962882591654e-01
586	1.230294302845903e-01	1.258925411794167e-01
607	1.146461992422206e-01	1.148153621496883e-01
628	1.083467420633815e-01	1.096478196143185e-01
649	1.037674539416954e-01	1.047128548050900e-01
670	1.006880223059935e-01	1.023292992280754e-01
691	9.896181440487117e-02	1.000000000000000e-01
754	9.277013378546739e-02	9.332543007969910e-02
880	9.082939329615325e-02	9.120108393559097e-02
4871	8.813301689335251e-02	8.912509381337455e-02
5902	8.687494876921420e-02	8.709635899560805e-02
12794	8.501884026932438e-02	8.511380382023763e-02
153831	8.280268503315968e-02	8.317637711026708e-02
154240	8.110125646981359e-02	8.128305161640990e-02
154652	7.777378889031128e-02	7.943282347242814e-02
155106	7.142064156921624e-02	7.244359600749903e-02
155771	5.990399981287264e-02	6.025595860743578e-02
156248	4.505525784007469e-02	4.570881896148749e-02
156831	3.337493175249573e-02	3.388441561392026e-02
157372	2.440349834935385e-02	2.454708915685030e-02
158018	1.772261434575295e-02	1.778279410038923e-02
158898	1.298934433604104e-02	1.318256738556407e-02
159821	9.824617710963213e-03	1.000000000000000e-02
160745	7.761998337270981e-03	7.762471166286920e-03
161794	6.379585640269525e-03	6.456542290346556e-03
162780	5.397611819109249e-03	5.495408738576248e-03
163577	4.656181177227436e-03	4.677351412871981e-03
164458	4.067194139113384e-03	4.073802778041126e-03
165316	3.580723283709397e-03	3.630780547701014e-03
165962	3.166985654678323e-03	3.235936569296281e-03
166607	2.807436869427637e-03	2.818382931264455e-03
167272	2.490167850675684e-03	2.511886431509579e-03
167811	2.207351580026051e-03	2.238721138568340e-03
168456	1.953982612202254e-03	1.995262314968879e-03
169059	1.727023556596485e-03	1.737800828749376e-03
169683	1.524892022887636e-03	1.548816618912481e-03
170265	1.347347082742978e-03	1.348962882591653e-03
171101	1.195478389508509e-03	1.202264434617413e-03
171853	1.071814880576283e-03	1.096478196143185e-03
171910	1.071485138172457e-03	1.071519305237606e-03
172801	9.798385733754689e-04	1.000000000000000e-03
174007	9.340071069617872e-04	9.549925860214359e-04
174999	9.123919548857939e-04	9.332543007969915e-04
175271	9.116822258891100e-04	9.120108393559096e-04
213500	8.644279792713316e-04	8.709635899560805e-04
213542	8.465040214753472e-04	8.511380382023768e-04
213605	8.309676639830510e-04	8.317637711026709e-04
213754	8.126920162606632e-04	8.128305161640995e-04
217019	7.844119607131050e-04	7.943282347242813e-04
217622	7.706112653099728e-04	7.762471166286919e-04
218850	7.532266641328000e-04	7.585775750291835e-04
359900	7.410509702864276e-04	7.413102413009177e-04
360415	7.244266259150978e-04	7.244359600749898e-04
360974	6.594144536407054e-04	6.606934480075957e-04
361472	5.932872406883005e-04	6.025595860743575e-04
362350	5.672963755829485e-04	5.754399373371566e-04
363550	5.618015514972097e-04	5.623413251903491e-04
1000000	5.552234412485868e-04	5.623413251903491e-04
%
% index = 2887, name = bbob_f008_i17_d10__bbob_f008_i18_d10
% instance = 8, reference value = 9.941254244770830e-01
% function evaluation | indicator value | target hit
1	4.071636758290603e+00	4.073802778041127e+00
39	3.922037005855743e+00	3.981071705534972e+00
40	3.776730263803498e+00	3.801893963205611e+00
61	3.578461515989221e+00	3.630780547701014e+00
82	3.258252040457760e+00	3.311311214825911e+00
103	2.960171234038821e+00	3.019951720402016e+00
124	2.683053905848067e+00	2.691534803926916e+00
145	2.425818241650727e+00	2.454708915685031e+00
166	2.187488046335091e+00	2.187761623949553e+00
187	1.967239361203506e+00	1.995262314968880e+00
208	1.764506488381437e+00	1.778279410038923e+00
229	1.579252784942758e+00	1.584893192461114e+00
250	1.412780069237047e+00	1.445439770745927e+00
271	1.270680407838028e+00	1.288249551693134e+00
292	1.155009270908083e+00	1.174897554939530e+00
313	1.048599149148083e+00	1.071519305237606e+00
334	9.830743632523007e-01	1.000000000000000e+00
355	9.501601336014401e-01	9.549925860214360e-01
376	9.080452284410434e-01	9.120108393559098e-01
397	8.594878891185855e-01	8.709635899560807e-01
418	8.067578339755204e-01	8.128305161640993e-01
439	7.517066802205093e-01	7.585775750291838e-01
460	6.958297587223237e-01	7.079457843841379e-01
481	6.403202006425851e-01	6.456542290346555e-01
502	5.861160906133228e-01	5.888436553555889e-01
523	5.339414037695138e-01	5.370317963702527e-01
544	4.843413702009196e-01	4.897788193684462e-01
565	4.377128261986032e-01	4.466835921509631e-01
586	3.943300234256814e-01	3.981071705534972e-01
607	3.543662638624783e-01	3.548133892335755e-01
628	3.179116008095810e-01	3.235936569296283e-01
649	2.849867090046609e-01	2.884031503126606e-01
670	2.555528814818440e-01	2.570395782768864e-01
691	2.295180397566092e-01	2.344228815319922e-01
712	2.067387922912728e-01	2.089296130854039e-01
733	1.870192779035279e-01	1.905460717963247e-01
754	1.701092653678383e-01	1.737800828749375e-01
775	1.557069451328030e-01	1.584893192461113e-01
796	1.434743390635830e-01	1.445439770745928e-01
817	1.330696762715451e-01	1.348962882591654e-01
838	1.241866911471581e-01	1.258925411794167e-01
859	1.165775247610227e-01	1.174897554939529e-01
880	1.100466386804350e-01	1.122018454301964e-01
901	1.044280021926959e-01	1.047128548050900e-01
922	9.956561359512828e-02	1.000000000000000e-01
943	9.531054121538340e-02	9.549925860214359e-02
964	9.153620587715372e-02	9.332543007969910e-02
985	8.815379675512314e-02	8.912509381337455e-02
1006	8.510778880339642e-02	8.511380382023763e-02
1027	8.235943045004579e-02	8.317637711026708e-02
1048	7.987621368849251e-02	8.128305161640990e-02
1069	7.763073035107459e-02	7.943282347242814e-02
1090	7.560263452628035e-02	7.585775750291836e-02
1111	7.377868744499683e-02	7.413102413009177e-02
1132	7.215076861678449e-02	7.244359600749903e-02
1153	7.071376287014774e-02	7.079457843841380e-02
1195	6.839958719764427e-02	6.918309709189366e-02
1216	6.751795326519539e-02	6.760829753919818e-02
1363	6.593046783767764e-02	6.606934480075961e-02
4242	6.311337008007056e-02	6.456542290346556e-02
4757	6.034533245382034e-02	6.165950018614822e-02
5274	5.542733210513906e-02	5.623413251903491e-02
5879	4.927931525261808e-02	5.011872336272722e-02
6654	4.465863652004098e-02	4.466835921509630e-02
7559	4.129399742793549e-02	4.168693834703355e-02
8462	3.886100106400836e-02	3.890451449942807e-02
9454	3.708178127741435e-02	3.715352290971726e-02
10634	3.574367570708248e-02	3.630780547701014e-02
12064	3.470049402740150e-02	3.548133892335755e-02
13647	3.385807246856765e-02	3.388441561392026e-02
15554	3.255687511980476e-02	3.311311214825911e-02
16713	3.203380622656304e-02	3.235936569296283e-02
17508	3.156963924704914e-02	3.162277660168379e-02
19014	3.077224764014308e-02	3.090295432513590e-02
20489	3.010167236387895e-02	3.019951720402016e-02
22801	2.926334167327227e-02	2.951209226666385e-02
24009	2.879306755635758e-02	2.884031503126606e-02
26069	2.805497843642046e-02	2.818382931264454e-02
67515	2.747931053628161e-02	2.754228703338166e-02
68312	2.649103617544291e-02	2.691534803926915e-02
68804	2.539212337759633e-02	2.570395782768863e-02
69319	2.329148299618722e-02	2.344228815319923e-02
69857	1.947089035562244e-02	1.949844599758046e-02
70543	1.450271853205198e-02	1.479108388168207e-02
71567	1.054092949566476e-02	1.071519305237606e-02
72487	7.487494188909705e-03	7.585775750291836e-03
73303	5.240991516301530e-03	5.248074602497728e-03
74225	3.680913031390287e-03	3.715352290971724e-03
75126	2.653888788918257e-03	2.691534803926917e-03
76219	1.992723591487833e-03	1.995262314968879e-03
77372	1.569942133786362e-03	1.584893192461114e-03
78761	1.302847365516224e-03	1.318256738556408e-03
79837	1.132710922279623e-03	1.148153621496883e-03
81127	1.019456528517093e-03	1.023292992280754e-03
82253	9.389645377275713e-04	9.549925860214359e-04
83223	8.777833826796311e-04	8.912509381337459e-04
84103	8.284092980528346e-04	8.317637711026709e-04
85085	7.865535112072664e-04	7.943282347242813e-04
86003	7.497392299009586e-04	7.585775750291835e-04
86711	7.166212703089148e-04	7.244359600749898e-04
87419	6.869002490141884e-04	6.918309709189362e-04
88425	6.753147640763402e-04	6.760829753919819e-04
182525	6.598863796103416e-04	6.606934480075957e-04
196104	6.436047054468874e-04	6.456542290346556e-04
200741	6.306763369124946e-04	6.309573444801930e-04
204547	6.160396628015485e-04	6.165950018614823e-04
249334	5.976201446746821e-04	6.025595860743575e-04
249981	5.866003283675481e-04	5.888436553555889e-04
250650	5.742092295001333e-04	5.754399373371566e-04
251233	5.619420722391411e-04	5.623413251903491e-04
252297	5.451239059708346e-04	5.495408738576248e-04
897853	5.367422481066253e-04	5.370317963702527e-04
1000000	5.285710194468107e-04	5.370317963702527e-04
%
% index = 2888, name = bbob_f008_i19_d10__bbob_f008_i21_d10
% instance = 9, reference value = 9.954064611109090e-01
% function evaluation | indicator value | target hit
1	9.541584098466641e+00	9.549925860214358e+00
38	9.284410044870050e+00	9.332543007969910e+00
39	9.032836756578659e+00	9.120108393559097e+00
40	8.546157523534196e+00	8.709635899560805e+00
61	7.894375667807637e+00	7.943282347242816e+00
82	6.873143584778836e+00	6.918309709189364e+00
103	5.959486921203531e+00	6.025595860743578e+00
124	5.144379654806206e+00	5.248074602497725e+00
145	4.419414263408967e+00	4.466835921509632e+00
166	3.776807654650431e+00	3.801893963205611e+00
187	3.209437558034756e+00	3.235936569296283e+00
208	2.710948885962725e+00	2.754228703338166e+00
229	2.276044042913595e+00	2.290867652767773e+00
250	1.901340786150299e+00	1.905460717963247e+00
271	1.588365329244387e+00	1.621810097358930e+00
292	1.343331962931909e+00	1.348962882591654e+00
313	1.134359448526909e+00	1.148153621496883e+00
334	9.797856803098376e-01	1.000000000000000e+00
355	9.005876001133822e-01	9.120108393559098e-01
376	8.061075488405219e-01	8.128305161640993e-01
397	7.063846560533937e-01	7.079457843841379e-01
418	6.081118082710200e-01	6.165950018614822e-01
439	5.155289012888675e-01	5.248074602497725e-01
460	4.311381982128292e-01	4.365158322401660e-01
481	3.562656862530255e-01	3.630780547701014e-01
502	2.914817371215773e-01	2.951209226666385e-01
523	2.368868733274512e-01	2.398832919019490e-01
544	1.922644552001841e-01	1.949844599758045e-01
565	1.570991140849641e-01	1.584893192461113e-01
586	1.304640246714129e-01	1.318256738556407e-01
607	1.108576713700143e-01	1.122018454301964e-01
628	9.635296180483466e-02	9.772372209558107e-02
649	8.525584693182497e-02	8.709635899560805e-02
670	7.622691871517517e-02	7.762471166286916e-02
691	6.827987685323167e-02	6.918309709189366e-02
712	6.135771358085695e-02	6.165950018614822e-02
733	5.646562665500132e-02	5.754399373371569e-02
754	5.448558500359979e-02	5.495408738576246e-02
775	5.362778087702569e-02	5.370317963702527e-02
859	5.243320474912971e-02	5.248074602497726e-02
2290	5.104607413198159e-02	5.128613839913648e-02
2570	4.983988740563161e-02	5.011872336272722e-02
2894	4.752312110024748e-02	4.786300923226382e-02
3241	4.325655913270643e-02	4.365158322401658e-02
3590	3.609640232053346e-02	3.630780547701014e-02
4025	2.824075915509183e-02	2.884031503126606e-02
4567	2.344786469918303e-02	2.398832919019490e-02
4600	2.344161153919622e-02	2.344228815319923e-02
5068	2.102949174905766e-02	2.137962089502233e-02
5652	1.950385764709683e-02	1.995262314968880e-02
5709	1.949749428895109e-02	1.949844599758046e-02
6361	1.870045645959817e-02	1.905460717963247e-02
7565	1.840868993184563e-02	1.862087136662868e-02
16527	1.816621291663734e-02	1.819700858609984e-02
17613	1.747473388272169e-02	1.778279410038923e-02
17925	1.707000406020509e-02	1.737800828749375e-02
18174	1.681454436085628e-02	1.698243652461744e-02
133165	1.649754426625749e-02	1.659586907437561e-02
133317	1.619429196130340e-02	1.621810097358930e-02
133597	1.560218376618205e-02	1.584893192461113e-02
133942	1.447387714327886e-02	1.479108388168207e-02
134436	1.242868426555366e-02	1.258925411794167e-02
134953	9.099139450218452e-03	9.120108393559097e-03
135577	5.589352400360292e-03	5.623413251903491e-03
136876	3.511226407069468e-03	3.548133892335753e-03
138837	2.422784179881621e-03	2.454708915685031e-03
141078	1.926139313135344e-03	1.949844599758046e-03
144482	1.770126574478836e-03	1.778279410038923e-03
146796	1.680337366511409e-03	1.698243652461744e-03
149606	1.617718740918539e-03	1.621810097358930e-03
152036	1.562991981409079e-03	1.584893192461114e-03
152999	1.509815685615257e-03	1.513561248436209e-03
153874	1.454986946242798e-03	1.479108388168207e-03
155022	1.396402113718387e-03	1.412537544622754e-03
155731	1.331245044284834e-03	1.348962882591653e-03
156419	1.255469623172800e-03	1.258925411794167e-03
157197	1.163183994130179e-03	1.174897554939529e-03
157827	1.067941646565762e-03	1.071519305237606e-03
158306	9.801984807017439e-04	1.000000000000000e-03
158344	9.772073041007800e-04	9.772372209558111e-04
158829	9.001778942432370e-04	9.120108393559096e-04
159330	8.732260405928116e-04	8.912509381337459e-04
159367	8.696614851166906e-04	8.709635899560805e-04
307031	8.496790468344173e-04	8.511380382023768e-04
307488	8.317227453288334e-04	8.317637711026709e-04
308079	8.113709099711874e-04	8.128305161640995e-04
312755	7.942644530484211e-04	7.943282347242813e-04
358308	7.615454916216624e-04	7.762471166286919e-04
364681	7.309144370092335e-04	7.413102413009177e-04
369494	7.027680715963047e-04	7.079457843841380e-04
372592	6.875000780447449e-04	6.918309709189362e-04
595518	6.752283086277622e-04	6.760829753919819e-04
862856	6.606551735984789e-04	6.606934480075957e-04
1000000	6.569328113383843e-04	6.606934480075957e-04
%
% index = 2889, name = bbob_f008_i21_d10__bbob_f008_i22_d10
% instance = 10, reference value = 9.963827435546601e-01
% function evaluation | indicator value | target hit
1	1.535537176845160e+00	1.548816618912481e+00
38	1.497123220061160e+00	1.513561248436208e+00
39	1.459534556326660e+00	1.479108388168207e+00
40	1.386780123008160e+00	1.412537544622754e+00
61	1.289066742485660e+00	1.318256738556407e+00
82	1.135460900207660e+00	1.148153621496883e+00
103	9.974231876881600e-01	1.000000000000000e+00
124	9.263103592695738e-01	9.332543007969910e-01
145	8.452428011089614e-01	8.511380382023764e-01
166	7.597489481371207e-01	7.762471166286917e-01
187	6.741775191417825e-01	6.760829753919817e-01
208	5.915413502385063e-01	6.025595860743578e-01
229	5.138325656950415e-01	5.248074602497725e-01
250	4.422782601885255e-01	4.466835921509631e-01
271	3.775453496741389e-01	3.801893963205612e-01
292	3.199031429664628e-01	3.235936569296283e-01
313	2.693522061037330e-01	2.754228703338166e-01
334	2.257281265107206e-01	2.290867652767773e-01
355	1.887886563973820e-01	1.905460717963247e-01
376	1.582914228227118e-01	1.584893192461113e-01
397	1.340618194803289e-01	1.348962882591654e-01
418	1.160041968150562e-01	1.174897554939529e-01
439	1.037824548326659e-01	1.047128548050900e-01
460	9.583346858517416e-02	9.772372209558107e-02
481	9.011209597465220e-02	9.120108393559097e-02
502	8.602876853061681e-02	8.709635899560805e-02
523	8.373421924887170e-02	8.511380382023763e-02
544	8.157121462394790e-02	8.317637711026708e-02
565	7.514044922633611e-02	7.585775750291836e-02
586	7.403163718762240e-02	7.413102413009177e-02
649	7.221563804949027e-02	7.244359600749903e-02
691	6.981188780532743e-02	7.079457843841380e-02
754	6.911538412813156e-02	6.918309709189366e-02
796	6.478880493058459e-02	6.606934480075961e-02
817	6.447177597773113e-02	6.456542290346556e-02
922	6.117061244922106e-02	6.165950018614822e-02
1216	6.024424079010526e-02	6.025595860743578e-02
4902	5.861335858293737e-02	5.888436553555890e-02
5967	5.565440782028974e-02	5.623413251903491e-02
7012	5.392817255647886e-02	5.495408738576246e-02
9030	5.316065406423209e-02	5.370317963702527e-02
82684	5.245360642805341e-02	5.248074602497726e-02
207364	5.025316096038568e-02	5.128613839913648e-02
207667	4.823476660054704e-02	4.897788193684462e-02
208035	4.443195994755000e-02	4.466835921509630e-02
208468	3.770241586788381e-02	3.801893963205612e-02
209050	2.939706318911650e-02	2.951209226666385e-02
209717	2.338345669742226e-02	2.344228815319923e-02
210468	1.922386242294194e-02	1.949844599758046e-02
211262	1.555553144782662e-02	1.584893192461113e-02
211931	1.133875864162981e-02	1.148153621496883e-02
212558	7.755652361763121e-03	7.762471166286920e-03
213164	5.301745601865915e-03	5.370317963702527e-03
214023	3.813892227445881e-03	3.890451449942805e-03
214881	2.945034151200843e-03	2.951209226666387e-03
215677	2.397683803617157e-03	2.398832919019490e-03
216326	2.011128459188827e-03	2.041737944669530e-03
217015	1.712757169293311e-03	1.737800828749376e-03
217639	1.468605229978159e-03	1.479108388168207e-03
218241	1.261417070869686e-03	1.288249551693134e-03
218739	1.081598826486951e-03	1.096478196143185e-03
219300	9.238888228800812e-04	9.332543007969915e-04
219926	7.856426097681002e-04	7.943282347242813e-04
220594	6.669058771193725e-04	6.760829753919819e-04
221667	5.739359540802846e-04	5.754399373371566e-04
299946	5.622493916167537e-04	5.623413251903491e-04
447869	5.168127766859154e-04	5.248074602497728e-04
448534	4.555465467176445e-04	4.570881896148752e-04
449370	4.237331109789855e-04	4.265795188015926e-04
450434	4.165304285320692e-04	4.168693834703355e-04
605879	4.064812716477739e-04	4.073802778041126e-04
632469	3.962720973539335e-04	3.981071705534974e-04
997835	3.885320433789641e-04	3.890451449942805e-04
1000000	3.885082063397327e-04	3.890451449942805e-04
