%
% index = 3735, name = bbob_f008_i02_d20__bbob_f014_i04_d20
% instance = 1, reference value = 9.620164181043530e-01
% function evaluation | indicator value | target hit
1	2.748120093507853e+00	2.754228703338166e+00
59	2.665445804383353e+00	2.691534803926916e+00
60	2.584761265231853e+00	2.630267991895382e+00
101	2.398940275503853e+00	2.454708915685031e+00
142	2.156861001926353e+00	2.187761623949553e+00
183	1.937443588591353e+00	1.949844599758045e+00
224	1.739007128035853e+00	1.778279410038923e+00
265	1.559988338867353e+00	1.584893192461114e+00
306	1.398957171930853e+00	1.412537544622754e+00
347	1.254611104861853e+00	1.258925411794167e+00
388	1.125749732316353e+00	1.148153621496883e+00
429	1.011235213554353e+00	1.023292992280754e+00
470	9.222153591381320e-01	9.332543007969910e-01
511	8.497076300611430e-01	8.511380382023764e-01
552	7.815674856516166e-01	7.943282347242815e-01
593	7.183823550867474e-01	7.244359600749900e-01
634	6.602917087533469e-01	6.606934480075960e-01
675	6.071293117832780e-01	6.165950018614822e-01
716	5.585618532399128e-01	5.623413251903491e-01
757	5.142059013390137e-01	5.248074602497725e-01
798	4.737086216482499e-01	4.786300923226383e-01
839	4.367883193866225e-01	4.466835921509631e-01
880	4.032416101617600e-01	4.073802778041127e-01
921	3.729374241931873e-01	3.801893963205612e-01
962	3.458043744669275e-01	3.467368504525316e-01
1003	3.217937335284841e-01	3.235936569296283e-01
1044	3.008581319153291e-01	3.019951720402016e-01
1085	2.829242742193956e-01	2.884031503126606e-01
1126	2.678651781479969e-01	2.691534803926916e-01
1167	2.554878360895969e-01	2.570395782768864e-01
1208	2.455626535049406e-01	2.511886431509580e-01
1249	2.378728076596205e-01	2.398832919019490e-01
1290	2.321753674352439e-01	2.344228815319922e-01
1331	2.280520120509294e-01	2.290867652767773e-01
1413	2.222793802472357e-01	2.238721138568339e-01
1495	2.180875042587246e-01	2.187761623949552e-01
8420	2.122369111603249e-01	2.137962089502232e-01
13158	2.087066392825795e-01	2.089296130854039e-01
388448	2.040510129371735e-01	2.041737944669530e-01
389402	1.991290387164294e-01	1.995262314968880e-01
390481	1.896036976694934e-01	1.905460717963247e-01
391480	1.717593936543097e-01	1.737800828749375e-01
392562	1.540635150986758e-01	1.548816618912481e-01
393481	1.381798252383946e-01	1.412537544622754e-01
394645	1.237779977669715e-01	1.258925411794167e-01
395481	1.104421145637347e-01	1.122018454301964e-01
396358	9.788395132571870e-02	1.000000000000000e-01
397112	8.599423673027973e-02	8.709635899560805e-02
397907	7.479293757972527e-02	7.585775750291836e-02
398661	6.435193557738106e-02	6.456542290346556e-02
399456	5.472720838931799e-02	5.495408738576246e-02
400210	4.591881556423749e-02	4.677351412871981e-02
401005	3.789647044529765e-02	3.801893963205612e-02
401800	3.065051116823481e-02	3.090295432513590e-02
402800	2.419060449102084e-02	2.454708915685030e-02
403800	1.853758749936707e-02	1.862087136662868e-02
405047	1.373636302342107e-02	1.380384264602885e-02
406211	9.837591532559142e-03	1.000000000000000e-02
407006	6.882843898272095e-03	6.918309709189363e-03
407720	4.997805865524785e-03	5.011872336272725e-03
408598	4.173743606705527e-03	4.265795188015926e-03
408651	4.167251515452275e-03	4.168693834703355e-03
410050	3.980511419380939e-03	3.981071705534973e-03
410108	3.865761953124158e-03	3.890451449942805e-03
1305566	3.780935022118626e-03	3.801893963205613e-03
1307724	3.691083755264946e-03	3.715352290971724e-03
1309217	3.557929152246619e-03	3.630780547701014e-03
1309274	3.547949294764319e-03	3.548133892335753e-03
1309973	3.408043988129883e-03	3.467368504525317e-03
1310851	3.267510273892382e-03	3.311311214825911e-03
1311770	3.134841422412715e-03	3.162277660168379e-03
1313059	3.014675209589091e-03	3.019951720402016e-03
1314059	2.907582813088894e-03	2.951209226666387e-03
1315018	2.812116414998012e-03	2.818382931264455e-03
1316018	2.727101459961800e-03	2.754228703338166e-03
1316977	2.651243681504933e-03	2.691534803926917e-03
1317772	2.583219276409365e-03	2.630267991895381e-03
1318609	2.522457433918879e-03	2.570395782768865e-03
1319528	2.469237745250097e-03	2.511886431509579e-03
1320488	2.423946266167043e-03	2.454708915685031e-03
1321366	2.386348951024853e-03	2.398832919019490e-03
1323326	2.326568236345028e-03	2.344228815319923e-03
1325244	2.268130546175917e-03	2.290867652767772e-03
1329247	2.226995529179487e-03	2.238721138568340e-03
1731758	2.186781199914334e-03	2.187761623949552e-03
1735542	2.103383445743345e-03	2.137962089502233e-03
1737956	2.015664313056220e-03	2.041737944669530e-03
1740104	1.949135452198769e-03	1.949844599758046e-03
1743548	1.902151424439613e-03	1.905460717963246e-03
2000000	1.891927904937196e-03	1.905460717963246e-03
%
% index = 3736, name = bbob_f008_i03_d20__bbob_f014_i05_d20
% instance = 2, reference value = 9.480801625303660e-01
% function evaluation | indicator value | target hit
1	4.538513158328574e+00	4.570881896148751e+00
59	4.404314830307624e+00	4.466835921509632e+00
60	4.273483509660118e+00	4.365158322401660e+00
101	3.972126031141458e+00	3.981071705534972e+00
142	3.578661015643060e+00	3.630780547701014e+00
183	3.220503082328311e+00	3.235936569296283e+00
224	2.894518528018960e+00	2.951209226666386e+00
265	2.597965177336409e+00	2.630267991895382e+00
306	2.328608679314548e+00	2.344228815319922e+00
347	2.084874603078568e+00	2.089296130854040e+00
388	1.866112446594896e+00	1.905460717963247e+00
429	1.673146385233768e+00	1.698243652461744e+00
470	1.502414138197366e+00	1.513561248436208e+00
511	1.345980803440866e+00	1.348962882591654e+00
552	1.202866937463366e+00	1.230268770812382e+00
593	1.072268409453366e+00	1.096478196143185e+00
634	9.534921563028659e-01	9.549925860214360e-01
675	9.009492013486334e-01	9.120108393559098e-01
716	8.450524921299963e-01	8.511380382023764e-01
757	7.855762001234342e-01	7.943282347242815e-01
798	7.250303199021468e-01	7.413102413009175e-01
839	6.654743023990688e-01	6.760829753919817e-01
880	6.085560841706419e-01	6.165950018614822e-01
921	5.555292232434859e-01	5.623413251903491e-01
962	5.072535865119783e-01	5.128613839913648e-01
1003	4.641908690089842e-01	4.677351412871982e-01
1044	4.264117170169919e-01	4.265795188015927e-01
1085	3.936310724865233e-01	3.981071705534972e-01
1126	3.652801937870511e-01	3.715352290971726e-01
1167	3.406190389292725e-01	3.467368504525316e-01
1208	3.188972630571441e-01	3.235936569296283e-01
1249	2.995275993285335e-01	3.019951720402016e-01
1290	2.821621737680468e-01	2.884031503126606e-01
1331	2.666293411298466e-01	2.691534803926916e-01
1372	2.528311869238942e-01	2.570395782768864e-01
1413	2.406620560335666e-01	2.454708915685030e-01
1454	2.299661392701652e-01	2.344228815319922e-01
1495	2.205757948132504e-01	2.238721138568339e-01
1536	2.123911867643458e-01	2.137962089502232e-01
1577	2.053734444834447e-01	2.089296130854039e-01
1618	1.995138450725344e-01	1.995262314968880e-01
1659	1.948318040473429e-01	1.949844599758045e-01
1741	1.879835008332376e-01	1.905460717963247e-01
1782	1.855450334679747e-01	1.862087136662867e-01
5632	1.814982324589640e-01	1.819700858609984e-01
6966	1.759009395151588e-01	1.778279410038923e-01
7841	1.698869510468431e-01	1.737800828749375e-01
8800	1.648330495561137e-01	1.659586907437560e-01
9800	1.610382948964736e-01	1.621810097358930e-01
10800	1.582561888378925e-01	1.584893192461113e-01
14497	1.540140182789927e-01	1.548816618912481e-01
394693	1.494131597656186e-01	1.513561248436208e-01
395276	1.449223830285739e-01	1.479108388168208e-01
396066	1.362299755710294e-01	1.380384264602885e-01
396899	1.199595468269817e-01	1.202264434617413e-01
397816	1.037475085956712e-01	1.047128548050900e-01
398816	8.905708848717386e-02	8.912509381337455e-02
399816	7.576249809795332e-02	7.585775750291836e-02
400734	6.374951751171676e-02	6.456542290346556e-02
401939	5.294229025453778e-02	5.370317963702527e-02
402899	4.328756962266611e-02	4.365158322401658e-02
403734	3.455420814322696e-02	3.467368504525317e-02
404815	2.681038549193404e-02	2.691534803926915e-02
405650	2.015504096585852e-02	2.041737944669529e-02
406608	1.468163381850840e-02	1.479108388168207e-02
407485	1.048290762467141e-02	1.071519305237606e-02
408485	7.636401199721532e-03	7.762471166286920e-03
409937	6.124696055802681e-03	6.165950018614822e-03
412004	5.662036121501290e-03	5.754399373371567e-03
412060	5.605949030283663e-03	5.623413251903491e-03
414456	5.487611390856739e-03	5.495408738576248e-03
1138189	5.338372267390756e-03	5.370317963702527e-03
1141669	5.184340767600770e-03	5.248074602497728e-03
1142670	5.126014014775970e-03	5.128613839913648e-03
1147670	4.977221364659168e-03	5.011872336272725e-03
1149712	4.895485480475248e-03	4.897788193684461e-03
1157466	4.758847700370050e-03	4.786300923226385e-03
1162204	4.670303979462997e-03	4.677351412871981e-03
1946193	4.567419841664644e-03	4.570881896148752e-03
1948712	4.438058775428133e-03	4.466835921509630e-03
1950165	4.273632163103724e-03	4.365158322401661e-03
1951412	4.102606773021655e-03	4.168693834703355e-03
1952413	3.929828428619220e-03	3.981071705534973e-03
1953332	3.765621509175365e-03	3.801893963205613e-03
1954250	3.628031094265127e-03	3.630780547701014e-03
1955249	3.520089037410856e-03	3.548133892335753e-03
1956289	3.436797816366410e-03	3.467368504525317e-03
1957290	3.365423549746116e-03	3.388441561392024e-03
1958210	3.295636257964030e-03	3.311311214825911e-03
1959129	3.223805239278454e-03	3.235936569296281e-03
1960088	3.150204025229586e-03	3.162277660168379e-03
1961006	3.076796294570139e-03	3.090295432513592e-03
1961924	3.019145557160319e-03	3.019951720402016e-03
1969047	2.948622060943595e-03	2.951209226666387e-03
1976009	2.859082271990387e-03	2.884031503126605e-03
2000000	2.848752933808263e-03	2.884031503126605e-03
%
% index = 3737, name = bbob_f008_i07_d20__bbob_f014_i08_d20
% instance = 3, reference value = 9.680173403685540e-01
% function evaluation | indicator value | target hit
1	2.081703198429900e+00	2.089296130854040e+00
58	2.040207126729736e+00	2.041737944669529e+00
60	1.920295696245918e+00	1.949844599758045e+00
101	1.741616355481618e+00	1.778279410038923e+00
142	1.518891911586199e+00	1.548816618912481e+00
183	1.336155041434329e+00	1.348962882591654e+00
224	1.193317659969554e+00	1.202264434617413e+00
265	1.065229431086554e+00	1.071519305237606e+00
306	9.624672391012132e-01	9.772372209558107e-01
347	9.212077906726870e-01	9.332543007969910e-01
388	8.700599627306107e-01	8.709635899560807e-01
429	8.133149905903496e-01	8.317637711026710e-01
470	7.541633859464134e-01	7.585775750291838e-01
511	6.949716290500750e-01	7.079457843841379e-01
552	6.374582423384814e-01	6.456542290346555e-01
593	5.827993593787024e-01	5.888436553555889e-01
634	5.317054845555519e-01	5.370317963702527e-01
675	4.845064377265931e-01	4.897788193684462e-01
716	4.412583794456872e-01	4.466835921509631e-01
757	4.018545943271038e-01	4.073802778041127e-01
798	3.661096333988965e-01	3.715352290971726e-01
839	3.338068682145834e-01	3.388441561392025e-01
880	3.047098071281129e-01	3.090295432513591e-01
921	2.785739184547472e-01	2.818382931264454e-01
962	2.551765472121009e-01	2.570395782768864e-01
1003	2.343628298974164e-01	2.344228815319922e-01
1044	2.160858907604589e-01	2.187761623949552e-01
1085	2.004086452232042e-01	2.041737944669530e-01
1126	1.874245861204715e-01	1.905460717963247e-01
1167	1.770636982822460e-01	1.778279410038923e-01
1208	1.689547830625403e-01	1.698243652461744e-01
1249	1.625915080333277e-01	1.659586907437560e-01
1290	1.574922877031518e-01	1.584893192461113e-01
1331	1.534010934246499e-01	1.548816618912481e-01
1372	1.502881681984812e-01	1.513561248436208e-01
1495	1.468138726428365e-01	1.479108388168208e-01
4715	1.443975277669131e-01	1.445439770745928e-01
6707	1.395650317087350e-01	1.412537544622754e-01
7416	1.345265374112896e-01	1.348962882591654e-01
8250	1.258911711803384e-01	1.258925411794167e-01
9332	1.182980820954119e-01	1.202264434617413e-01
10661	1.123689709915490e-01	1.148153621496883e-01
11950	1.079236473491374e-01	1.096478196143185e-01
13118	1.047339374991316e-01	1.071519305237607e-01
14448	1.025216157041656e-01	1.047128548050900e-01
16764	1.010103244846049e-01	1.023292992280754e-01
312792	9.972264345146109e-02	1.000000000000000e-01
313458	9.592067771433366e-02	9.772372209558107e-02
314167	8.868886618153193e-02	8.912509381337455e-02
315083	7.562908338963914e-02	7.585775750291836e-02
316247	6.332302462961226e-02	6.456542290346556e-02
317657	5.281900588516031e-02	5.370317963702527e-02
318698	4.377661938131872e-02	4.466835921509630e-02
319943	3.593405699708796e-02	3.630780547701014e-02
320901	2.912454247126406e-02	2.951209226666385e-02
321900	2.325635542299209e-02	2.344228815319923e-02
322859	1.829184219750657e-02	1.862087136662868e-02
323777	1.423433296228338e-02	1.445439770745927e-02
324736	1.110870023446509e-02	1.122018454301964e-02
325532	8.932535132206376e-03	9.120108393559097e-03
326328	7.663798319910042e-03	7.762471166286920e-03
327124	7.135174546919143e-03	7.244359600749898e-03
328452	7.030776735079791e-03	7.079457843841380e-03
917842	6.873172665988636e-03	6.918309709189363e-03
919639	6.670177715372150e-03	6.760829753919818e-03
920394	6.579813543769353e-03	6.606934480075957e-03
924273	6.455799916491922e-03	6.456542290346556e-03
1165264	5.742695418725186e-03	5.754399373371567e-03
1166428	4.640389482004625e-03	4.677351412871981e-03
1167879	3.816559917651507e-03	3.890451449942805e-03
1169249	3.265933487985762e-03	3.311311214825911e-03
1170786	2.926234234058023e-03	2.951209226666387e-03
1172283	2.743696607514945e-03	2.754228703338166e-03
1175060	2.679684861399134e-03	2.691534803926917e-03
1178392	2.615698941142663e-03	2.630267991895381e-03
1186291	2.568328874812953e-03	2.570395782768865e-03
1453468	2.508671025705733e-03	2.511886431509579e-03
1462016	2.443299360173845e-03	2.454708915685031e-03
1464548	2.364829135213853e-03	2.398832919019490e-03
1466124	2.339500872422295e-03	2.344228815319923e-03
2000000	2.308386147144237e-03	2.344228815319923e-03
%
% index = 3738, name = bbob_f008_i09_d20__bbob_f014_i10_d20
% instance = 4, reference value = 9.810089867667040e-01
% function evaluation | indicator value | target hit
1	1.553296781817725e+00	1.584893192461114e+00
56	1.546352325233651e+00	1.548816618912481e+00
59	1.498527087893903e+00	1.513561248436208e+00
60	1.445582189008447e+00	1.479108388168207e+00
101	1.325912434085031e+00	1.348962882591654e+00
142	1.181691417912204e+00	1.202264434617413e+00
183	1.061143165739204e+00	1.071519305237606e+00
224	9.757375965473515e-01	9.772372209558107e-01
265	9.481956402614484e-01	9.549925860214360e-01
306	9.099757002074613e-01	9.120108393559098e-01
347	8.640979889121214e-01	8.709635899560807e-01
388	8.130203715262645e-01	8.317637711026710e-01
429	7.587674777281807e-01	7.762471166286917e-01
470	7.030196212433550e-01	7.079457843841379e-01
511	6.471722210814543e-01	6.606934480075960e-01
552	5.923746011711597e-01	6.025595860743578e-01
593	5.395549935030153e-01	5.495408738576245e-01
634	4.894369577925057e-01	4.897788193684462e-01
675	4.425515725055759e-01	4.466835921509631e-01
716	3.992492419067943e-01	4.073802778041127e-01
757	3.597140804781533e-01	3.630780547701014e-01
798	3.239822218344873e-01	3.311311214825911e-01
839	2.919636921790913e-01	2.951209226666385e-01
880	2.634671168494231e-01	2.691534803926916e-01
921	2.382275563264827e-01	2.398832919019490e-01
962	2.159379987149055e-01	2.187761623949552e-01
1003	1.962819323426337e-01	1.995262314968880e-01
1044	1.789603171443453e-01	1.819700858609984e-01
1085	1.637072212315612e-01	1.659586907437560e-01
1126	1.502953765132977e-01	1.513561248436208e-01
1167	1.385391748006678e-01	1.412537544622754e-01
1208	1.283009001455242e-01	1.288249551693134e-01
1249	1.194972435643945e-01	1.202264434617413e-01
1290	1.120952376442368e-01	1.122018454301964e-01
1331	1.060870923678104e-01	1.071519305237607e-01
1372	1.014404473227885e-01	1.023292992280754e-01
1413	9.803837724052711e-02	1.000000000000000e-01
1454	9.570375828874944e-02	9.772372209558107e-02
1495	9.433948001036230e-02	9.549925860214359e-02
7464	9.306691950264645e-02	9.332543007969910e-02
10853	8.921245935138289e-02	9.120108393559097e-02
12670	8.554705532392615e-02	8.709635899560805e-02
14120	8.231128367705831e-02	8.317637711026708e-02
15694	7.975307766023720e-02	8.128305161640990e-02
17596	7.777044472566308e-02	7.943282347242814e-02
19579	7.626662199877832e-02	7.762471166286916e-02
21275	7.514663036360958e-02	7.585775750291836e-02
27265	7.371918076704553e-02	7.413102413009177e-02
399842	7.218195758458668e-02	7.244359600749903e-02
401991	7.006900375486258e-02	7.079457843841380e-02
403602	6.732013090699795e-02	6.760829753919818e-02
404641	6.205348481603512e-02	6.309573444801933e-02
405518	5.667372762441225e-02	5.754399373371569e-02
407010	5.173717713644688e-02	5.248074602497726e-02
409078	4.721972642609840e-02	4.786300923226382e-02
411677	4.297805779993991e-02	4.365158322401658e-02
415055	3.885076031063672e-02	3.890451449942807e-02
416466	3.474724754463487e-02	3.548133892335755e-02
419230	3.067947671447913e-02	3.090295432513590e-02
420929	2.672591518260714e-02	2.691534803926915e-02
422299	2.296369002919818e-02	2.344228815319923e-02
423873	1.944397668392139e-02	1.949844599758046e-02
425570	1.619862394424598e-02	1.621810097358930e-02
427390	1.325168647947494e-02	1.348962882591653e-02
428964	1.062694766503558e-02	1.071519305237606e-02
431030	8.341093309860215e-03	8.511380382023767e-03
432850	6.417932778585600e-03	6.456542290346556e-03
435777	4.882731948032903e-03	4.897788193684461e-03
436982	3.753570193427702e-03	3.801893963205613e-03
439007	3.031812442322757e-03	3.090295432513592e-03
440172	2.680075917734892e-03	2.691534803926917e-03
441501	2.591184710486805e-03	2.630267991895381e-03
441722	2.570102681915043e-03	2.570395782768865e-03
1106233	2.496790329557741e-03	2.511886431509579e-03
1110039	2.453498055347225e-03	2.454708915685031e-03
1127907	2.384786269187145e-03	2.398832919019490e-03
1134435	2.338212136085649e-03	2.344228815319923e-03
1143482	2.285463331451520e-03	2.290867652767772e-03
1163755	2.236221605145472e-03	2.238721138568340e-03
1554367	2.123433287881116e-03	2.137962089502233e-03
1557536	2.033551746966955e-03	2.041737944669530e-03
1559863	1.951490390673105e-03	1.995262314968879e-03
1561687	1.875472037700443e-03	1.905460717963246e-03
1563633	1.804499080073962e-03	1.819700858609983e-03
1565290	1.738081914116063e-03	1.778279410038923e-03
1567364	1.676051064274708e-03	1.698243652461744e-03
1569061	1.618388556135830e-03	1.621810097358930e-03
1570552	1.565192559180195e-03	1.584893192461114e-03
1572247	1.516635589200233e-03	1.548816618912481e-03
1573861	1.473006223005835e-03	1.479108388168207e-03
1575475	1.434760353187903e-03	1.445439770745928e-03
2000000	1.413638062351841e-03	1.445439770745928e-03
%
% index = 3739, name = bbob_f008_i11_d20__bbob_f014_i12_d20
% instance = 5, reference value = 9.865721392587120e-01
% function evaluation | indicator value | target hit
1	1.832898916117712e+00	1.862087136662868e+00
57	1.816820316282212e+00	1.819700858609983e+00
59	1.769336820858712e+00	1.778279410038923e+00
60	1.707755951660212e+00	1.737800828749375e+00
101	1.566585996115712e+00	1.584893192461114e+00
142	1.383429958353712e+00	1.412537544622754e+00
183	1.218387889614212e+00	1.230268770812382e+00
224	1.070063777041212e+00	1.071519305237606e+00
265	9.499320163500885e-01	9.549925860214360e-01
306	8.567339786498196e-01	8.709635899560807e-01
347	7.679352626771242e-01	7.762471166286917e-01
388	6.849001412946981e-01	6.918309709189365e-01
429	6.084402710160031e-01	6.165950018614822e-01
470	5.389422886889437e-01	5.495408738576245e-01
511	4.764779844585879e-01	4.786300923226383e-01
552	4.208986040520220e-01	4.265795188015927e-01
593	3.719103110751111e-01	3.801893963205612e-01
634	3.291240490537847e-01	3.311311214825911e-01
675	2.920760584663494e-01	2.951209226666385e-01
716	2.602300616262696e-01	2.630267991895382e-01
757	2.329915228130160e-01	2.344228815319922e-01
798	2.097570053706937e-01	2.137962089502232e-01
839	1.899781613892766e-01	1.905460717963247e-01
880	1.731995219588778e-01	1.737800828749375e-01
921	1.590588124889121e-01	1.621810097358930e-01
962	1.472599817755453e-01	1.479108388168208e-01
1003	1.375324986873342e-01	1.380384264602885e-01
1044	1.295954205838720e-01	1.318256738556407e-01
1085	1.231459344317734e-01	1.258925411794167e-01
1126	1.178977308397795e-01	1.202264434617413e-01
1167	1.136578769198348e-01	1.148153621496883e-01
1208	1.103712398296425e-01	1.122018454301964e-01
1249	1.080788347506566e-01	1.096478196143185e-01
1290	1.068045536058425e-01	1.071519305237607e-01
1700	1.046424013942958e-01	1.047128548050900e-01
1987	1.020672156231613e-01	1.023292992280754e-01
2520	9.973155344651030e-02	1.000000000000000e-01
9428	9.733511197653177e-02	9.772372209558107e-02
10424	9.514081270658348e-02	9.549925860214359e-02
11627	9.084584026541609e-02	9.120108393559097e-02
13036	8.272594034534797e-02	8.317637711026708e-02
14570	7.456535218014637e-02	7.585775750291836e-02
16267	6.724466328682188e-02	6.760829753919818e-02
18169	6.102891788456699e-02	6.165950018614822e-02
20197	5.616383553257276e-02	5.623413251903491e-02
22061	5.240514012477626e-02	5.248074602497726e-02
23678	4.895586484685088e-02	4.897788193684462e-02
25540	4.576669948828205e-02	4.677351412871981e-02
27156	4.306329672854914e-02	4.365158322401658e-02
28854	4.090878412631960e-02	4.168693834703355e-02
30428	3.923649067067836e-02	3.981071705534973e-02
32494	3.795218784691989e-02	3.801893963205612e-02
34970	3.697301094785721e-02	3.715352290971726e-02
37486	3.623306439285279e-02	3.630780547701014e-02
41574	3.527420369126655e-02	3.548133892335755e-02
51745	3.463811369272674e-02	3.467368504525317e-02
874892	3.320950068100470e-02	3.388441561392026e-02
876842	2.979954824797582e-02	3.019951720402016e-02
880900	2.712733200680761e-02	2.754228703338166e-02
884819	2.444365185031894e-02	2.454708915685030e-02
888167	2.085184917219152e-02	2.089296130854040e-02
890078	1.718879218890867e-02	1.737800828749375e-02
891534	1.389684928379298e-02	1.412537544622754e-02
892946	1.106645259131034e-02	1.122018454301964e-02
894193	8.679263308176033e-03	8.709635899560805e-03
895317	6.696948007271497e-03	6.760829753919818e-03
896196	5.078595491384785e-03	5.128613839913648e-03
897197	3.784146009158440e-03	3.801893963205613e-03
898115	2.780124917596827e-03	2.818382931264455e-03
899074	2.045191255912848e-03	2.089296130854039e-03
899869	1.564857570995115e-03	1.584893192461114e-03
900665	1.312862017512129e-03	1.318256738556408e-03
901871	1.227289972120738e-03	1.230268770812381e-03
905144	1.202082068322063e-03	1.202264434617413e-03
1281845	1.172057139737448e-03	1.174897554939529e-03
1284519	1.138116296172553e-03	1.148153621496883e-03
1285356	1.121595212165372e-03	1.122018454301963e-03
1287482	1.091527580275198e-03	1.096478196143185e-03
1290182	1.065976225948284e-03	1.071519305237606e-03
1293869	1.046662162852985e-03	1.047128548050900e-03
1309715	1.022958957304310e-03	1.023292992280754e-03
1318784	9.961801824116545e-04	1.000000000000000e-03
1327230	9.766968729222336e-04	9.772372209558111e-04
2000000	9.652285807324468e-04	9.772372209558111e-04
%
% index = 3740, name = bbob_f008_i13_d20__bbob_f014_i14_d20
% instance = 6, reference value = 9.830397466763300e-01
% function evaluation | indicator value | target hit
1	1.737368270607830e+00	1.737800828749375e+00
59	1.681510934887330e+00	1.698243652461744e+00
60	1.626910349616830e+00	1.659586907437561e+00
101	1.501110586911330e+00	1.513561248436208e+00
142	1.337306580539330e+00	1.348962882591654e+00
183	1.189037518425830e+00	1.202264434617413e+00
224	1.055288313676330e+00	1.071519305237606e+00
265	9.590910199121901e-01	9.772372209558107e-01
306	8.981709886017204e-01	9.120108393559098e-01
347	8.352891281254983e-01	8.511380382023764e-01
388	7.725040683274125e-01	7.762471166286917e-01
429	7.114413597928562e-01	7.244359600749900e-01
470	6.533639570145546e-01	6.606934480075960e-01
511	5.992226217926893e-01	6.025595860743578e-01
552	5.496843882259830e-01	5.623413251903491e-01
593	5.051384124352698e-01	5.128613839913648e-01
634	4.656841406128529e-01	4.677351412871982e-01
675	4.311177035321545e-01	4.365158322401660e-01
716	4.009469866750327e-01	4.073802778041127e-01
757	3.744718893886934e-01	3.801893963205612e-01
798	3.509359670982912e-01	3.548133892335755e-01
839	3.296835122670272e-01	3.311311214825911e-01
880	3.102308644425189e-01	3.162277660168379e-01
921	2.922448031905041e-01	2.951209226666385e-01
962	2.754906718587149e-01	2.818382931264454e-01
1003	2.597938744587117e-01	2.630267991895382e-01
1044	2.450214755325515e-01	2.454708915685030e-01
1085	2.310755499756685e-01	2.344228815319922e-01
1126	2.178906553138562e-01	2.187761623949552e-01
1167	2.054332894290013e-01	2.089296130854039e-01
1208	1.937001043323168e-01	1.949844599758045e-01
1249	1.827136214339786e-01	1.862087136662867e-01
1290	1.725150597669074e-01	1.737800828749375e-01
1331	1.631548697359539e-01	1.659586907437560e-01
1372	1.546825155516204e-01	1.548816618912481e-01
1413	1.471374623372492e-01	1.479108388168208e-01
1454	1.405424258338930e-01	1.412537544622754e-01
1495	1.348957157579408e-01	1.348962882591654e-01
1536	1.301524237830776e-01	1.318256738556407e-01
1577	1.261919091845066e-01	1.288249551693134e-01
1618	1.228213352324353e-01	1.230268770812381e-01
1659	1.198612727398205e-01	1.202264434617413e-01
1700	1.172113977902860e-01	1.174897554939529e-01
1782	1.128230437024770e-01	1.148153621496883e-01
1823	1.112173675856327e-01	1.122018454301964e-01
4547	1.096448041315802e-01	1.096478196143185e-01
7828	1.055928444798382e-01	1.071519305237607e-01
8744	1.021857769910675e-01	1.023292992280754e-01
10238	9.921109698511177e-02	1.000000000000000e-01
243102	9.755106394897062e-02	9.772372209558107e-02
479954	9.500202738743158e-02	9.549925860214359e-02
480701	9.249928649237249e-02	9.332543007969910e-02
481779	8.765855447917859e-02	8.912509381337455e-02
483064	7.864772583378432e-02	7.943282347242814e-02
484516	6.981929477772031e-02	7.079457843841380e-02
485722	6.203818472453815e-02	6.309573444801933e-02
487503	5.522775387640544e-02	5.623413251903491e-02
489037	4.926431075665905e-02	5.011872336272722e-02
490284	4.403400438178506e-02	4.466835921509630e-02
491736	3.945359688074535e-02	3.981071705534973e-02
492944	3.546485115946341e-02	3.548133892335755e-02
494193	3.202452797684641e-02	3.235936569296283e-02
495483	2.907757990328441e-02	2.951209226666385e-02
496525	2.654796001366588e-02	2.691534803926915e-02
497485	2.435950573925549e-02	2.454708915685030e-02
498690	2.245006796522342e-02	2.290867652767773e-02
499691	2.076848260091213e-02	2.089296130854040e-02
500648	1.925508299615875e-02	1.949844599758046e-02
501526	1.786035387733975e-02	1.819700858609984e-02
502528	1.658676371249401e-02	1.659586907437561e-02
503406	1.546097197921514e-02	1.548816618912481e-02
504325	1.450007344764559e-02	1.479108388168207e-02
505038	1.371733768050598e-02	1.380384264602885e-02
505874	1.312646175965171e-02	1.318256738556407e-02
506629	1.273896568826183e-02	1.288249551693134e-02
507548	1.254831280085167e-02	1.258925411794167e-02
1074178	1.229204485346591e-02	1.230268770812382e-02
1731036	1.182886240949266e-02	1.202264434617413e-02
1731912	1.082089037977452e-02	1.096478196143185e-02
1733035	8.851843522854397e-03	8.912509381337459e-03
1734200	6.859871525958128e-03	6.918309709189363e-03
1735407	5.185963710049424e-03	5.248074602497728e-03
1736490	3.906786041793398e-03	3.981071705534973e-03
1737696	2.970913656756946e-03	3.019951720402016e-03
1739024	2.295466976876104e-03	2.344228815319923e-03
1739901	1.811706366632748e-03	1.819700858609983e-03
1741187	1.469517254088726e-03	1.479108388168207e-03
1742558	1.232326622247260e-03	1.258925411794167e-03
1743930	1.074234460374357e-03	1.096478196143185e-03
1745757	9.766377576677643e-04	9.772372209558111e-04
1747171	9.206079953592017e-04	9.332543007969915e-04
1748623	8.900124354986882e-04	8.912509381337459e-04
2000000	8.779948758752543e-04	8.912509381337459e-04
%
% index = 3741, name = bbob_f008_i15_d20__bbob_f014_i16_d20
% instance = 7, reference value = 9.773890651198780e-01
% function evaluation | indicator value | target hit
1	2.076464014196378e+00	2.089296130854040e+00
59	2.019240519472878e+00	2.041737944669529e+00
60	1.963512877073878e+00	1.995262314968880e+00
101	1.834066584224378e+00	1.862087136662868e+00
142	1.661590964460878e+00	1.698243652461744e+00
183	1.500824819137878e+00	1.513561248436208e+00
224	1.351053669685378e+00	1.380384264602885e+00
265	1.211829198031878e+00	1.230268770812382e+00
306	1.082883038508378e+00	1.096478196143185e+00
347	9.674487167927895e-01	9.772372209558107e-01
388	8.830246206838853e-01	8.912509381337456e-01
429	8.011791661897020e-01	8.128305161640993e-01
470	7.234878882496327e-01	7.244359600749900e-01
511	6.510680199572179e-01	6.606934480075960e-01
552	5.845964254803138e-01	5.888436553555889e-01
593	5.243418937402392e-01	5.248074602497725e-01
634	4.702484461461194e-01	4.786300923226383e-01
675	4.220455449869313e-01	4.265795188015927e-01
716	3.793378470139612e-01	3.801893963205612e-01
757	3.416567026016277e-01	3.467368504525316e-01
798	3.084889389168779e-01	3.090295432513591e-01
839	2.793028615263899e-01	2.818382931264454e-01
880	2.535810129503111e-01	2.570395782768864e-01
921	2.308556636753758e-01	2.344228815319922e-01
962	2.107352744527738e-01	2.137962089502232e-01
1003	1.929436129009150e-01	1.949844599758045e-01
1044	1.774014684241685e-01	1.778279410038923e-01
1085	1.642988335347924e-01	1.659586907437560e-01
1126	1.539565107650402e-01	1.548816618912481e-01
1167	1.463066135434076e-01	1.479108388168208e-01
1208	1.409858139883370e-01	1.412537544622754e-01
1249	1.378718322468145e-01	1.380384264602885e-01
1372	1.331084108734716e-01	1.348962882591654e-01
1413	1.292647409653515e-01	1.318256738556407e-01
1577	1.287955416674151e-01	1.288249551693134e-01
1659	1.240772449123377e-01	1.258925411794167e-01
4761	1.229161028072592e-01	1.230268770812381e-01
5883	1.198453635447855e-01	1.202264434617413e-01
6796	1.159159449820206e-01	1.174897554939529e-01
7792	1.086007300485892e-01	1.096478196143185e-01
9118	9.598196860188601e-02	9.772372209558107e-02
10817	8.489180120602791e-02	8.511380382023763e-02
13422	7.666620239772781e-02	7.762471166286916e-02
15997	7.242610194399324e-02	7.244359600749903e-02
17615	6.820457897641163e-02	6.918309709189366e-02
19522	6.391911523022442e-02	6.456542290346556e-02
22082	6.011652977794824e-02	6.025595860743578e-02
24027	5.696175627274280e-02	5.754399373371569e-02
25849	5.410874761162487e-02	5.495408738576246e-02
28207	5.211061093901259e-02	5.248074602497726e-02
30281	5.101138980566655e-02	5.128613839913648e-02
32062	4.951858472917836e-02	5.011872336272722e-02
33556	4.796747310610039e-02	4.897788193684462e-02
35296	4.664114205934178e-02	4.677351412871981e-02
37077	4.569431042449434e-02	4.570881896148749e-02
54777	4.464732636244484e-02	4.466835921509630e-02
228874	4.187834339961560e-02	4.265795188015926e-02
229831	3.560141827710728e-02	3.630780547701014e-02
231202	2.938356078876581e-02	2.951209226666385e-02
232489	2.380121680492264e-02	2.398832919019490e-02
233817	1.883152049767656e-02	1.905460717963247e-02
235186	1.447198704200103e-02	1.479108388168207e-02
236719	1.074722841564257e-02	1.096478196143185e-02
238210	7.657764681376134e-03	7.762471166286920e-03
239825	5.246774538936849e-03	5.248074602497728e-03
241645	3.584472624141188e-03	3.630780547701014e-03
243261	2.672056884754248e-03	2.691534803926917e-03
245164	2.364574100486738e-03	2.398832919019490e-03
245221	2.334160309587330e-03	2.344228815319923e-03
251266	2.287515170805832e-03	2.290867652767772e-03
799848	2.193300114130325e-03	2.238721138568340e-03
800481	2.187667736943899e-03	2.187761623949552e-03
804499	2.102128796870328e-03	2.137962089502233e-03
806156	1.997958182621939e-03	2.041737944669530e-03
806213	1.994434163366865e-03	1.995262314968879e-03
807731	1.894726931403024e-03	1.905460717963246e-03
810085	1.804581333768818e-03	1.819700858609983e-03
811701	1.731930192444553e-03	1.737800828749376e-03
813358	1.673724846433688e-03	1.698243652461744e-03
814647	1.625094586024223e-03	1.659586907437561e-03
815934	1.583137754321617e-03	1.584893192461114e-03
817221	1.545066608252488e-03	1.548816618912481e-03
822576	1.511085417676084e-03	1.513561248436209e-03
836541	1.477512308598938e-03	1.479108388168207e-03
1313458	1.443552379294166e-03	1.445439770745928e-03
1318634	1.401393672623930e-03	1.412537544622754e-03
1321865	1.367239272280663e-03	1.380384264602885e-03
1324687	1.337120942685122e-03	1.348962882591653e-03
1327178	1.312745555585360e-03	1.318256738556408e-03
1927383	1.274688437843396e-03	1.288249551693134e-03
1928794	1.252017478054479e-03	1.258925411794167e-03
1931903	1.220501070200997e-03	1.230268770812381e-03
1938751	1.200010973011145e-03	1.202264434617413e-03
1944066	1.174797519323700e-03	1.174897554939529e-03
1956429	1.144888278715173e-03	1.148153621496883e-03
1970132	1.117880084669731e-03	1.122018454301963e-03
2000000	1.106230853734624e-03	1.122018454301963e-03
%
% index = 3742, name = bbob_f008_i17_d20__bbob_f014_i18_d20
% instance = 8, reference value = 9.624844563324050e-01
% function evaluation | indicator value | target hit
1	1.199333522355905e+00	1.202264434617413e+00
59	1.158527928456905e+00	1.174897554939530e+00
60	1.119098218997905e+00	1.122018454301963e+00
101	1.029330266543905e+00	1.047128548050900e+00
142	9.456167445466135e-01	9.549925860214360e-01
183	8.978870373565047e-01	9.120108393559098e-01
224	8.433086262587508e-01	8.511380382023764e-01
265	7.864864346224372e-01	7.943282347242815e-01
306	7.302327336530259e-01	7.413102413009175e-01
347	6.760889723214758e-01	6.918309709189365e-01
388	6.247501708457661e-01	6.309573444801932e-01
429	5.764084012357741e-01	5.888436553555889e-01
470	5.310278679153039e-01	5.370317963702527e-01
511	4.885329916270826e-01	4.897788193684462e-01
552	4.488932660176057e-01	4.570881896148750e-01
593	4.121310930010085e-01	4.168693834703354e-01
634	3.782975746087670e-01	3.801893963205612e-01
675	3.474443826955009e-01	3.548133892335755e-01
716	3.195992969542707e-01	3.235936569296283e-01
757	2.947441191644485e-01	2.951209226666385e-01
798	2.727931448272292e-01	2.754228703338166e-01
839	2.535755423882348e-01	2.570395782768864e-01
880	2.368328342460257e-01	2.398832919019490e-01
921	2.222459972052425e-01	2.238721138568339e-01
962	2.094936489221800e-01	2.137962089502232e-01
1003	1.983095496105906e-01	1.995262314968880e-01
1044	1.884869568779557e-01	1.905460717963247e-01
1085	1.798470548913402e-01	1.819700858609984e-01
1126	1.722104014658909e-01	1.737800828749375e-01
1167	1.654079071966112e-01	1.659586907437560e-01
1208	1.593296027083969e-01	1.621810097358930e-01
1249	1.539697868668602e-01	1.548816618912481e-01
1290	1.494506064074522e-01	1.513561248436208e-01
1331	1.460292739186805e-01	1.479108388168208e-01
1372	1.440746018120568e-01	1.445439770745928e-01
5770	1.408492352739316e-01	1.412537544622754e-01
7350	1.331063150901246e-01	1.348962882591654e-01
8184	1.246597140552638e-01	1.258925411794167e-01
9061	1.174381792300750e-01	1.174897554939529e-01
9856	1.119455921669333e-01	1.122018454301964e-01
10733	1.078885027572272e-01	1.096478196143185e-01
11650	1.049909200423681e-01	1.071519305237607e-01
12526	1.029993083259786e-01	1.047128548050900e-01
13320	1.016878296367990e-01	1.023292992280754e-01
17608	9.987318398425760e-02	1.000000000000000e-01
422458	9.619710922220803e-02	9.772372209558107e-02
423124	9.262890390963974e-02	9.332543007969910e-02
424038	8.580072005550676e-02	8.709635899560805e-02
424995	7.334545742919307e-02	7.413102413009177e-02
426283	6.140525297200106e-02	6.165950018614822e-02
427161	5.102920408550249e-02	5.128613839913648e-02
428203	4.201202658191983e-02	4.265795188015926e-02
429081	3.415388413041354e-02	3.467368504525317e-02
431270	2.729686024594791e-02	2.754228703338166e-02
432844	2.133303550283405e-02	2.137962089502233e-02
435155	1.620886971920366e-02	1.621810097358930e-02
436605	1.192739366867779e-02	1.202264434617413e-02
437973	8.529097066077962e-03	8.709635899560805e-03
439465	6.083341880815163e-03	6.165950018614822e-03
440425	4.653571764053566e-03	4.677351412871981e-03
441672	4.171980464469649e-03	4.265795188015926e-03
441724	4.168672327298006e-03	4.168693834703355e-03
441730	4.053057020138029e-03	4.073802778041126e-03
443716	3.962501718512534e-03	3.981071705534973e-03
625340	3.873939087483458e-03	3.890451449942805e-03
1170865	3.768707899575174e-03	3.801893963205613e-03
1172115	3.713363876483355e-03	3.715352290971724e-03
1174241	3.598154909254969e-03	3.630780547701014e-03
2000000	3.578201079962207e-03	3.630780547701014e-03
%
% index = 3743, name = bbob_f008_i19_d20__bbob_f014_i21_d20
% instance = 9, reference value = 9.588573850338860e-01
% function evaluation | indicator value | target hit
1	1.069293004209886e+00	1.071519305237606e+00
59	1.043888097153886e+00	1.047128548050900e+00
60	1.018981277071886e+00	1.023292992280754e+00
101	9.609984062253860e-01	9.772372209558107e-01
142	9.335704896291005e-01	9.549925860214360e-01
183	8.974949331904778e-01	9.120108393559098e-01
224	8.546444756079105e-01	8.709635899560807e-01
265	8.078107079277294e-01	8.128305161640993e-01
306	7.591601127522394e-01	7.762471166286917e-01
347	7.103030612958904e-01	7.244359600749900e-01
388	6.623669331082833e-01	6.760829753919817e-01
429	6.160824560764422e-01	6.165950018614822e-01
470	5.718853472199564e-01	5.754399373371569e-01
511	5.300230994210711e-01	5.370317963702527e-01
552	4.906490713887492e-01	5.011872336272722e-01
593	4.538902832485573e-01	4.570881896148750e-01
634	4.198848401408019e-01	4.265795188015927e-01
675	3.887871187984239e-01	3.890451449942806e-01
716	3.607316785243877e-01	3.630780547701014e-01
757	3.357471226292081e-01	3.388441561392025e-01
798	3.136532541978477e-01	3.162277660168379e-01
839	2.940591197528000e-01	2.951209226666385e-01
880	2.765421270244169e-01	2.818382931264454e-01
921	2.608303867579908e-01	2.630267991895382e-01
962	2.468000416269593e-01	2.511886431509580e-01
1003	2.343868583385434e-01	2.344228815319922e-01
1044	2.235259674866700e-01	2.238721138568339e-01
1085	2.141384663087357e-01	2.187761623949552e-01
1126	2.061469578796780e-01	2.089296130854039e-01
1167	1.994991016235197e-01	1.995262314968880e-01
1208	1.941799949413311e-01	1.949844599758045e-01
1249	1.901970806143132e-01	1.905460717963247e-01
1331	1.858677417823759e-01	1.862087136662867e-01
10529	1.819063671979126e-01	1.819700858609984e-01
38176	1.774230950720643e-01	1.778279410038923e-01
52238	1.722196648124376e-01	1.737800828749375e-01
56660	1.690429807870617e-01	1.698243652461744e-01
124473	1.656132485118652e-01	1.659586907437560e-01
766131	1.612185921957785e-01	1.621810097358930e-01
768197	1.539613631328661e-01	1.548816618912481e-01
770058	1.396182602256536e-01	1.412537544622754e-01
771961	1.244643053675817e-01	1.258925411794167e-01
773535	1.101194396187164e-01	1.122018454301964e-01
775109	9.675563291188471e-02	9.772372209558107e-02
776355	8.440787722796006e-02	8.511380382023763e-02
777437	7.306694007572068e-02	7.413102413009177e-02
778601	6.270872727899846e-02	6.309573444801933e-02
779765	5.330131088907497e-02	5.370317963702527e-02
780806	4.480638541444204e-02	4.570881896148749e-02
781806	3.718097520320707e-02	3.801893963205612e-02
782805	3.038211970511806e-02	3.090295432513590e-02
784009	2.437403649905212e-02	2.454708915685030e-02
785173	1.913531664505308e-02	1.949844599758046e-02
786420	1.467838818991729e-02	1.479108388168207e-02
787296	1.093974972140943e-02	1.096478196143185e-02
788255	7.932260855451845e-03	7.943282347242814e-03
789501	5.712326612879126e-03	5.754399373371567e-03
790706	4.298274237891642e-03	4.365158322401661e-03
791994	3.627397796057141e-03	3.630780547701014e-03
794266	3.472932281454844e-03	3.548133892335753e-03
794320	3.466070224460327e-03	3.467368504525317e-03
798976	3.388426598100791e-03	3.388441561392024e-03
1163201	3.277660856865872e-03	3.311311214825911e-03
1164981	3.188900526767791e-03	3.235936569296281e-03
1166310	3.103952104046570e-03	3.162277660168379e-03
1167352	3.035596225902215e-03	3.090295432513592e-03
1168352	2.989169047894591e-03	3.019951720402016e-03
1171214	2.938811679363496e-03	2.951209226666387e-03
1174500	2.858812964617985e-03	2.884031503126605e-03
1176580	2.788459609522898e-03	2.818382931264455e-03
1177744	2.749672877805254e-03	2.754228703338166e-03
1180277	2.673373133973977e-03	2.691534803926917e-03
1182564	2.609615601381732e-03	2.630267991895381e-03
1221827	2.567592791496431e-03	2.570395782768865e-03
2000000	2.523055195383095e-03	2.570395782768865e-03
%
% index = 3744, name = bbob_f008_i21_d20__bbob_f014_i22_d20
% instance = 10, reference value = 9.692599107176650e-01
% function evaluation | indicator value | target hit
1	8.056337856359514e-01	8.128305161640993e-01
59	7.893688366280148e-01	7.943282347242815e-01
60	7.731906600623585e-01	7.762471166286917e-01
101	7.346136988677375e-01	7.413102413009175e-01
142	6.814380411886125e-01	6.918309709189365e-01
183	6.303000033545780e-01	6.309573444801932e-01
224	5.815129309980922e-01	5.888436553555889e-01
265	5.353481513986329e-01	5.370317963702527e-01
306	4.920021559109913e-01	5.011872336272722e-01
347	4.515701384692524e-01	4.570881896148750e-01
388	4.140447656843990e-01	4.168693834703354e-01
429	3.793382037890971e-01	3.801893963205612e-01
470	3.473181425150611e-01	3.548133892335755e-01
511	3.178378803434927e-01	3.235936569296283e-01
552	2.907475176358471e-01	2.951209226666385e-01
593	2.658966795154361e-01	2.691534803926916e-01
634	2.431479177776362e-01	2.454708915685030e-01
675	2.224006575140886e-01	2.238721138568339e-01
716	2.036084172740757e-01	2.041737944669530e-01
757	1.867807803428829e-01	1.905460717963247e-01
798	1.719783568355666e-01	1.737800828749375e-01
839	1.593058849318422e-01	1.621810097358930e-01
880	1.488898034536483e-01	1.513561248436208e-01
921	1.408069392412078e-01	1.412537544622754e-01
962	1.349324941747330e-01	1.380384264602885e-01
1003	1.308649754178298e-01	1.318256738556407e-01
1044	1.282650048313394e-01	1.288249551693134e-01
3905	1.258713922920944e-01	1.258925411794167e-01
5575	1.196370541513404e-01	1.202264434617413e-01
6327	1.138089112927164e-01	1.148153621496883e-01
7122	1.087082726299603e-01	1.096478196143185e-01
8040	1.046804178693598e-01	1.047128548050900e-01
9286	1.015441034879202e-01	1.023292992280754e-01
10327	9.909379155239717e-02	1.000000000000000e-01
11245	9.707670792119805e-02	9.772372209558107e-02
12041	9.544228770595276e-02	9.549925860214359e-02
14880	9.281797570930217e-02	9.332543007969910e-02
374946	9.072282177509339e-02	9.120108393559097e-02
375989	8.674298462578700e-02	8.709635899560805e-02
376698	8.164422207558109e-02	8.317637711026708e-02
377450	7.212151574908077e-02	7.244359600749903e-02
378204	6.261198372898835e-02	6.309573444801933e-02
378999	5.391234237539411e-02	5.495408738576246e-02
379917	4.594744377132653e-02	4.677351412871981e-02
380753	3.861863073918437e-02	3.890451449942807e-02
381507	3.190799972220015e-02	3.235936569296283e-02
382302	2.581124111438082e-02	2.630267991895381e-02
383178	2.033873458885882e-02	2.041737944669529e-02
383972	1.551922513387882e-02	1.584893192461113e-02
384725	1.140000214481007e-02	1.148153621496883e-02
385478	8.048020483494067e-03	8.128305161640995e-03
386191	5.547512290204226e-03	5.623413251903491e-03
386946	3.981821714967415e-03	4.073802778041126e-03
386998	3.980631911772892e-03	3.981071705534973e-03
387742	3.346192780882995e-03	3.388441561392024e-03
387798	3.309062561488330e-03	3.311311214825911e-03
389113	3.190997099533854e-03	3.235936569296281e-03
389169	3.153957129741647e-03	3.162277660168379e-03
389171	3.089605443037269e-03	3.090295432513592e-03
392143	3.019785377013751e-03	3.019951720402016e-03
604816	2.944826880645568e-03	2.951209226666387e-03
2000000	2.908785904685574e-03	2.951209226666387e-03
