%
% index = 2070, name = bbob_f008_i02_d05__bbob_f013_i04_d05
% instance = 1, reference value = 8.704457390740060e-01
% function evaluation | indicator value | target hit
1	1.364437440080006e+00	1.380384264602885e+00
28	1.348253878615006e+00	1.348962882591654e+00
40	1.293351224222006e+00	1.318256738556407e+00
51	1.239329957569506e+00	1.258925411794167e+00
62	1.186502187983506e+00	1.202264434617413e+00
73	1.135334947833006e+00	1.148153621496883e+00
84	1.086534807516506e+00	1.096478196143185e+00
95	1.041165407230506e+00	1.047128548050900e+00
106	1.000756251504006e+00	1.023292992280754e+00
117	9.669865154055061e-01	9.772372209558107e-01
128	9.391702740955060e-01	9.549925860214360e-01
139	9.153786406095060e-01	9.332543007969910e-01
150	8.936632767285061e-01	9.120108393559098e-01
161	8.736346361190060e-01	8.912509381337456e-01
172	8.524591067206885e-01	8.709635899560807e-01
183	8.271874278031348e-01	8.317637711026710e-01
194	7.962360951143391e-01	8.128305161640993e-01
205	7.800955323852568e-01	7.943282347242815e-01
216	7.730623129228635e-01	7.762471166286917e-01
238	7.470168354848015e-01	7.585775750291838e-01
249	7.282565588818429e-01	7.413102413009175e-01
260	7.131443562399264e-01	7.244359600749900e-01
271	7.075622266696081e-01	7.079457843841379e-01
326	6.729110985258058e-01	6.760829753919817e-01
403	6.603469093556411e-01	6.606934480075960e-01
447	6.359265539010266e-01	6.456542290346555e-01
469	6.296030873889602e-01	6.309573444801932e-01
491	6.079827775999780e-01	6.165950018614822e-01
502	5.860362470552994e-01	5.888436553555889e-01
513	5.673612137788727e-01	5.754399373371569e-01
524	5.481821532825053e-01	5.495408738576245e-01
535	5.310400744545803e-01	5.370317963702527e-01
546	5.173808877480708e-01	5.248074602497725e-01
557	5.074927897592045e-01	5.128613839913648e-01
568	4.980380621192048e-01	5.011872336272722e-01
590	4.838117277020245e-01	4.897788193684462e-01
601	4.759934892390450e-01	4.786300923226383e-01
15916	4.671932791921677e-01	4.677351412871982e-01
16237	4.539686701656949e-01	4.570881896148750e-01
16404	4.391712659736714e-01	4.466835921509631e-01
16551	4.110357947941991e-01	4.168693834703354e-01
16744	3.842764502920640e-01	3.890451449942806e-01
16948	3.628067100734369e-01	3.630780547701014e-01
17127	3.430143805513947e-01	3.467368504525316e-01
17397	3.197749437022541e-01	3.235936569296283e-01
17656	2.927781065956927e-01	2.951209226666385e-01
17848	2.648564534964210e-01	2.691534803926916e-01
18051	2.375620925660828e-01	2.398832919019490e-01
18209	2.114519432121447e-01	2.137962089502232e-01
18366	1.868770127952193e-01	1.905460717963247e-01
18623	1.641556283922901e-01	1.659586907437560e-01
18960	1.435760452130704e-01	1.445439770745928e-01
19257	1.253484194652951e-01	1.258925411794167e-01
19624	1.095723503651815e-01	1.096478196143185e-01
19989	9.622157007816579e-02	9.772372209558107e-02
20799	8.514972491382167e-02	8.709635899560805e-02
21542	7.610745373570760e-02	7.762471166286916e-02
23258	6.874186993452602e-02	6.918309709189366e-02
25331	6.260523951211294e-02	6.309573444801933e-02
27620	5.713466650512922e-02	5.754399373371569e-02
30433	5.174255510585846e-02	5.248074602497726e-02
33685	4.589744810544172e-02	4.677351412871981e-02
36711	3.928802545295296e-02	3.981071705534973e-02
40040	3.189706127450764e-02	3.235936569296283e-02
43506	2.410380330912643e-02	2.454708915685030e-02
47212	2.325958415601914e-02	2.344228815319923e-02
47236	2.281987397281460e-02	2.290867652767773e-02
47238	2.222212957415004e-02	2.238721138568340e-02
47250	2.070272462317002e-02	2.089296130854040e-02
53709	1.913295876105880e-02	1.949844599758046e-02
53743	1.902146516709202e-02	1.905460717963247e-02
60155	1.858490373827071e-02	1.862087136662868e-02
62035	1.812069193999633e-02	1.819700858609984e-02
64812	1.771929808099781e-02	1.778279410038923e-02
65309	1.733925622781618e-02	1.737800828749375e-02
67954	1.682971714137216e-02	1.698243652461744e-02
70783	1.648806615133014e-02	1.659586907437561e-02
79238	1.618128837187105e-02	1.621810097358930e-02
85414	1.581397367133730e-02	1.584893192461113e-02
89337	1.546383966954534e-02	1.548816618912481e-02
94549	1.512316999481045e-02	1.513561248436208e-02
110460	1.477922585556357e-02	1.479108388168207e-02
120768	1.444957774718147e-02	1.445439770745927e-02
144646	1.412368801461883e-02	1.412537544622754e-02
178744	1.380265634271505e-02	1.380384264602885e-02
257099	1.348959332685229e-02	1.348962882591653e-02
500000	1.337788330233802e-02	1.348962882591653e-02
%
% index = 2071, name = bbob_f008_i03_d05__bbob_f013_i05_d05
% instance = 2, reference value = 8.828283029373170e-01
% function evaluation | indicator value | target hit
1	3.245058989815751e+00	3.311311214825911e+00
25	3.234721488337173e+00	3.235936569296283e+00
29	3.082895722111173e+00	3.090295432513591e+00
40	2.896310838025443e+00	2.951209226666386e+00
51	2.648675522834817e+00	2.691534803926916e+00
62	2.418569671796817e+00	2.454708915685031e+00
73	2.204554741141317e+00	2.238721138568339e+00
84	2.005766681181317e+00	2.041737944669529e+00
95	1.821375744460817e+00	1.862087136662868e+00
106	1.650585452657317e+00	1.659586907437561e+00
117	1.492631577768817e+00	1.513561248436208e+00
128	1.346781211637817e+00	1.348962882591654e+00
139	1.212332007934317e+00	1.230268770812382e+00
150	1.088611788812317e+00	1.096478196143185e+00
161	9.749787322233170e-01	9.772372209558107e-01
172	8.755723973717410e-01	8.912509381337456e-01
183	8.125647200344540e-01	8.128305161640993e-01
194	7.460390038026701e-01	7.585775750291838e-01
205	6.773265240442002e-01	6.918309709189365e-01
216	6.079460885139643e-01	6.165950018614822e-01
227	5.399393897600642e-01	5.495408738576245e-01
238	4.765853667373848e-01	4.786300923226383e-01
249	4.233743333954622e-01	4.265795188015927e-01
260	3.867634779869627e-01	3.890451449942806e-01
271	3.707263284473201e-01	3.715352290971726e-01
315	3.627431301029997e-01	3.630780547701014e-01
348	3.355426129683089e-01	3.388441561392025e-01
359	3.287905528981848e-01	3.311311214825911e-01
996	3.210720026787377e-01	3.235936569296283e-01
1066	3.158003214705580e-01	3.162277660168379e-01
1259	3.055231267235818e-01	3.090295432513591e-01
1443	2.860021894258108e-01	2.884031503126606e-01
1640	2.508471543451658e-01	2.511886431509580e-01
1861	2.175173676859414e-01	2.187761623949552e-01
2061	1.887985587851140e-01	1.905460717963247e-01
2272	1.641601539434185e-01	1.659586907437560e-01
2439	1.431238854939462e-01	1.445439770745928e-01
2629	1.252528098856220e-01	1.258925411794167e-01
2797	1.101513289527802e-01	1.122018454301964e-01
2954	9.746286930627590e-02	9.772372209558107e-02
3111	8.686879257591251e-02	8.709635899560805e-02
3268	7.808600711473701e-02	7.943282347242814e-02
3426	7.086416853067168e-02	7.244359600749903e-02
3584	6.498278710871541e-02	6.606934480075961e-02
3731	6.024718222935443e-02	6.025595860743578e-02
3889	5.648529757750609e-02	5.754399373371569e-02
4047	5.354447016089370e-02	5.370317963702527e-02
4204	5.128876133147886e-02	5.248074602497726e-02
4361	4.959706059715363e-02	5.011872336272722e-02
4518	4.836153518382968e-02	4.897788193684462e-02
4686	4.748685457878721e-02	4.786300923226382e-02
5023	4.649880569874110e-02	4.677351412871981e-02
32314	4.565478977221027e-02	4.570881896148749e-02
32509	4.242087435580899e-02	4.265795188015926e-02
32739	3.158762839756424e-02	3.162277660168379e-02
32994	2.139639758958412e-02	2.187761623949553e-02
33382	1.300884178000672e-02	1.318256738556407e-02
34129	1.255736298709764e-02	1.258925411794167e-02
34153	1.226880248182249e-02	1.230268770812382e-02
34154	1.200545206288139e-02	1.202264434617413e-02
34155	1.167686359215292e-02	1.174897554939530e-02
35363	1.105650373479861e-02	1.122018454301964e-02
35386	1.092250596041167e-02	1.096478196143185e-02
36034	1.070356557986230e-02	1.071519305237606e-02
37694	1.029249374043661e-02	1.047128548050900e-02
39094	1.018323963248169e-02	1.023292992280754e-02
39497	9.992224888871748e-03	1.000000000000000e-02
40656	9.416181140735058e-03	9.549925860214359e-03
41072	9.009077459587012e-03	9.120108393559097e-03
41411	8.699402863077021e-03	8.709635899560805e-03
41619	8.451890002091567e-03	8.511380382023767e-03
41794	8.230085919404773e-03	8.317637711026709e-03
41969	8.031567812699314e-03	8.128305161640995e-03
42122	7.906244995830258e-03	7.943282347242814e-03
42349	7.690941624896253e-03	7.762471166286920e-03
42492	7.583499877895417e-03	7.585775750291836e-03
43079	7.382624434102425e-03	7.413102413009177e-03
43484	7.197037764711589e-03	7.244359600749898e-03
43801	7.044127085965912e-03	7.079457843841380e-03
44172	6.897289402737483e-03	6.918309709189363e-03
44692	6.749021978377345e-03	6.760829753919818e-03
45243	6.572359767335056e-03	6.606934480075957e-03
45701	6.406764670113252e-03	6.456542290346556e-03
46175	6.272198986954081e-03	6.309573444801930e-03
46611	6.165170893354222e-03	6.165950018614822e-03
47190	6.019232193317459e-03	6.025595860743574e-03
47606	5.885382231693992e-03	5.888436553555890e-03
48310	5.740626449122654e-03	5.754399373371567e-03
49037	5.615257018489750e-03	5.623413251903491e-03
49932	5.485487470247463e-03	5.495408738576248e-03
51298	5.364929813911901e-03	5.370317963702527e-03
52428	5.243873209144434e-03	5.248074602497728e-03
53868	5.118542015514982e-03	5.128613839913648e-03
55268	5.003691680559141e-03	5.011872336272725e-03
56898	4.893154689898704e-03	4.897788193684461e-03
58262	4.781224752236302e-03	4.786300923226385e-03
60213	4.676295440617761e-03	4.677351412871981e-03
62733	4.567927198707133e-03	4.570881896148752e-03
65252	4.464624198730172e-03	4.466835921509630e-03
68898	4.364641065529251e-03	4.365158322401661e-03
72987	4.264807522301073e-03	4.265795188015926e-03
80977	4.167713705319986e-03	4.168693834703355e-03
87096	4.073503863256889e-03	4.073802778041126e-03
97871	3.980988730788337e-03	3.981071705534973e-03
113788	3.890376638989057e-03	3.890451449942805e-03
141543	3.801885468175947e-03	3.801893963205613e-03
311858	3.443646832631986e-03	3.467368504525317e-03
500000	3.443613242897992e-03	3.467368504525317e-03
%
% index = 2072, name = bbob_f008_i07_d05__bbob_f013_i08_d05
% instance = 3, reference value = 8.303039713809690e-01
% function evaluation | indicator value | target hit
1	1.158418337564469e+00	1.174897554939530e+00
29	1.139863395118469e+00	1.148153621496883e+00
40	1.117577821367969e+00	1.122018454301963e+00
51	1.086209686007469e+00	1.096478196143185e+00
62	1.055030212918969e+00	1.071519305237606e+00
73	1.024043328728469e+00	1.047128548050900e+00
84	9.932539285444690e-01	1.000000000000000e+00
95	9.626690844829691e-01	9.772372209558107e-01
106	9.323004266429691e-01	9.332543007969910e-01
117	9.021689348549691e-01	9.120108393559098e-01
128	8.723150933879691e-01	8.912509381337456e-01
139	8.428224570904690e-01	8.511380382023764e-01
150	8.139366203310463e-01	8.317637711026710e-01
161	7.860744358811114e-01	7.943282347242815e-01
172	7.607329268575280e-01	7.762471166286917e-01
183	7.415464575071287e-01	7.585775750291838e-01
194	7.294290042635783e-01	7.413102413009175e-01
205	7.213697836403352e-01	7.244359600749900e-01
249	7.055932431662130e-01	7.079457843841379e-01
315	6.908141886503444e-01	6.918309709189365e-01
28568	6.741610594270380e-01	6.760829753919817e-01
29076	6.577216486156510e-01	6.606934480075960e-01
29690	6.369794795954253e-01	6.456542290346555e-01
29992	6.277737135802366e-01	6.309573444801932e-01
30438	6.107811618022497e-01	6.165950018614822e-01
30971	5.949651027829248e-01	6.025595860743578e-01
31160	5.873160985378465e-01	5.888436553555889e-01
31814	5.722605595716030e-01	5.754399373371569e-01
32495	5.572026407690785e-01	5.623413251903491e-01
33432	5.417490661644677e-01	5.495408738576245e-01
33682	5.337376143817754e-01	5.370317963702527e-01
34269	5.168254432772390e-01	5.248074602497725e-01
34831	5.077705954397836e-01	5.128613839913648e-01
35207	4.981935729538352e-01	5.011872336272722e-01
35654	4.879876353110644e-01	4.897788193684462e-01
36072	4.770248374167030e-01	4.786300923226383e-01
36333	4.651619124191811e-01	4.677351412871982e-01
36653	4.522356030183022e-01	4.570881896148750e-01
36961	4.380701216957826e-01	4.466835921509631e-01
37223	4.224829774042601e-01	4.265795188015927e-01
37508	4.053186852590445e-01	4.073802778041127e-01
38057	3.864819345705975e-01	3.890451449942806e-01
38552	3.660010333557880e-01	3.715352290971726e-01
38991	3.440761107415320e-01	3.467368504525316e-01
39250	3.210733813649682e-01	3.235936569296283e-01
39665	2.974558437329291e-01	3.019951720402016e-01
40143	2.736696149898802e-01	2.754228703338166e-01
40621	2.500694648857719e-01	2.511886431509580e-01
41141	2.269022519950347e-01	2.290867652767773e-01
41375	2.043347892542386e-01	2.089296130854039e-01
41676	1.824862980190507e-01	1.862087136662867e-01
42020	1.614555886216061e-01	1.621810097358930e-01
42430	1.413379507326648e-01	1.445439770745928e-01
42785	1.222347516770892e-01	1.230268770812381e-01
43031	1.042572142401070e-01	1.047128548050900e-01
43310	8.752632599835874e-02	8.912509381337455e-02
43590	7.216893279161885e-02	7.244359600749903e-02
43967	5.831032753447163e-02	5.888436553555890e-02
44290	4.606602312596442e-02	4.677351412871981e-02
44558	3.553492150701998e-02	3.630780547701014e-02
44815	2.679752709627636e-02	2.691534803926915e-02
45238	1.991985012850250e-02	1.995262314968880e-02
45695	1.496386814356931e-02	1.513561248436208e-02
46153	1.199815818401484e-02	1.202264434617413e-02
47177	1.162904092197636e-02	1.174897554939530e-02
47929	1.138554786977197e-02	1.148153621496883e-02
48853	1.119875327946962e-02	1.122018454301964e-02
51199	1.095879229128482e-02	1.096478196143185e-02
56910	1.071513703058635e-02	1.071519305237606e-02
58370	1.021976647809009e-02	1.023292992280754e-02
58745	9.753773376425245e-03	9.772372209558112e-03
59032	9.312405232655085e-03	9.332543007969915e-03
59539	8.894973529631867e-03	8.912509381337459e-03
59804	8.501653030343004e-03	8.511380382023767e-03
60036	8.133349893481689e-03	8.317637711026709e-03
60301	7.791209778212016e-03	7.943282347242814e-03
60610	7.476096425317214e-03	7.585775750291836e-03
60843	7.188373248702251e-03	7.244359600749898e-03
61086	6.953960197527143e-03	7.079457843841380e-03
61406	6.744476233991992e-03	6.760829753919818e-03
61681	6.558415674719820e-03	6.606934480075957e-03
61978	6.434185551036364e-03	6.456542290346556e-03
62294	6.190082244869499e-03	6.309573444801930e-03
62620	6.072423824274642e-03	6.165950018614822e-03
62817	5.959400052954145e-03	6.025595860743574e-03
63104	5.847914661931464e-03	5.888436553555890e-03
63355	5.741009848337586e-03	5.754399373371567e-03
63848	5.529215807142163e-03	5.623413251903491e-03
64102	5.449677566033762e-03	5.495408738576248e-03
64420	5.348722954725549e-03	5.370317963702527e-03
64837	5.154310271566209e-03	5.248074602497728e-03
65046	5.061153175395239e-03	5.128613839913648e-03
65243	4.972364057384437e-03	5.011872336272725e-03
65441	4.885788725496387e-03	4.897788193684461e-03
65915	4.714695661620527e-03	4.786300923226385e-03
66288	4.634929733283055e-03	4.677351412871981e-03
66475	4.559199947367421e-03	4.570881896148752e-03
66884	4.407490315807117e-03	4.466835921509630e-03
67081	4.334628486699521e-03	4.365158322401661e-03
67300	4.262790417508211e-03	4.265795188015926e-03
67852	4.134334211663870e-03	4.168693834703355e-03
68356	4.022301549514884e-03	4.073802778041126e-03
68678	3.969172613156768e-03	3.981071705534973e-03
69137	3.871952322864414e-03	3.890451449942805e-03
69540	3.793550081831021e-03	3.801893963205613e-03
70094	3.700043556086885e-03	3.715352290971724e-03
70502	3.611005032740700e-03	3.630780547701014e-03
71061	3.522325397533721e-03	3.548133892335753e-03
71393	3.465910235561864e-03	3.467368504525317e-03
71899	3.383778736544718e-03	3.388441561392024e-03
72462	3.303896937998041e-03	3.311311214825911e-03
73005	3.226363670361443e-03	3.235936569296281e-03
74446	3.146776820494468e-03	3.162277660168379e-03
75093	3.073400541973692e-03	3.090295432513592e-03
75662	3.003770578003717e-03	3.019951720402016e-03
76299	2.942635096158441e-03	2.951209226666387e-03
76865	2.877827550655021e-03	2.884031503126605e-03
77800	2.814880129917152e-03	2.818382931264455e-03
78648	2.735791721517500e-03	2.754228703338166e-03
79179	2.679086050532797e-03	2.691534803926917e-03
79723	2.624194349227005e-03	2.630267991895381e-03
80497	2.553750038230329e-03	2.570395782768865e-03
81402	2.497372565582578e-03	2.511886431509579e-03
82414	2.454021862040578e-03	2.454708915685031e-03
83682	2.388245094659847e-03	2.398832919019490e-03
84326	2.341449937309004e-03	2.344228815319923e-03
85696	2.288230494113197e-03	2.290867652767772e-03
86529	2.234820217266620e-03	2.238721138568340e-03
87313	2.183203021038027e-03	2.187761623949552e-03
88025	2.133587863375475e-03	2.137962089502233e-03
88899	2.085826896032317e-03	2.089296130854039e-03
89846	2.039833339280706e-03	2.041737944669530e-03
92826	1.990796946478968e-03	1.995262314968879e-03
93670	1.945626888797847e-03	1.949844599758046e-03
94915	1.902350147151566e-03	1.905460717963246e-03
96194	1.857853575469193e-03	1.862087136662868e-03
97536	1.815445819149830e-03	1.819700858609983e-03
98672	1.775545014826130e-03	1.778279410038923e-03
99866	1.737732649947921e-03	1.737800828749376e-03
101265	1.696919688940590e-03	1.698243652461744e-03
103385	1.656576202035742e-03	1.659586907437561e-03
104920	1.620768271186734e-03	1.621810097358930e-03
106438	1.582349848534670e-03	1.584893192461114e-03
108258	1.548451042649002e-03	1.548816618912481e-03
110145	1.513292605323513e-03	1.513561248436209e-03
111894	1.478298418143398e-03	1.479108388168207e-03
113939	1.444912371806439e-03	1.445439770745928e-03
115497	1.411706897868070e-03	1.412537544622754e-03
117567	1.379025519841814e-03	1.380384264602885e-03
119623	1.348918214540751e-03	1.348962882591653e-03
121655	1.317784900072172e-03	1.318256738556408e-03
124371	1.287528666871096e-03	1.288249551693134e-03
126829	1.258353220503938e-03	1.258925411794167e-03
129252	1.230015562060260e-03	1.230268770812381e-03
133837	1.201599059932001e-03	1.202264434617413e-03
137260	1.174885579777074e-03	1.174897554939529e-03
143667	1.147772436470462e-03	1.148153621496883e-03
148191	1.121821212362706e-03	1.122018454301963e-03
151895	1.096204861444683e-03	1.096478196143185e-03
154243	1.071461192771905e-03	1.071519305237606e-03
157464	1.046760902651878e-03	1.047128548050900e-03
161398	1.023277561616243e-03	1.023292992280754e-03
165625	9.999298791804057e-04	1.000000000000000e-03
170282	9.771199086142657e-04	9.772372209558111e-04
179679	9.548697388666039e-04	9.549925860214359e-04
193598	9.331661011203751e-04	9.332543007969915e-04
199282	9.119941929808251e-04	9.120108393559096e-04
203867	8.912370211476839e-04	8.912509381337459e-04
211374	8.709416901639955e-04	8.709635899560805e-04
221477	8.511178134272823e-04	8.511380382023768e-04
243211	8.317408099405288e-04	8.317637711026709e-04
250253	8.128087143129958e-04	8.128305161640995e-04
262276	7.943169134370098e-04	7.943282347242813e-04
290288	7.762424617063779e-04	7.762471166286919e-04
327476	7.585770590528007e-04	7.585775750291835e-04
500000	7.426956094551684e-04	7.585775750291835e-04
%
% index = 2073, name = bbob_f008_i09_d05__bbob_f013_i10_d05
% instance = 4, reference value = 8.997301850271020e-01
% function evaluation | indicator value | target hit
1	9.255558503631021e-01	9.332543007969910e-01
29	9.056457468451020e-01	9.120108393559098e-01
51	8.752770310428095e-01	8.912509381337456e-01
62	8.553468359436323e-01	8.709635899560807e-01
73	8.329146557280546e-01	8.511380382023764e-01
84	8.084603672928556e-01	8.128305161640993e-01
95	7.824145661313298e-01	7.943282347242815e-01
106	7.551617731342999e-01	7.585775750291838e-01
117	7.270437457252523e-01	7.413102413009175e-01
128	6.983629239194398e-01	7.079457843841379e-01
139	6.693860137216923e-01	6.760829753919817e-01
150	6.403477165023839e-01	6.456542290346555e-01
161	6.114545931340580e-01	6.165950018614822e-01
172	5.828890442108363e-01	5.888436553555889e-01
183	5.548133883773577e-01	5.623413251903491e-01
194	5.273740020172994e-01	5.370317963702527e-01
205	5.007054911937572e-01	5.011872336272722e-01
216	4.749348359678695e-01	4.786300923226383e-01
227	4.501853910978898e-01	4.570881896148750e-01
238	4.265805279875826e-01	4.365158322401660e-01
249	4.042465011620316e-01	4.073802778041127e-01
260	3.833138383319606e-01	3.890451449942806e-01
271	3.639161360278226e-01	3.715352290971726e-01
282	3.461847981359855e-01	3.467368504525316e-01
293	3.302381389961786e-01	3.311311214825911e-01
304	3.161641818027803e-01	3.162277660168379e-01
315	3.039995292490865e-01	3.090295432513591e-01
326	2.937133497299621e-01	2.951209226666385e-01
337	2.852143943235506e-01	2.884031503126606e-01
348	2.783978291047627e-01	2.818382931264454e-01
359	2.732168175785100e-01	2.754228703338166e-01
381	2.679957259818292e-01	2.691534803926916e-01
1320	2.614215916265610e-01	2.630267991895382e-01
1801	2.560821257487177e-01	2.570395782768864e-01
28817	2.491894859813005e-01	2.511886431509580e-01
28913	2.449736661368916e-01	2.454708915685030e-01
29033	2.366017236515470e-01	2.398832919019490e-01
29144	2.201100209462387e-01	2.238721138568339e-01
29311	2.024573001874095e-01	2.041737944669530e-01
29446	1.851693884413264e-01	1.862087136662867e-01
29614	1.682571812655100e-01	1.698243652461744e-01
29793	1.517435219455570e-01	1.548816618912481e-01
29994	1.356619623906414e-01	1.380384264602885e-01
30184	1.200575382252773e-01	1.202264434617413e-01
30385	1.049879212418126e-01	1.071519305237607e-01
30586	9.052547079689821e-02	9.120108393559097e-02
30799	7.675822462179083e-02	7.762471166286916e-02
31101	6.379284381703210e-02	6.456542290346556e-02
31436	5.175568669452280e-02	5.248074602497726e-02
31592	4.079215237759759e-02	4.168693834703355e-02
31915	3.106783929823065e-02	3.162277660168379e-02
32196	2.276277687382211e-02	2.290867652767773e-02
32632	1.607167990303515e-02	1.621810097358930e-02
33055	1.119786565744008e-02	1.122018454301964e-02
33634	1.093382752299599e-02	1.096478196143185e-02
33659	1.066747328288531e-02	1.071519305237606e-02
33660	1.040323340148441e-02	1.047128548050900e-02
33661	1.002278616475416e-02	1.023292992280754e-02
33662	9.927931773397791e-03	1.000000000000000e-02
34149	9.767602854253599e-03	9.772372209558112e-03
34989	9.063957757149743e-03	9.120108393559097e-03
35176	8.893984498882457e-03	8.912509381337459e-03
36022	8.627751074950507e-03	8.709635899560805e-03
36057	8.412490468143297e-03	8.511380382023767e-03
36103	8.047056171714417e-03	8.128305161640995e-03
36979	7.677304632517590e-03	7.762471166286920e-03
37871	7.413784494519238e-03	7.585775750291836e-03
37895	7.240483674973985e-03	7.244359600749898e-03
39053	7.078970026399123e-03	7.079457843841380e-03
44170	6.590372140183987e-03	6.606934480075957e-03
44879	6.174647806535649e-03	6.309573444801930e-03
45301	5.805708820952216e-03	5.888436553555890e-03
45556	5.480618853349051e-03	5.495408738576248e-03
45801	5.195440570470611e-03	5.248074602497728e-03
46000	4.946752409043742e-03	5.011872336272725e-03
46303	4.730904710117390e-03	4.786300923226385e-03
46536	4.544274227111234e-03	4.570881896148752e-03
46736	4.383421135391918e-03	4.466835921509630e-03
46935	4.245209355851043e-03	4.265795188015926e-03
47133	4.127275576426670e-03	4.168693834703355e-03
47449	4.008869913028512e-03	4.073802778041126e-03
47636	3.897385929808816e-03	3.981071705534973e-03
48048	3.791976432243827e-03	3.801893963205613e-03
48282	3.692500963126344e-03	3.715352290971724e-03
48528	3.591380889121143e-03	3.630780547701014e-03
49414	3.465189804808255e-03	3.467368504525317e-03
49766	3.377032059079910e-03	3.388441561392024e-03
50065	3.290967646309206e-03	3.311311214825911e-03
50208	3.208552345729587e-03	3.235936569296281e-03
50407	3.130921458625369e-03	3.162277660168379e-03
50606	3.058567245737498e-03	3.090295432513592e-03
50803	2.985596209900465e-03	3.019951720402016e-03
50957	2.917626076531565e-03	2.951209226666387e-03
51100	2.854513851745399e-03	2.884031503126605e-03
51274	2.792912651564561e-03	2.818382931264455e-03
51439	2.733718643534111e-03	2.754228703338166e-03
51727	2.678932778179099e-03	2.691534803926917e-03
51991	2.627619866724329e-03	2.630267991895381e-03
52354	2.528491097382179e-03	2.570395782768865e-03
52563	2.484178421266803e-03	2.511886431509579e-03
52750	2.443334423374632e-03	2.454708915685031e-03
53100	2.368821923843911e-03	2.398832919019490e-03
53232	2.333718203613167e-03	2.344228815319923e-03
53591	2.270916381464927e-03	2.290867652767772e-03
53883	2.212358600529041e-03	2.238721138568340e-03
54262	2.184285389549290e-03	2.187761623949552e-03
54732	2.129029227346924e-03	2.137962089502233e-03
55153	2.076703770295674e-03	2.089296130854039e-03
55643	2.025946597964512e-03	2.041737944669530e-03
57180	1.982245864170395e-03	1.995262314968879e-03
57654	1.934826157088843e-03	1.949844599758046e-03
58013	1.889746852923757e-03	1.905460717963246e-03
58394	1.846316951583327e-03	1.862087136662868e-03
58780	1.805427952137451e-03	1.819700858609983e-03
59133	1.765619745271785e-03	1.778279410038923e-03
59396	1.726267854417096e-03	1.737800828749376e-03
59711	1.689473654516660e-03	1.698243652461744e-03
60024	1.654686597187816e-03	1.659586907437561e-03
60316	1.620969524019134e-03	1.621810097358930e-03
60715	1.572247349068800e-03	1.584893192461114e-03
61041	1.540632616238158e-03	1.548816618912481e-03
61425	1.511284014600434e-03	1.513561248436209e-03
61906	1.468929255951767e-03	1.479108388168207e-03
62209	1.442311510052807e-03	1.445439770745928e-03
62665	1.404218496062426e-03	1.412537544622754e-03
62851	1.379549949487968e-03	1.380384264602885e-03
63310	1.344763864601584e-03	1.348962882591653e-03
63776	1.312810352838034e-03	1.318256738556408e-03
64112	1.283972697526670e-03	1.288249551693134e-03
64533	1.257315744331633e-03	1.258925411794167e-03
65025	1.222437481989136e-03	1.230268770812381e-03
65348	1.198433242804886e-03	1.202264434617413e-03
65758	1.168746021988354e-03	1.174897554939529e-03
66191	1.147317218177180e-03	1.148153621496883e-03
66621	1.119674326006570e-03	1.122018454301963e-03
67048	1.095392008535034e-03	1.096478196143185e-03
67619	1.069778530380594e-03	1.071519305237606e-03
69436	1.041581599770525e-03	1.047128548050900e-03
69767	1.023051242209805e-03	1.023292992280754e-03
70232	9.983655097464128e-04	1.000000000000000e-03
70723	9.756102279940837e-04	9.772372209558111e-04
71181	9.538732911535952e-04	9.549925860214359e-04
71564	9.330024202505172e-04	9.332543007969915e-04
72143	9.080345951852919e-04	9.120108393559096e-04
72558	8.890775219630997e-04	8.912509381337459e-04
73077	8.708564579960054e-04	8.709635899560805e-04
73610	8.490618580356823e-04	8.511380382023768e-04
74237	8.280511648246502e-04	8.317637711026709e-04
74657	8.120022529043425e-04	8.128305161640995e-04
75139	7.928104765695387e-04	7.943282347242813e-04
75663	7.742692980843291e-04	7.762471166286919e-04
76146	7.567527558702825e-04	7.585775750291835e-04
76652	7.401729428787585e-04	7.413102413009177e-04
77297	7.241920462982554e-04	7.244359600749898e-04
77825	7.062474804856445e-04	7.079457843841380e-04
78401	6.893739184279379e-04	6.918309709189362e-04
79132	6.738932534280373e-04	6.760829753919819e-04
79734	6.596427380085590e-04	6.606934480075957e-04
80320	6.440015245593456e-04	6.456542290346556e-04
80868	6.294867266591897e-04	6.309573444801930e-04
81589	6.157569400718765e-04	6.165950018614823e-04
82151	6.010337970687729e-04	6.025595860743575e-04
82846	5.881673945304922e-04	5.888436553555889e-04
83427	5.744737835361446e-04	5.754399373371566e-04
83902	5.613254308375337e-04	5.623413251903491e-04
84448	5.486631980532453e-04	5.495408738576248e-04
85530	5.356323419416498e-04	5.370317963702527e-04
86016	5.245014079745536e-04	5.248074602497728e-04
86652	5.118386570475142e-04	5.128613839913648e-04
87375	5.005220797172916e-04	5.011872336272725e-04
87932	4.892826851100596e-04	4.897788193684461e-04
88499	4.776244566819798e-04	4.786300923226385e-04
89028	4.676902610436517e-04	4.677351412871981e-04
89583	4.570051738553849e-04	4.570881896148752e-04
90306	4.456899134467340e-04	4.466835921509630e-04
90784	4.358839008062887e-04	4.365158322401661e-04
91352	4.263414489542594e-04	4.265795188015926e-04
92158	4.161789105886493e-04	4.168693834703355e-04
92842	4.071763542932150e-04	4.073802778041126e-04
93548	3.978813769207612e-04	3.981071705534974e-04
94207	3.882441436646733e-04	3.890451449942805e-04
94967	3.794201890918725e-04	3.801893963205612e-04
95381	3.714501605107667e-04	3.715352290971724e-04
96109	3.630527523510452e-04	3.630780547701014e-04
96735	3.544216056383664e-04	3.548133892335753e-04
97243	3.464217072813858e-04	3.467368504525317e-04
97800	3.385120281289566e-04	3.388441561392024e-04
98437	3.308881309327383e-04	3.311311214825911e-04
98985	3.234134571847846e-04	3.235936569296281e-04
99678	3.159329409911926e-04	3.162277660168379e-04
100386	3.086537846807014e-04	3.090295432513592e-04
101002	3.019185034640604e-04	3.019951720402016e-04
101725	2.949701874026545e-04	2.951209226666387e-04
102377	2.881734140064429e-04	2.884031503126605e-04
103063	2.817335805698207e-04	2.818382931264455e-04
103788	2.752419319040911e-04	2.754228703338166e-04
104460	2.688103071614156e-04	2.691534803926917e-04
105023	2.628540943221402e-04	2.630267991895381e-04
105635	2.567491587026627e-04	2.570395782768865e-04
106490	2.510603483172336e-04	2.511886431509580e-04
107239	2.454402520516430e-04	2.454708915685031e-04
107943	2.397113376600979e-04	2.398832919019490e-04
108449	2.342507219639245e-04	2.344228815319923e-04
109118	2.290487947526065e-04	2.290867652767772e-04
109738	2.237690970799955e-04	2.238721138568340e-04
110450	2.186851200438600e-04	2.187761623949552e-04
111413	2.137864974046666e-04	2.137962089502232e-04
112209	2.088651051659340e-04	2.089296130854039e-04
113102	2.041586232117698e-04	2.041737944669530e-04
113860	1.994848613371403e-04	1.995262314968879e-04
114709	1.948513314673495e-04	1.949844599758046e-04
115379	1.903980828806828e-04	1.905460717963246e-04
116164	1.861812131942475e-04	1.862087136662868e-04
116987	1.818724361620783e-04	1.819700858609983e-04
117624	1.777723414105870e-04	1.778279410038923e-04
118270	1.737476080057032e-04	1.737800828749376e-04
119022	1.697546446618459e-04	1.698243652461744e-04
119695	1.658644939800391e-04	1.659586907437562e-04
120685	1.620746844234189e-04	1.621810097358930e-04
121670	1.584677940055235e-04	1.584893192461114e-04
122696	1.548406032814142e-04	1.548816618912481e-04
123387	1.513421668420944e-04	1.513561248436209e-04
124092	1.478628290767503e-04	1.479108388168207e-04
124837	1.445183477216672e-04	1.445439770745928e-04
125516	1.412006683965128e-04	1.412537544622754e-04
125980	1.379818441621383e-04	1.380384264602885e-04
126514	1.348425317752033e-04	1.348962882591653e-04
127239	1.317771860378514e-04	1.318256738556407e-04
128330	1.287467019029931e-04	1.288249551693134e-04
129240	1.258321411434782e-04	1.258925411794167e-04
129846	1.229729522027601e-04	1.230268770812381e-04
130567	1.201671082536881e-04	1.202264434617413e-04
131463	1.174854254910596e-04	1.174897554939529e-04
132305	1.147795641328608e-04	1.148153621496883e-04
133119	1.121704728729300e-04	1.122018454301963e-04
134815	1.096476396149626e-04	1.096478196143185e-04
136193	1.071306758486656e-04	1.071519305237606e-04
137227	1.046854725904600e-04	1.047128548050900e-04
138016	1.023016949239786e-04	1.023292992280754e-04
139017	9.995255439609885e-05	1.000000000000000e-04
139902	9.769013701721452e-05	9.772372209558111e-05
140867	9.549798412256116e-05	9.549925860214369e-05
141915	9.330001199503446e-05	9.332543007969905e-05
142462	9.116247469009853e-05	9.120108393559096e-05
143065	8.910783601900896e-05	8.912509381337459e-05
143879	8.706613462250434e-05	8.709635899560814e-05
144689	8.510284188223416e-05	8.511380382023759e-05
146085	8.316512947081911e-05	8.317637711026709e-05
147269	8.126299424049410e-05	8.128305161640995e-05
148031	7.941942264610979e-05	7.943282347242822e-05
149079	7.761123378047241e-05	7.762471166286911e-05
149747	7.584146499506339e-05	7.585775750291836e-05
150623	7.411588237127287e-05	7.413102413009176e-05
151233	7.242914885252638e-05	7.244359600749906e-05
151841	7.078563948237360e-05	7.079457843841373e-05
152294	6.916229902886872e-05	6.918309709189363e-05
153971	6.759838115832917e-05	6.760829753919819e-05
154619	6.606850875245929e-05	6.606934480075965e-05
155418	6.454663965582697e-05	6.456542290346549e-05
156081	6.309166120199716e-05	6.309573444801929e-05
156595	6.164935796582061e-05	6.165950018614822e-05
157654	6.024353121703019e-05	6.025595860743581e-05
158041	5.887343407151580e-05	5.888436553555884e-05
159101	5.754297630111704e-05	5.754399373371566e-05
160654	5.622723399945073e-05	5.623413251903491e-05
161575	5.495237078634307e-05	5.495408738576248e-05
162103	5.369657475495782e-05	5.370317963702532e-05
163578	5.247132977526103e-05	5.248074602497723e-05
164618	5.128154623545988e-05	5.128613839913648e-05
165852	5.011617443395622e-05	5.011872336272725e-05
166824	4.897337893972065e-05	4.897788193684466e-05
167647	4.785453639222226e-05	4.786300923226380e-05
168342	4.676497941569213e-05	4.677351412871981e-05
169103	4.570572881668067e-05	4.570881896148752e-05
169857	4.466353251741939e-05	4.466835921509635e-05
171760	4.365094611769038e-05	4.365158322401657e-05
172924	4.265789259105812e-05	4.265795188015926e-05
173656	4.168574166529826e-05	4.168693834703355e-05
174688	4.073693257855560e-05	4.073802778041130e-05
175638	3.980943228931721e-05	3.981071705534969e-05
176449	3.889901564668730e-05	3.890451449942805e-05
177207	3.801724889773705e-05	3.801893963205612e-05
177771	3.714899153739459e-05	3.715352290971728e-05
179418	3.630491015271797e-05	3.630780547701010e-05
181397	3.547675105364245e-05	3.548133892335753e-05
182493	3.467239918530929e-05	3.467368504525317e-05
182831	3.388201082732412e-05	3.388441561392028e-05
183545	3.310948761292565e-05	3.311311214825908e-05
184913	3.235896033471075e-05	3.235936569296281e-05
185292	3.162138556322969e-05	3.162277660168380e-05
187554	3.090175685249719e-05	3.090295432513592e-05
189234	3.019898730138859e-05	3.019951720402019e-05
190235	2.951157717301367e-05	2.951209226666384e-05
190714	2.883829633770763e-05	2.884031503126606e-05
192407	2.818346570387931e-05	2.818382931264455e-05
193622	2.754089998502351e-05	2.754228703338169e-05
195018	2.691339195315390e-05	2.691534803926914e-05
196849	2.630129421765659e-05	2.630267991895381e-05
197607	2.570380034161435e-05	2.570395782768864e-05
198382	2.511820840989110e-05	2.511886431509582e-05
199586	2.454601596790784e-05	2.454708915685029e-05
201581	2.398780669210510e-05	2.398832919019490e-05
203029	2.344060792069946e-05	2.344228815319923e-05
204218	2.290725565345930e-05	2.290867652767775e-05
205063	2.238576710678064e-05	2.238721138568338e-05
206013	2.187658115926361e-05	2.187761623949552e-05
206901	2.137941516766606e-05	2.137962089502232e-05
207600	2.089219771850281e-05	2.089296130854041e-05
210300	2.041713089717678e-05	2.041737944669527e-05
211974	1.995240760754857e-05	1.995262314968879e-05
213121	1.949801051526201e-05	1.949844599758046e-05
214061	1.905434614690726e-05	1.905460717963248e-05
215958	1.861997428276307e-05	1.862087136662866e-05
216567	1.819666147639953e-05	1.819700858609983e-05
218780	1.778218222192596e-05	1.778279410038923e-05
220624	1.737787664435331e-05	1.737800828749376e-05
222210	1.698241251923971e-05	1.698243652461746e-05
223582	1.659533120590417e-05	1.659586907437560e-05
225143	1.621754161174049e-05	1.621810097358930e-05
227268	1.584878848970295e-05	1.584893192461114e-05
228702	1.548772838377843e-05	1.548816618912483e-05
230465	1.513554242171811e-05	1.513561248436207e-05
232031	1.479071353371886e-05	1.479108388168207e-05
234297	1.445404441469123e-05	1.445439770745928e-05
236246	1.412533850220221e-05	1.412537544622755e-05
238233	1.380350059188018e-05	1.380384264602884e-05
239461	1.348948185642129e-05	1.348962882591653e-05
240793	1.318255605253782e-05	1.318256738556407e-05
242032	1.288239134522584e-05	1.288249551693135e-05
338119	1.226754296601573e-05	1.230268770812381e-05
338130	1.015579621144180e-05	1.023292992280754e-05
432732	9.999953692663155e-06	1.000000000000000e-05
500000	9.981508210077372e-06	1.000000000000000e-05
%
% index = 2074, name = bbob_f008_i11_d05__bbob_f013_i12_d05
% instance = 5, reference value = 9.274763094939100e-01
% function evaluation | indicator value | target hit
1	2.838763176586858e+01	2.884031503126606e+01
26	2.815923404790097e+01	2.818382931264453e+01
28	2.748295002242200e+01	2.754228703338166e+01
29	2.660178851705286e+01	2.691534803926915e+01
40	2.456993397645937e+01	2.511886431509580e+01
51	2.191218403824310e+01	2.238721138568340e+01
62	1.949490600089857e+01	1.949844599758045e+01
73	1.730390394798326e+01	1.737800828749375e+01
84	1.532558544421293e+01	1.548816618912481e+01
95	1.354696628756650e+01	1.380384264602885e+01
106	1.195567185030762e+01	1.202264434617413e+01
117	1.053993150333528e+01	1.071519305237607e+01
128	9.288558038634873e+00	9.332543007969910e+00
139	8.190901206093653e+00	8.317637711026711e+00
150	7.236758331677384e+00	7.244359600749901e+00
161	6.416221033693059e+00	6.456542290346556e+00
172	5.719438887565228e+00	5.754399373371569e+00
183	5.136297518227102e+00	5.248074602497725e+00
194	4.656050978699263e+00	4.677351412871983e+00
205	4.267013207924135e+00	4.365158322401660e+00
216	3.956470011462106e+00	3.981071705534972e+00
227	3.710954843234049e+00	3.715352290971725e+00
238	3.516900879872579e+00	3.548133892335755e+00
249	3.361496017163833e+00	3.388441561392026e+00
260	3.227220126178410e+00	3.235936569296283e+00
271	3.094050243395410e+00	3.162277660168380e+00
282	2.961238754947910e+00	3.019951720402016e+00
293	2.828816238740910e+00	2.884031503126606e+00
304	2.696830749986410e+00	2.754228703338166e+00
315	2.565362745444410e+00	2.570395782768863e+00
326	2.434555135457910e+00	2.454708915685031e+00
337	2.304675638968910e+00	2.344228815319922e+00
348	2.176246781403410e+00	2.187761623949553e+00
359	2.050294017342910e+00	2.089296130854040e+00
370	1.928651250790410e+00	1.949844599758045e+00
381	1.813701032398910e+00	1.819700858609983e+00
392	1.706883079358410e+00	1.737800828749375e+00
403	1.608112858552910e+00	1.621810097358930e+00
414	1.517531243927910e+00	1.548816618912481e+00
425	1.437709393552910e+00	1.445439770745927e+00
436	1.376840763229910e+00	1.380384264602885e+00
458	1.319267163883910e+00	1.348962882591654e+00
469	1.265050259788910e+00	1.288249551693134e+00
480	1.216545206389410e+00	1.230268770812382e+00
513	1.198574652106410e+00	1.202264434617413e+00
524	1.172729395746910e+00	1.174897554939530e+00
535	1.109398213203410e+00	1.122018454301963e+00
546	1.088643294067410e+00	1.096478196143185e+00
568	1.050066710245410e+00	1.071519305237606e+00
579	1.007914186421910e+00	1.023292992280754e+00
590	9.519289984479100e-01	9.549925860214360e-01
601	9.191355927509378e-01	9.332543007969910e-01
612	9.029282703852675e-01	9.120108393559098e-01
623	8.800394375897916e-01	8.912509381337456e-01
634	8.461509511790462e-01	8.511380382023764e-01
645	8.100319302027648e-01	8.128305161640993e-01
678	7.927615809291932e-01	7.943282347242815e-01
700	7.461893526653831e-01	7.585775750291838e-01
28381	7.409538294873159e-01	7.413102413009175e-01
28910	7.121665466888334e-01	7.244359600749900e-01
29100	6.839303359031909e-01	6.918309709189365e-01
29336	6.371753297574116e-01	6.456542290346555e-01
29693	6.292554011227618e-01	6.309573444801932e-01
84663	5.994475150222522e-01	6.025595860743578e-01
84674	5.604031694536926e-01	5.623413251903491e-01
84685	5.255287632351674e-01	5.370317963702527e-01
84696	4.929762754801182e-01	5.011872336272722e-01
84707	4.720575427861610e-01	4.786300923226383e-01
84718	4.552122868633279e-01	4.570881896148750e-01
84762	4.430233185697990e-01	4.466835921509631e-01
84773	4.330800312664350e-01	4.365158322401660e-01
84828	4.257653479816410e-01	4.265795188015927e-01
84839	4.146201782058809e-01	4.168693834703354e-01
113714	4.033023589763598e-01	4.073802778041127e-01
113867	3.940170766979390e-01	3.981071705534972e-01
114087	3.759868736146672e-01	3.801893963205612e-01
114254	3.417385173932947e-01	3.467368504525316e-01
114444	2.786917787186241e-01	2.818382931264454e-01
114624	2.164913972768474e-01	2.187761623949552e-01
114749	1.609082073489647e-01	1.621810097358930e-01
114907	1.121050208539576e-01	1.122018454301964e-01
115121	7.029127827930937e-02	7.079457843841380e-02
115345	3.537011283646341e-02	3.548133892335755e-02
115635	3.403232859867056e-02	3.467368504525317e-02
115656	3.376739382906202e-02	3.388441561392026e-02
115658	3.299646867875883e-02	3.311311214825911e-02
115659	3.203386518176354e-02	3.235936569296283e-02
115660	3.040631505667690e-02	3.090295432513590e-02
115661	2.898054863988908e-02	2.951209226666385e-02
115673	2.397554972823568e-02	2.398832919019490e-02
116186	2.343139245336956e-02	2.344228815319923e-02
116777	1.737700988854363e-02	1.737800828749375e-02
117321	1.638842909278093e-02	1.659586907437561e-02
119652	1.621709236397961e-02	1.621810097358930e-02
120286	1.571515384318090e-02	1.584893192461113e-02
121741	1.511467627298946e-02	1.513561248436208e-02
207497	1.453857465715758e-02	1.479108388168207e-02
207696	1.398340439284707e-02	1.412537544622754e-02
207851	1.351424092647591e-02	1.380384264602885e-02
207995	1.316266589206649e-02	1.318256738556407e-02
208161	1.284155366167650e-02	1.288249551693134e-02
208316	1.258802699929240e-02	1.258925411794167e-02
208766	1.218493529318321e-02	1.230268770812382e-02
209063	1.191766911317116e-02	1.202264434617413e-02
209303	1.169267537411456e-02	1.174897554939530e-02
209751	1.143650229810156e-02	1.148153621496883e-02
210529	1.117204774248248e-02	1.122018454301964e-02
211538	1.095750334084744e-02	1.096478196143185e-02
212714	1.067969593868645e-02	1.071519305237606e-02
213650	1.046881266440791e-02	1.047128548050900e-02
215225	1.022614598418092e-02	1.023292992280754e-02
218371	9.995000496200168e-03	1.000000000000000e-02
221130	9.772098863817358e-03	9.772372209558112e-03
227422	9.547521280056981e-03	9.549925860214359e-03
236791	9.332211274496349e-03	9.332543007969915e-03
265254	9.120022718635656e-03	9.120108393559097e-03
500000	8.974849917657179e-03	9.120108393559097e-03
%
% index = 2075, name = bbob_f008_i13_d05__bbob_f013_i14_d05
% instance = 6, reference value = 9.313609546950020e-01
% function evaluation | indicator value | target hit
1	2.706598539829637e+00	2.754228703338166e+00
26	2.685616646855542e+00	2.691534803926916e+00
28	2.623699783787908e+00	2.630267991895382e+00
29	2.543536963702446e+00	2.570395782768863e+00
40	2.361399121115376e+00	2.398832919019490e+00
51	2.130844368520879e+00	2.137962089502232e+00
62	1.932633299489974e+00	1.949844599758045e+00
73	1.768371211636979e+00	1.778279410038923e+00
84	1.640682713738455e+00	1.659586907437561e+00
95	1.552395864423159e+00	1.584893192461114e+00
106	1.498793284196002e+00	1.513561248436208e+00
117	1.450055184935002e+00	1.479108388168207e+00
128	1.401997275973502e+00	1.412537544622754e+00
139	1.354669319694502e+00	1.380384264602885e+00
150	1.308125116910502e+00	1.318256738556407e+00
161	1.262422688216502e+00	1.288249551693134e+00
172	1.217624382778002e+00	1.230268770812382e+00
183	1.173796904024502e+00	1.174897554939530e+00
194	1.131011210620502e+00	1.148153621496883e+00
205	1.089342250911002e+00	1.096478196143185e+00
216	1.048868490854502e+00	1.071519305237606e+00
227	1.009671198776502e+00	1.023292992280754e+00
238	9.718334704925019e-01	9.772372209558107e-01
249	9.354390308875019e-01	9.549925860214360e-01
260	9.020139418939230e-01	9.120108393559098e-01
271	8.695162601589820e-01	8.709635899560807e-01
282	8.381092575215019e-01	8.511380382023764e-01
293	8.081249370325391e-01	8.128305161640993e-01
304	7.798301267658256e-01	7.943282347242815e-01
315	7.534546252991533e-01	7.585775750291838e-01
326	7.292319890043890e-01	7.413102413009175e-01
337	7.074625745217822e-01	7.079457843841379e-01
348	6.885882042490151e-01	6.918309709189365e-01
359	6.730843632031575e-01	6.760829753919817e-01
381	6.521045111690942e-01	6.606934480075960e-01
403	6.357556430317988e-01	6.456542290346555e-01
414	6.173861768454161e-01	6.309573444801932e-01
425	6.129123775776832e-01	6.165950018614822e-01
447	6.021160237295260e-01	6.025595860743578e-01
458	5.860399416770463e-01	5.888436553555889e-01
469	5.731054070832042e-01	5.754399373371569e-01
502	5.596104379749705e-01	5.623413251903491e-01
513	5.471625440250091e-01	5.495408738576245e-01
535	5.351921008570202e-01	5.370317963702527e-01
568	5.139587583856737e-01	5.248074602497725e-01
579	4.979708489510576e-01	5.011872336272722e-01
612	4.887999361614058e-01	4.897788193684462e-01
634	4.656635847756753e-01	4.677351412871982e-01
667	4.570458284408692e-01	4.570881896148750e-01
689	4.328549772488690e-01	4.365158322401660e-01
733	4.241364334771327e-01	4.265795188015927e-01
744	4.094371152524288e-01	4.168693834703354e-01
755	4.059611690371788e-01	4.073802778041127e-01
799	3.946672183350134e-01	3.981071705534972e-01
810	3.836808823111225e-01	3.890451449942806e-01
865	3.701666976336195e-01	3.715352290971726e-01
40618	3.616572273681989e-01	3.630780547701014e-01
40898	3.508864985155008e-01	3.548133892335755e-01
41063	3.368004174603593e-01	3.388441561392025e-01
41230	3.095316733298112e-01	3.162277660168379e-01
41399	2.808755137006212e-01	2.818382931264454e-01
41591	2.532660877765849e-01	2.570395782768864e-01
41738	2.266750502225787e-01	2.290867652767773e-01
41907	2.010679954068804e-01	2.041737944669530e-01
42108	1.764441469763181e-01	1.778279410038923e-01
42287	1.528370349320780e-01	1.548816618912481e-01
42509	1.303023991285518e-01	1.318256738556407e-01
42709	1.089161958549807e-01	1.096478196143185e-01
42931	8.877250610245113e-02	8.912509381337455e-02
43142	6.998355965965697e-02	7.079457843841380e-02
43331	5.268092502888189e-02	5.370317963702527e-02
43553	3.701694789497856e-02	3.715352290971726e-02
43786	2.316740710933274e-02	2.344228815319923e-02
44052	1.138564417414734e-02	1.148153621496883e-02
44453	1.043064742729649e-02	1.047128548050900e-02
46820	1.016667930275383e-02	1.023292992280754e-02
47338	9.911299777543126e-03	1.000000000000000e-02
47350	9.678514423284601e-03	9.772372209558112e-03
47385	9.248985450524883e-03	9.332543007969915e-03
49752	8.522243182070066e-03	8.709635899560805e-03
52395	7.933767765272659e-03	7.943282347242814e-03
52407	7.488199303159360e-03	7.585775750291836e-03
52469	7.176226860871382e-03	7.244359600749898e-03
52526	6.984116610488589e-03	7.079457843841380e-03
52562	6.889880903418022e-03	6.918309709189363e-03
120216	6.759691463559814e-03	6.760829753919818e-03
121219	6.596066381029719e-03	6.606934480075957e-03
121252	6.429742419607143e-03	6.456542290346556e-03
126882	6.302434753458819e-03	6.309573444801930e-03
130109	5.807079119121816e-03	5.888436553555890e-03
130273	5.365474050513575e-03	5.370317963702527e-03
130327	4.975947664732749e-03	5.011872336272725e-03
130436	4.633899492700544e-03	4.677351412871981e-03
130578	4.335016651040746e-03	4.365158322401661e-03
130676	4.110932407411561e-03	4.168693834703355e-03
130818	3.919133228912686e-03	3.981071705534973e-03
130960	3.756583347776954e-03	3.801893963205613e-03
131102	3.631727889900516e-03	3.715352290971724e-03
131165	3.513873255247768e-03	3.548133892335753e-03
131228	3.401659587350947e-03	3.467368504525317e-03
131269	3.360257604117067e-03	3.388441561392024e-03
131377	3.247963089049954e-03	3.311311214825911e-03
131531	3.143052982862993e-03	3.162277660168379e-03
131572	3.043999800702246e-03	3.090295432513592e-03
131624	2.951674924214109e-03	3.019951720402016e-03
131687	2.864634708238833e-03	2.884031503126605e-03
131761	2.773651919475095e-03	2.818382931264455e-03
131926	2.692778644006522e-03	2.754228703338166e-03
132000	2.616665094296144e-03	2.630267991895381e-03
132085	2.546194972554150e-03	2.570395782768865e-03
132148	2.474139359368133e-03	2.511886431509579e-03
132303	2.412543287203750e-03	2.454708915685031e-03
132445	2.355370953321723e-03	2.398832919019490e-03
132552	2.302898911999973e-03	2.344228815319923e-03
132681	2.247558474000932e-03	2.290867652767772e-03
132848	2.198561239351804e-03	2.238721138568340e-03
132988	2.153844358821266e-03	2.187761623949552e-03
133128	2.112263942491532e-03	2.137962089502233e-03
133268	2.074562462919372e-03	2.089296130854039e-03
133408	2.040120184166549e-03	2.041737944669530e-03
133646	1.978193637878545e-03	1.995262314968879e-03
133914	1.948490552614701e-03	1.949844599758046e-03
134059	1.889907319682083e-03	1.905460717963246e-03
134098	1.861634735114470e-03	1.862087136662868e-03
134351	1.796554026686659e-03	1.819700858609983e-03
134390	1.770105410398126e-03	1.778279410038923e-03
134502	1.718075012853371e-03	1.737800828749376e-03
134541	1.692387354966240e-03	1.698243652461744e-03
134721	1.643294329003453e-03	1.659586907437561e-03
134760	1.620011228127494e-03	1.621810097358930e-03
134951	1.574133406991085e-03	1.584893192461114e-03
135029	1.531012308540802e-03	1.548816618912481e-03
135068	1.510610643466914e-03	1.513561248436209e-03
135260	1.470339688575240e-03	1.479108388168207e-03
135360	1.432649608982151e-03	1.445439770745928e-03
135585	1.396278543901897e-03	1.412537544622754e-03
135679	1.379175282789524e-03	1.380384264602885e-03
135871	1.347371344868065e-03	1.348962882591653e-03
136201	1.304074353053575e-03	1.318256738556408e-03
136416	1.276691138053399e-03	1.288249551693134e-03
136616	1.249345407825397e-03	1.258925411794167e-03
136689	1.224274330182129e-03	1.230268770812381e-03
136792	1.197198019038836e-03	1.202264434617413e-03
136865	1.173147233169081e-03	1.174897554939529e-03
137059	1.139012149518170e-03	1.148153621496883e-03
137225	1.116824804645922e-03	1.122018454301963e-03
137392	1.088196548284626e-03	1.096478196143185e-03
137585	1.070593625240313e-03	1.071519305237606e-03
137788	1.039757706141731e-03	1.047128548050900e-03
137911	1.017454314258592e-03	1.023292992280754e-03
138198	9.952876404909494e-04	1.000000000000000e-03
138389	9.738851656707626e-04	9.772372209558111e-04
138501	9.514379316829524e-04	9.549925860214359e-04
138716	9.273161030558530e-04	9.332543007969915e-04
138839	9.074833954878514e-04	9.120108393559096e-04
139086	8.880730987101959e-04	8.912509381337459e-04
139230	8.690344196320421e-04	8.709635899560805e-04
139548	8.506774724352795e-04	8.511380382023768e-04
139886	8.271995597095572e-04	8.317637711026709e-04
140652	8.107009434702439e-04	8.128305161640995e-04
140821	7.941976636962611e-04	7.943282347242813e-04
141050	7.733070443654011e-04	7.762471166286919e-04
141161	7.584965574762847e-04	7.585775750291835e-04
141390	7.393199899528025e-04	7.413102413009177e-04
141663	7.212739748013730e-04	7.244359600749898e-04
141903	7.042612214865906e-04	7.079457843841380e-04
142294	6.890199060389790e-04	6.918309709189362e-04
142891	6.752603014753555e-04	6.760829753919819e-04
143474	6.587409450209414e-04	6.606934480075957e-04
144045	6.441908702197185e-04	6.456542290346556e-04
144191	6.281197993832643e-04	6.309573444801930e-04
144338	6.154572813883430e-04	6.165950018614823e-04
144517	6.004983769193339e-04	6.025595860743575e-04
144781	5.863231790967927e-04	5.888436553555889e-04
144960	5.732236516775568e-04	5.754399373371566e-04
145210	5.611956368622995e-04	5.623413251903491e-04
145513	5.480349882571733e-04	5.495408738576248e-04
145900	5.360324408096862e-04	5.370317963702527e-04
146129	5.246591026296654e-04	5.248074602497728e-04
146439	5.118137853158400e-04	5.128613839913648e-04
146700	5.011144300488546e-04	5.011872336272725e-04
147008	4.888598374128694e-04	4.897788193684461e-04
147342	4.781425124239513e-04	4.786300923226385e-04
147627	4.666057397725298e-04	4.677351412871981e-04
148936	4.567076213711774e-04	4.570881896148752e-04
149699	4.455505760477818e-04	4.466835921509630e-04
150007	4.364180849081301e-04	4.365158322401661e-04
150478	4.258780214710933e-04	4.265795188015926e-04
151170	4.167786862544487e-04	4.168693834703355e-04
151509	4.072033669103581e-04	4.073802778041126e-04
152238	3.976389668631786e-04	3.981071705534974e-04
152568	3.888857257150491e-04	3.890451449942805e-04
153225	3.792080505357065e-04	3.801893963205612e-04
153764	3.711327275470744e-04	3.715352290971724e-04
154223	3.623560694226979e-04	3.630780547701014e-04
154760	3.539821049378666e-04	3.548133892335753e-04
155636	3.465361587462468e-04	3.467368504525317e-04
156280	3.382962478605256e-04	3.388441561392024e-04
156627	3.304367652628981e-04	3.311311214825911e-04
157197	3.234235788804884e-04	3.235936569296281e-04
157666	3.154627890158412e-04	3.162277660168379e-04
157885	3.085626838759126e-04	3.090295432513592e-04
158152	3.019581079950484e-04	3.019951720402016e-04
158676	2.950846249991645e-04	2.951209226666387e-04
158967	2.879948479218575e-04	2.884031503126605e-04
159338	2.816132401880500e-04	2.818382931264455e-04
159836	2.749568480819864e-04	2.754228703338166e-04
160100	2.687499342048927e-04	2.691534803926917e-04
160399	2.627158041134114e-04	2.630267991895381e-04
160661	2.568621687069061e-04	2.570395782768865e-04
160870	2.511366563413553e-04	2.511886431509580e-04
161146	2.451476692379995e-04	2.454708915685031e-04
162790	2.396097077175252e-04	2.398832919019490e-04
163112	2.342812821531925e-04	2.344228815319923e-04
163794	2.286908655929620e-04	2.290867652767772e-04
164832	2.236526978283138e-04	2.238721138568340e-04
165509	2.186911966146621e-04	2.187761623949552e-04
166340	2.136151365045302e-04	2.137962089502232e-04
166589	2.087687214267220e-04	2.089296130854039e-04
167202	2.040498040325467e-04	2.041737944669530e-04
167993	1.995224115417527e-04	1.995262314968879e-04
168245	1.949575631678968e-04	1.949844599758046e-04
169186	1.903345456516492e-04	1.905460717963246e-04
169899	1.861438549735084e-04	1.862087136662868e-04
170793	1.817833191655183e-04	1.819700858609983e-04
172793	1.776807463430563e-04	1.778279410038923e-04
174641	1.737199986072691e-04	1.737800828749376e-04
175843	1.697723633791171e-04	1.698243652461744e-04
176936	1.657801859205055e-04	1.659586907437562e-04
177287	1.621730525596110e-04	1.621810097358930e-04
178030	1.584680128381422e-04	1.584893192461114e-04
178327	1.547191208794985e-04	1.548816618912481e-04
178705	1.513294042133628e-04	1.513561248436209e-04
179196	1.478286578371346e-04	1.479108388168207e-04
179526	1.444689983937097e-04	1.445439770745928e-04
180019	1.412499138299106e-04	1.412537544622754e-04
180423	1.379544217799955e-04	1.380384264602885e-04
180973	1.348853501643710e-04	1.348962882591653e-04
181215	1.317992776974641e-04	1.318256738556407e-04
181413	1.288036985686025e-04	1.288249551693134e-04
182122	1.258607380800747e-04	1.258925411794167e-04
182297	1.229928584904894e-04	1.230268770812381e-04
182553	1.201932625199964e-04	1.202264434617413e-04
184398	1.174700278895324e-04	1.174897554939529e-04
185135	1.147222714406038e-04	1.148153621496883e-04
187758	1.121213734824877e-04	1.122018454301963e-04
188389	1.096448686646045e-04	1.096478196143185e-04
189270	1.070874353571449e-04	1.071519305237606e-04
189435	1.047069021178348e-04	1.047128548050900e-04
190108	1.022710149266581e-04	1.023292992280754e-04
190796	9.998181368586767e-05	1.000000000000000e-04
191391	9.767627604440055e-05	9.772372209558111e-05
192777	9.544859924837112e-05	9.549925860214369e-05
193598	9.329036578775707e-05	9.332543007969905e-05
195513	9.118402659979985e-05	9.120108393559096e-05
197434	8.908685528385973e-05	8.912509381337459e-05
198979	8.708930104306400e-05	8.709635899560814e-05
199748	8.507741069641028e-05	8.511380382023759e-05
200766	8.313183126185120e-05	8.317637711026709e-05
201251	8.126356556248382e-05	8.128305161640995e-05
201717	7.939738137741070e-05	7.943282347242822e-05
202555	7.761488919366677e-05	7.762471166286911e-05
202981	7.583136866939899e-05	7.585775750291836e-05
203024	7.410994054890541e-05	7.413102413009176e-05
203252	7.241150640413530e-05	7.244359600749906e-05
203816	7.078645026525887e-05	7.079457843841373e-05
204224	6.917113833126987e-05	6.918309709189363e-05
204403	6.758351165125909e-05	6.760829753919819e-05
204954	6.604347330307903e-05	6.606934480075965e-05
205262	6.456417257216795e-05	6.456542290346549e-05
206074	6.308990065495568e-05	6.309573444801929e-05
207103	6.165483340359046e-05	6.165950018614822e-05
207295	6.023200633598069e-05	6.025595860743581e-05
208922	5.887333825815855e-05	5.888436553555884e-05
211391	5.753203327907297e-05	5.754399373371566e-05
212025	5.621438591330019e-05	5.623413251903491e-05
213315	5.494682668816253e-05	5.495408738576248e-05
214225	5.368568565533582e-05	5.370317963702532e-05
214910	5.247973762290137e-05	5.248074602497723e-05
215740	5.126966352442253e-05	5.128613839913648e-05
216355	5.011144040734106e-05	5.011872336272725e-05
217872	4.896672490883880e-05	4.897788193684466e-05
219166	4.785194318501773e-05	4.786300923226380e-05
221059	4.676575888507006e-05	4.677351412871981e-05
222970	4.570226576905423e-05	4.570881896148752e-05
224464	4.465990329627356e-05	4.466835921509635e-05
225522	4.364895613040431e-05	4.365158322401657e-05
226955	4.264645445506421e-05	4.265795188015926e-05
227375	4.167573219127085e-05	4.168693834703355e-05
227907	4.073330274656506e-05	4.073802778041130e-05
228172	3.980221724808608e-05	3.981071705534969e-05
228638	3.889620411778871e-05	3.890451449942805e-05
229309	3.801869351671705e-05	3.801893963205612e-05
229576	3.715316932817458e-05	3.715352290971728e-05
230224	3.630326878689694e-05	3.630780547701010e-05
230622	3.547845914564363e-05	3.548133892335753e-05
230954	3.466760415804515e-05	3.467368504525317e-05
231759	3.388050848918134e-05	3.388441561392028e-05
232528	3.311014881601793e-05	3.311311214825908e-05
233187	3.235866311201985e-05	3.235936569296281e-05
234805	3.162108204657343e-05	3.162277660168380e-05
235937	3.089725477745109e-05	3.090295432513592e-05
238169	3.019415327853991e-05	3.019951720402019e-05
241366	2.951056191480284e-05	2.951209226666384e-05
242197	2.883952990284655e-05	2.884031503126606e-05
242971	2.818029711970649e-05	2.818382931264455e-05
243598	2.754161219942208e-05	2.754228703338169e-05
244247	2.691200102533653e-05	2.691534803926914e-05
244651	2.630037316941891e-05	2.630267991895381e-05
246587	2.570183771177792e-05	2.570395782768864e-05
248744	2.511574366392821e-05	2.511886431509582e-05
250503	2.454662362771920e-05	2.454708915685029e-05
253836	2.398504504830257e-05	2.398832919019490e-05
255715	2.344033827328396e-05	2.344228815319923e-05
256940	2.290799505066943e-05	2.290867652767775e-05
258122	2.238544200594550e-05	2.238721138568338e-05
258779	2.187542686871158e-05	2.187761623949552e-05
259081	2.137807734337027e-05	2.137962089502232e-05
259285	2.089032845398187e-05	2.089296130854041e-05
259918	2.041679619269043e-05	2.041737944669527e-05
260105	1.995112797947840e-05	1.995262314968879e-05
260643	1.949695862213385e-05	1.949844599758046e-05
261638	1.905337592245093e-05	1.905460717963248e-05
261997	1.861909315337140e-05	1.862087136662866e-05
262470	1.819655360368877e-05	1.819700858609983e-05
263005	1.778216511183484e-05	1.778279410038923e-05
263513	1.737779611288293e-05	1.737800828749376e-05
264638	1.698085143742034e-05	1.698243652461746e-05
265832	1.659529775954738e-05	1.659586907437560e-05
268183	1.621672727414314e-05	1.621810097358930e-05
271993	1.584755731143250e-05	1.584893192461114e-05
273851	1.548719133359633e-05	1.548816618912483e-05
274549	1.513479737791368e-05	1.513561248436207e-05
275365	1.479044996821610e-05	1.479108388168207e-05
275925	1.445342239847491e-05	1.445439770745928e-05
276418	1.412521398835853e-05	1.412537544622755e-05
278738	1.380323914634829e-05	1.380384264602884e-05
280497	1.348947535517731e-05	1.348962882591653e-05
281988	1.318205755673763e-05	1.318256738556407e-05
286050	1.288181710279446e-05	1.288249551693135e-05
287907	1.258845780505169e-05	1.258925411794166e-05
289316	1.230268585450389e-05	1.230268770812381e-05
290270	1.202228321550702e-05	1.202264434617413e-05
290751	1.174886833266164e-05	1.174897554939530e-05
291827	1.148106627524292e-05	1.148153621496882e-05
292722	1.121974958517846e-05	1.122018454301963e-05
293579	1.096431102165507e-05	1.096478196143185e-05
295246	1.071492062343360e-05	1.071519305237607e-05
296023	1.047102127516020e-05	1.047128548050899e-05
297418	1.023281620093908e-05	1.023292992280754e-05
298112	9.999613836186860e-06	1.000000000000000e-05
500000	9.892662530153196e-06	1.000000000000000e-05
%
% index = 2076, name = bbob_f008_i15_d05__bbob_f013_i16_d05
% instance = 7, reference value = 9.024974865040580e-01
% function evaluation | indicator value | target hit
1	2.053426651524857e+00	2.089296130854040e+00
26	2.035984228090518e+00	2.041737944669529e+00
28	1.984319432191058e+00	1.995262314968880e+00
29	1.916931328600058e+00	1.949844599758045e+00
40	1.761178553666558e+00	1.778279410038923e+00
51	1.556537390349058e+00	1.584893192461114e+00
62	1.369284999189058e+00	1.380384264602885e+00
73	1.198353386285558e+00	1.202264434617413e+00
84	1.042717486176558e+00	1.047128548050900e+00
95	9.023125873679158e-01	9.120108393559098e-01
106	8.774686503144162e-01	8.912509381337456e-01
117	8.487460623514271e-01	8.511380382023764e-01
128	8.170114746785826e-01	8.317637711026710e-01
139	7.830395573398756e-01	7.943282347242815e-01
150	7.475230983660587e-01	7.585775750291838e-01
161	7.110836274005833e-01	7.244359600749900e-01
172	6.742826971258815e-01	6.760829753919817e-01
183	6.376339318127834e-01	6.456542290346555e-01
194	6.016159104509843e-01	6.025595860743578e-01
205	5.666858756811877e-01	5.754399373371569e-01
216	5.332941367502690e-01	5.370317963702527e-01
227	5.018987743599828e-01	5.128613839913648e-01
238	4.729794256399600e-01	4.786300923226383e-01
249	4.470453900635197e-01	4.570881896148750e-01
260	4.246178145688544e-01	4.265795188015927e-01
271	4.061091155315510e-01	4.073802778041127e-01
282	3.914322446096046e-01	3.981071705534972e-01
293	3.795675849774791e-01	3.801893963205612e-01
304	3.692779703463478e-01	3.715352290971726e-01
315	3.600413794732601e-01	3.630780547701014e-01
326	3.517573001463309e-01	3.548133892335755e-01
337	3.444245478139069e-01	3.467368504525316e-01
348	3.380686015654982e-01	3.388441561392025e-01
370	3.284467242202649e-01	3.311311214825911e-01
392	3.232586007204464e-01	3.235936569296283e-01
1562	3.155330730992250e-01	3.162277660168379e-01
2137	3.088574527614898e-01	3.090295432513591e-01
23995	3.009987197035613e-01	3.019951720402016e-01
24255	2.860794925766661e-01	2.884031503126606e-01
24410	2.666197045817055e-01	2.691534803926916e-01
24566	2.456503656947595e-01	2.511886431509580e-01
24723	2.245369157021173e-01	2.290867652767773e-01
24869	2.030530748416542e-01	2.041737944669530e-01
25027	1.811950055002891e-01	1.819700858609984e-01
25218	1.590910893646856e-01	1.621810097358930e-01
25420	1.369663224936274e-01	1.380384264602885e-01
25589	1.151318077136547e-01	1.174897554939529e-01
25769	9.397267458385083e-02	9.549925860214359e-02
26004	7.393364263913471e-02	7.413102413009177e-02
26228	5.550135586101601e-02	5.623413251903491e-02
26419	3.919549891032170e-02	3.981071705534973e-02
26720	2.554792006677353e-02	2.570395782768863e-02
27197	1.509741247652485e-02	1.513561248436208e-02
27884	1.365326097573860e-02	1.380384264602885e-02
27907	1.345469121320619e-02	1.348962882591653e-02
27909	1.297797277558521e-02	1.318256738556407e-02
27921	1.286208246710629e-02	1.288249551693134e-02
28487	1.255607565395944e-02	1.258925411794167e-02
29207	1.221368424659608e-02	1.230268770812382e-02
29972	1.191429829713697e-02	1.202264434617413e-02
31438	1.168562819515995e-02	1.174897554939530e-02
31460	1.135525299512907e-02	1.148153621496883e-02
32138	1.119541303575544e-02	1.122018454301964e-02
32695	1.095879478573236e-02	1.096478196143185e-02
33131	1.064107286888205e-02	1.071519305237606e-02
33142	1.046734277543926e-02	1.047128548050900e-02
35078	9.642415587166164e-03	9.772372209558112e-03
35410	9.000336755979443e-03	9.120108393559097e-03
35565	8.623490298339087e-03	8.709635899560805e-03
35731	8.384591270848007e-03	8.511380382023767e-03
35952	8.079815392817769e-03	8.128305161640995e-03
36118	7.887110700775524e-03	7.943282347242814e-03
36262	7.705827548945665e-03	7.762471166286920e-03
36470	7.538866131508448e-03	7.585775750291836e-03
36634	7.372916512678018e-03	7.413102413009177e-03
36777	7.209188473900507e-03	7.244359600749898e-03
36930	7.058741597712470e-03	7.079457843841380e-03
37249	6.824120026889702e-03	6.918309709189363e-03
37425	6.728246404481331e-03	6.760829753919818e-03
37730	6.541763126523437e-03	6.606934480075957e-03
37907	6.453382840520772e-03	6.456542290346556e-03
38366	6.277717720028053e-03	6.309573444801930e-03
38922	6.137610501305568e-03	6.165950018614822e-03
39302	6.004099309237398e-03	6.025595860743574e-03
39705	5.877105976490493e-03	5.888436553555890e-03
40300	5.715810554414502e-03	5.754399373371567e-03
40775	5.607022647034277e-03	5.623413251903491e-03
41473	5.483759712656355e-03	5.495408738576248e-03
42301	5.347052862141211e-03	5.370317963702527e-03
43029	5.229867116806508e-03	5.248074602497728e-03
43720	5.120056322802435e-03	5.128613839913648e-03
44704	5.008216445954505e-03	5.011872336272725e-03
45813	4.887826395030603e-03	4.897788193684461e-03
47020	4.778182124811181e-03	4.786300923226385e-03
47947	4.675972647449567e-03	4.677351412871981e-03
49235	4.567796317747841e-03	4.570881896148752e-03
51243	4.460938571062889e-03	4.466835921509630e-03
52989	4.361415012370196e-03	4.365158322401661e-03
55292	4.264171999528221e-03	4.265795188015926e-03
58286	4.166762423601256e-03	4.168693834703355e-03
61509	4.071523489831752e-03	4.073802778041126e-03
66662	3.980724572784200e-03	3.981071705534973e-03
71792	3.889696643526785e-03	3.890451449942805e-03
80166	3.801813433708001e-03	3.801893963205613e-03
93155	3.715287684192048e-03	3.715352290971724e-03
111459	3.630690194262765e-03	3.630780547701014e-03
143556	3.548120696169166e-03	3.548133892335753e-03
290801	3.092917181500621e-03	3.162277660168379e-03
290812	2.203357435310971e-03	2.238721138568340e-03
500000	2.203305752720874e-03	2.238721138568340e-03
%
% index = 2077, name = bbob_f008_i17_d05__bbob_f013_i18_d05
% instance = 8, reference value = 8.043023845378420e-01
% function evaluation | indicator value | target hit
1	2.264036553303342e+00	2.290867652767773e+00
27	2.230466731036342e+00	2.238721138568339e+00
29	2.132016544714842e+00	2.137962089502232e+00
40	1.980731324548842e+00	1.995262314968880e+00
51	1.781036217894842e+00	1.819700858609983e+00
62	1.597359132712842e+00	1.621810097358930e+00
73	1.428894525641842e+00	1.445439770745927e+00
84	1.274859675351342e+00	1.288249551693134e+00
95	1.134491845886842e+00	1.148153621496883e+00
106	1.007044772327842e+00	1.023292992280754e+00
117	8.917844041053419e-01	9.120108393559098e-01
128	8.010391055802598e-01	8.128305161640993e-01
139	7.803346849382201e-01	7.943282347242815e-01
150	7.585467831072715e-01	7.585775750291838e-01
161	7.361819461753389e-01	7.413102413009175e-01
172	7.136731546789687e-01	7.244359600749900e-01
183	6.913766771362172e-01	6.918309709189365e-01
194	6.695691138026335e-01	6.760829753919817e-01
205	6.484457379342624e-01	6.606934480075960e-01
216	6.281216908218988e-01	6.309573444801932e-01
227	6.086376840566207e-01	6.165950018614822e-01
238	5.899712499597048e-01	6.025595860743578e-01
249	5.720529832571927e-01	5.754399373371569e-01
260	5.547852054228136e-01	5.623413251903491e-01
271	5.380593191567048e-01	5.495408738576245e-01
282	5.217688222485496e-01	5.248074602497725e-01
293	5.058170832783964e-01	5.128613839913648e-01
304	4.901210110907920e-01	5.011872336272722e-01
315	4.746126346360262e-01	4.786300923226383e-01
326	4.592403801043815e-01	4.677351412871982e-01
337	4.439711368694515e-01	4.466835921509631e-01
348	4.287935362835865e-01	4.365158322401660e-01
359	4.137224213593164e-01	4.168693834703354e-01
370	3.988042505553158e-01	4.073802778041127e-01
381	3.841230986925638e-01	3.890451449942806e-01
392	3.698069405516001e-01	3.715352290971726e-01
403	3.560339609170033e-01	3.630780547701014e-01
414	3.430386195268928e-01	3.467368504525316e-01
425	3.311168266454408e-01	3.311311214825911e-01
436	3.206280447562711e-01	3.235936569296283e-01
447	3.119865899208952e-01	3.162277660168379e-01
458	3.056132638166341e-01	3.090295432513591e-01
469	3.017217574850926e-01	3.019951720402016e-01
524	2.946141651421774e-01	2.951209226666385e-01
1645	2.862672970936283e-01	2.884031503126606e-01
1876	2.810603847406706e-01	2.818382931264454e-01
2076	2.722578228208251e-01	2.754228703338166e-01
2344	2.646196581088748e-01	2.691534803926916e-01
2669	2.587170514932308e-01	2.630267991895382e-01
2951	2.542868943214970e-01	2.570395782768864e-01
3254	2.510588626811996e-01	2.511886431509580e-01
4324	2.452075578116992e-01	2.454708915685030e-01
37254	2.371962660311723e-01	2.398832919019490e-01
37406	2.307096858354742e-01	2.344228815319922e-01
37593	2.179624394562297e-01	2.187761623949552e-01
37804	1.934319194525181e-01	1.949844599758045e-01
38039	1.680104906624759e-01	1.698243652461744e-01
38230	1.440926814245151e-01	1.445439770745928e-01
38387	1.217399638950863e-01	1.230268770812381e-01
38588	1.010281396894305e-01	1.023292992280754e-01
38778	8.206825631497305e-02	8.317637711026708e-02
38903	6.501003342139955e-02	6.606934480075961e-02
39116	5.004131123690325e-02	5.011872336272722e-02
39329	3.738310977565584e-02	3.801893963205612e-02
39499	2.727532433210389e-02	2.754228703338166e-02
39746	1.994044527503946e-02	1.995262314968880e-02
40037	1.551255451828493e-02	1.584893192461113e-02
40295	1.392984869102976e-02	1.412537544622754e-02
40769	1.374495146204424e-02	1.380384264602885e-02
42459	1.345054505150423e-02	1.348962882591653e-02
43925	1.317409078535814e-02	1.318256738556407e-02
44504	1.283617597562114e-02	1.288249551693134e-02
45849	1.256721981809750e-02	1.258925411794167e-02
47795	1.230092593318144e-02	1.230268770812382e-02
48005	1.163613239985328e-02	1.174897554939530e-02
48250	1.099342496841094e-02	1.122018454301964e-02
48428	1.035468500283265e-02	1.047128548050900e-02
48584	9.801844040370988e-03	1.000000000000000e-02
48762	9.336992190989268e-03	9.549925860214359e-03
48951	8.884934795790222e-03	8.912509381337459e-03
49117	8.478622867883367e-03	8.511380382023767e-03
49239	8.210900214544514e-03	8.317637711026709e-03
49371	7.945174748581030e-03	8.128305161640995e-03
49514	7.708835916029000e-03	7.762471166286920e-03
49690	7.512901998554034e-03	7.585775750291836e-03
49843	7.329625429804643e-03	7.413102413009177e-03
49996	7.162462900653588e-03	7.244359600749898e-03
50140	7.000213194196414e-03	7.079457843841380e-03
50305	6.839074538884549e-03	6.918309709189363e-03
50470	6.680174874615141e-03	6.760829753919818e-03
50668	6.525871175983688e-03	6.606934480075957e-03
50800	6.372560545694017e-03	6.456542290346556e-03
51021	6.232937333192301e-03	6.309573444801930e-03
51197	6.137134069484018e-03	6.165950018614822e-03
51351	6.002829227591877e-03	6.025595860743574e-03
51527	5.864573109999993e-03	5.888436553555890e-03
51761	5.731914378347414e-03	5.754399373371567e-03
51926	5.598019048434044e-03	5.623413251903491e-03
52126	5.469015202336780e-03	5.495408738576248e-03
52302	5.368178008206881e-03	5.370317963702527e-03
52664	5.137513456165421e-03	5.248074602497728e-03
52910	5.025175912788393e-03	5.128613839913648e-03
53063	4.916845425228633e-03	5.011872336272725e-03
53216	4.814009224252236e-03	4.897788193684461e-03
53325	4.716763811858371e-03	4.786300923226385e-03
53434	4.622473552725936e-03	4.677351412871981e-03
53690	4.549199903583823e-03	4.570881896148752e-03
54034	4.414662954596915e-03	4.466835921509630e-03
54142	4.360958063810871e-03	4.365158322401661e-03
54391	4.232708400382146e-03	4.265795188015926e-03
54629	4.114920496395391e-03	4.168693834703355e-03
54840	4.065214362762859e-03	4.073802778041126e-03
55054	3.972401701045514e-03	3.981071705534973e-03
55368	3.884343877426089e-03	3.890451449942805e-03
55673	3.801418477259233e-03	3.801893963205613e-03
56065	3.680464172105880e-03	3.715352290971724e-03
56424	3.601053376777075e-03	3.630780547701014e-03
56787	3.521050439027396e-03	3.548133892335753e-03
57124	3.443710642191733e-03	3.467368504525317e-03
57429	3.368403277619114e-03	3.388441561392024e-03
57767	3.298100924961522e-03	3.311311214825911e-03
58173	3.229799296625480e-03	3.235936569296281e-03
58444	3.161781231457939e-03	3.162277660168379e-03
58937	3.063127034609869e-03	3.090295432513592e-03
59153	2.998230216903930e-03	3.019951720402016e-03
59550	2.934230344831090e-03	2.951209226666387e-03
59900	2.871698798290079e-03	2.884031503126605e-03
60370	2.791966733632911e-03	2.818382931264455e-03
60710	2.734975715971144e-03	2.754228703338166e-03
60935	2.679457852022060e-03	2.691534803926917e-03
61138	2.625096588484754e-03	2.630267991895381e-03
61529	2.547558155281737e-03	2.570395782768865e-03
61633	2.499310265773547e-03	2.511886431509579e-03
61971	2.451844243816281e-03	2.454708915685031e-03
62536	2.394542806971933e-03	2.398832919019490e-03
62957	2.342913674435065e-03	2.344228815319923e-03
63431	2.282804130922078e-03	2.290867652767772e-03
63760	2.238569776911503e-03	2.238721138568340e-03
64295	2.176117667660460e-03	2.187761623949552e-03
64764	2.135283851686376e-03	2.137962089502233e-03
65322	2.087379226443531e-03	2.089296130854039e-03
65927	2.031670054428836e-03	2.041737944669530e-03
66409	1.989655058484363e-03	1.995262314968879e-03
66983	1.948750588448789e-03	1.949844599758046e-03
67586	1.897654206947097e-03	1.905460717963246e-03
68188	1.858025063502744e-03	1.862087136662868e-03
68711	1.819072981576020e-03	1.819700858609983e-03
69516	1.771422850937121e-03	1.778279410038923e-03
70198	1.733816226035301e-03	1.737800828749376e-03
70984	1.690324603289883e-03	1.698243652461744e-03
71476	1.656240159565558e-03	1.659586907437561e-03
71954	1.614441849939530e-03	1.621810097358930e-03
72447	1.581991864497256e-03	1.584893192461114e-03
73067	1.541497115999824e-03	1.548816618912481e-03
73625	1.510003508678026e-03	1.513561248436209e-03
74203	1.479001844180372e-03	1.479108388168207e-03
75156	1.441115073749666e-03	1.445439770745928e-03
75752	1.405756269975966e-03	1.412537544622754e-03
76199	1.377959836516673e-03	1.380384264602885e-03
76730	1.344338907334430e-03	1.348962882591653e-03
77193	1.312045025942954e-03	1.318256738556408e-03
77349	1.287573212317095e-03	1.288249551693134e-03
78028	1.258421880507288e-03	1.258925411794167e-03
79293	1.227944232521594e-03	1.230268770812381e-03
80068	1.201648104771524e-03	1.202264434617413e-03
80654	1.172982680225920e-03	1.174897554939529e-03
81548	1.146739667389429e-03	1.148153621496883e-03
82201	1.119355163892832e-03	1.122018454301963e-03
83102	1.093601421075507e-03	1.096478196143185e-03
84149	1.070429333204670e-03	1.071519305237606e-03
84955	1.044728645339443e-03	1.047128548050900e-03
85733	1.021881687965132e-03	1.023292992280754e-03
86372	9.986078123266351e-04	1.000000000000000e-03
87062	9.757706606048355e-04	9.772372209558111e-04
87720	9.533012403279972e-04	9.549925860214359e-04
88293	9.312639117299293e-04	9.332543007969915e-04
88845	9.096343892226466e-04	9.120108393559096e-04
89607	8.906135340733812e-04	8.912509381337459e-04
90514	8.697275567968177e-04	8.709635899560805e-04
91103	8.503126427416019e-04	8.511380382023768e-04
91704	8.312771364153981e-04	8.317637711026709e-04
92326	8.125553058639934e-04	8.128305161640995e-04
92896	7.923304295213152e-04	7.943282347242813e-04
93563	7.761558599135299e-04	7.762471166286919e-04
94331	7.576574080740972e-04	7.585775750291835e-04
94914	7.405105632578568e-04	7.413102413009177e-04
95757	7.235693282982014e-04	7.244359600749898e-04
96568	7.076328971171719e-04	7.079457843841380e-04
97330	6.904431230790875e-04	6.918309709189362e-04
98136	6.754526166032893e-04	6.760829753919819e-04
98890	6.594482824304748e-04	6.606934480075957e-04
99734	6.443225547009268e-04	6.456542290346556e-04
101147	6.300819674874836e-04	6.309573444801930e-04
103093	6.162266886199363e-04	6.165950018614823e-04
104497	6.017175798245233e-04	6.025595860743575e-04
105310	5.883842345213441e-04	5.888436553555889e-04
106092	5.748402283265452e-04	5.754399373371566e-04
106776	5.621348690940664e-04	5.623413251903491e-04
107900	5.495333385676648e-04	5.495408738576248e-04
109829	5.363775329184639e-04	5.370317963702527e-04
110886	5.242796621109935e-04	5.248074602497728e-04
112096	5.125956215193961e-04	5.128613839913648e-04
113118	5.010093706039331e-04	5.011872336272725e-04
114052	4.895657173147328e-04	4.897788193684461e-04
114838	4.783482707295672e-04	4.786300923226385e-04
115891	4.674720087923800e-04	4.677351412871981e-04
116992	4.566204265786800e-04	4.570881896148752e-04
118020	4.465626369818398e-04	4.466835921509630e-04
119299	4.362829480502040e-04	4.365158322401661e-04
120102	4.260674987978108e-04	4.265795188015926e-04
120993	4.165713578665464e-04	4.168693834703355e-04
121699	4.072329631376048e-04	4.073802778041126e-04
122591	3.976483717036405e-04	3.981071705534974e-04
123556	3.886323520680968e-04	3.890451449942805e-04
124754	3.801110211939518e-04	3.801893963205612e-04
125983	3.715122247008873e-04	3.715352290971724e-04
127141	3.628642503131774e-04	3.630780547701014e-04
127921	3.545028640229431e-04	3.548133892335753e-04
128880	3.463549371062191e-04	3.467368504525317e-04
129876	3.384441179127284e-04	3.388441561392024e-04
130699	3.308411687888979e-04	3.311311214825911e-04
131718	3.232509661587057e-04	3.235936569296281e-04
133569	3.161535895213063e-04	3.162277660168379e-04
136183	3.088559497882448e-04	3.090295432513592e-04
137176	3.019597873815671e-04	3.019951720402016e-04
137984	2.950754341498607e-04	2.951209226666387e-04
138943	2.883029416224092e-04	2.884031503126605e-04
139775	2.817271281220224e-04	2.818382931264455e-04
141606	2.753007428193399e-04	2.754228703338166e-04
143335	2.690607002256984e-04	2.691534803926917e-04
143966	2.630034048136665e-04	2.630267991895381e-04
144908	2.569476580225327e-04	2.570395782768865e-04
146239	2.511596291798757e-04	2.511886431509580e-04
147363	2.454607901380967e-04	2.454708915685031e-04
148738	2.398569664187056e-04	2.398832919019490e-04
150162	2.344164733132370e-04	2.344228815319923e-04
151227	2.290002125658885e-04	2.290867652767772e-04
152421	2.238648528121168e-04	2.238721138568340e-04
153871	2.187136833110559e-04	2.187761623949552e-04
154863	2.137331001670351e-04	2.137962089502232e-04
155726	2.088541344762440e-04	2.089296130854039e-04
156766	2.040557018067046e-04	2.041737944669530e-04
157588	1.994855446570964e-04	1.995262314968879e-04
158444	1.949826925162768e-04	1.949844599758046e-04
159692	1.904565640141742e-04	1.905460717963246e-04
160887	1.861719463178702e-04	1.862087136662868e-04
161759	1.819210857419984e-04	1.819700858609983e-04
162325	1.777293052421802e-04	1.778279410038923e-04
162939	1.737514804429630e-04	1.737800828749376e-04
163436	1.697850142766688e-04	1.698243652461744e-04
164635	1.659432244179859e-04	1.659586907437562e-04
165170	1.621229326418394e-04	1.621810097358930e-04
166493	1.584363880369200e-04	1.584893192461114e-04
168449	1.548641131975392e-04	1.548816618912481e-04
168975	1.513088524399686e-04	1.513561248436209e-04
169214	1.478576748736860e-04	1.479108388168207e-04
169712	1.445044563604947e-04	1.445439770745928e-04
169994	1.412071809329118e-04	1.412537544622754e-04
171335	1.380220138406107e-04	1.380384264602885e-04
172485	1.348925327100403e-04	1.348962882591653e-04
172998	1.318050126144499e-04	1.318256738556407e-04
174110	1.288109856799613e-04	1.288249551693134e-04
175176	1.258639011261220e-04	1.258925411794167e-04
175670	1.230076633269572e-04	1.230268770812381e-04
176298	1.201982124058310e-04	1.202264434617413e-04
176945	1.174805923681577e-04	1.174897554939529e-04
177644	1.147985107082805e-04	1.148153621496883e-04
178079	1.122010688193731e-04	1.122018454301963e-04
179018	1.096473925210617e-04	1.096478196143185e-04
179624	1.071375033973032e-04	1.071519305237606e-04
180086	1.046885863447145e-04	1.047128548050900e-04
180848	1.023128885375701e-04	1.023292992280754e-04
182099	9.997241443404636e-05	1.000000000000000e-04
182536	9.771890372300973e-05	9.772372209558111e-05
183265	9.547127431930313e-05	9.549925860214369e-05
183895	9.331436208126487e-05	9.332543007969905e-05
184361	9.117692326154891e-05	9.120108393559096e-05
184906	8.911963131663647e-05	8.912509381337459e-05
185214	8.709049304655991e-05	8.709635899560814e-05
185857	8.508858844680223e-05	8.511380382023759e-05
186180	8.315672780978556e-05	8.317637711026709e-05
186535	8.126801355801128e-05	8.128305161640995e-05
187389	7.943006414012910e-05	7.943282347242822e-05
190139	7.761317375942767e-05	7.762471166286911e-05
191170	7.585460892989282e-05	7.585775750291836e-05
191593	7.411586674632709e-05	7.413102413009176e-05
191879	7.242907629911866e-05	7.244359600749906e-05
192179	7.078390805403956e-05	7.079457843841373e-05
193028	6.917591049537819e-05	6.918309709189363e-05
194645	6.760546443096427e-05	6.760829753919819e-05
195380	6.606668105235691e-05	6.606934480075965e-05
195712	6.455496069546207e-05	6.456542290346549e-05
196220	6.308767727003506e-05	6.309573444801929e-05
196627	6.165890084408598e-05	6.165950018614822e-05
197280	6.025564306633147e-05	6.025595860743581e-05
197891	5.888130823783477e-05	5.888436553555884e-05
198276	5.754238882627050e-05	5.754399373371566e-05
198611	5.622536663019151e-05	5.623413251903491e-05
199056	5.494587093290981e-05	5.495408738576248e-05
200155	5.370117978698019e-05	5.370317963702532e-05
200526	5.247619755999189e-05	5.248074602497723e-05
201112	5.128037373347549e-05	5.128613839913648e-05
201586	5.011183954306553e-05	5.011872336272725e-05
201843	4.897701617567751e-05	4.897788193684466e-05
202313	4.785675358864871e-05	4.786300923226380e-05
202759	4.677330083491249e-05	4.677351412871981e-05
203115	4.570471146325694e-05	4.570881896148752e-05
204221	4.466652684231853e-05	4.466835921509635e-05
204515	4.364725232974820e-05	4.365158322401657e-05
204897	4.265276839443555e-05	4.265795188015926e-05
205303	4.168331390086433e-05	4.168693834703355e-05
205636	4.073769265400262e-05	4.073802778041130e-05
206086	3.980672526926465e-05	3.981071705534969e-05
207896	3.890238032788762e-05	3.890451449942805e-05
209094	3.801883198084610e-05	3.801893963205612e-05
209564	3.715258531067356e-05	3.715352290971728e-05
209856	3.630535668730506e-05	3.630780547701010e-05
210273	3.547868594377945e-05	3.548133892335753e-05
210529	3.467233521803337e-05	3.467368504525317e-05
212268	3.388430962558697e-05	3.388441561392028e-05
212915	3.311284541185344e-05	3.311311214825908e-05
213432	3.235784472011005e-05	3.235936569296281e-05
213778	3.162192178152168e-05	3.162277660168380e-05
214320	3.090097017655058e-05	3.090295432513592e-05
214734	3.019706292506363e-05	3.019951720402019e-05
215180	2.951175086751689e-05	2.951209226666384e-05
215612	2.883854269997155e-05	2.884031503126606e-05
215997	2.818182162334093e-05	2.818382931264455e-05
216814	2.754064634080677e-05	2.754228703338169e-05
217156	2.691360493545236e-05	2.691534803926914e-05
217964	2.630253470847776e-05	2.630267991895381e-05
218311	2.570330428319778e-05	2.570395782768864e-05
218857	2.511783017111746e-05	2.511886431509582e-05
219153	2.454567074405833e-05	2.454708915685029e-05
219469	2.398677770387714e-05	2.398832919019490e-05
219796	2.344079881466676e-05	2.344228815319923e-05
220517	2.290700323726025e-05	2.290867652767775e-05
220857	2.238715193358942e-05	2.238721138568338e-05
221204	2.187626506144902e-05	2.187761623949552e-05
221529	2.137823601788824e-05	2.137962089502232e-05
222229	2.089207137145888e-05	2.089296130854041e-05
222535	2.041651634421271e-05	2.041737944669527e-05
222878	1.995262000409337e-05	1.995262314968879e-05
223288	1.949808946732912e-05	1.949844599758046e-05
224227	1.905449774486367e-05	1.905460717963248e-05
226253	1.862044602352064e-05	1.862087136662866e-05
226737	1.819613312903368e-05	1.819700858609983e-05
228417	1.778185729928161e-05	1.778279410038923e-05
228844	1.737707411542111e-05	1.737800828749376e-05
229328	1.698243021819312e-05	1.698243652461746e-05
229977	1.659549595700582e-05	1.659586907437560e-05
231081	1.621768615178709e-05	1.621810097358930e-05
231706	1.584881036764685e-05	1.584893192461114e-05
232350	1.548764092906829e-05	1.548816618912483e-05
232913	1.513508716100009e-05	1.513561248436207e-05
233524	1.479098306778059e-05	1.479108388168207e-05
234131	1.445415774015135e-05	1.445439770745928e-05
234911	1.412524186250597e-05	1.412537544622755e-05
235513	1.380345612334022e-05	1.380384264602884e-05
236118	1.348962385905317e-05	1.348962882591653e-05
236895	1.318251233273227e-05	1.318256738556407e-05
239039	1.288218047168499e-05	1.288249551693135e-05
239632	1.258924369840209e-05	1.258925411794166e-05
240263	1.230243399730213e-05	1.230268770812381e-05
240874	1.202260808952360e-05	1.202264434617413e-05
241446	1.174875886744697e-05	1.174897554939530e-05
241991	1.148146688367824e-05	1.148153621496882e-05
242645	1.121978766338572e-05	1.122018454301963e-05
243225	1.096435212433189e-05	1.096478196143185e-05
243891	1.071499289206912e-05	1.071519305237607e-05
244474	1.047090503680792e-05	1.047128548050899e-05
245117	1.023264214272679e-05	1.023292992280754e-05
245690	9.999980767227967e-06	1.000000000000000e-05
246525	9.772372151606312e-06	9.772372209558111e-06
247114	9.549612984938172e-06	9.549925860214369e-06
248062	9.332412164830828e-06	9.332543007969906e-06
483981	9.120007627760884e-06	9.120108393559096e-06
500000	9.116516480611736e-06	9.120108393559096e-06
%
% index = 2078, name = bbob_f008_i19_d05__bbob_f013_i21_d05
% instance = 9, reference value = 8.724034672171920e-01
% function evaluation | indicator value | target hit
1	1.365119899137692e+00	1.380384264602885e+00
29	1.340329498069192e+00	1.348962882591654e+00
40	1.310518034545192e+00	1.318256738556407e+00
51	1.268558265277692e+00	1.288249551693134e+00
62	1.226885487271692e+00	1.230268770812382e+00
73	1.185556450230192e+00	1.202264434617413e+00
84	1.144641294455692e+00	1.148153621496883e+00
95	1.104226107547692e+00	1.122018454301963e+00
106	1.064415169371692e+00	1.071519305237606e+00
117	1.025332210943192e+00	1.047128548050900e+00
128	9.871197659031919e-01	1.000000000000000e+00
139	9.499357185936920e-01	9.549925860214360e-01
150	9.139466803421920e-01	9.332543007969910e-01
161	8.793188803271920e-01	8.912509381337456e-01
172	8.496346483563932e-01	8.511380382023764e-01
183	8.211958305813872e-01	8.317637711026710e-01
194	7.933992592225547e-01	7.943282347242815e-01
205	7.666178008846276e-01	7.762471166286917e-01
216	7.411534632766200e-01	7.413102413009175e-01
227	7.172467044633596e-01	7.244359600749900e-01
238	6.950835171727160e-01	7.079457843841379e-01
249	6.747996551817493e-01	6.760829753919817e-01
260	6.564815121566762e-01	6.606934480075960e-01
271	6.401628860528326e-01	6.456542290346555e-01
282	6.258160600109258e-01	6.309573444801932e-01
293	6.133347181113984e-01	6.165950018614822e-01
304	6.025067702508897e-01	6.025595860743578e-01
326	5.842781866002797e-01	5.888436553555889e-01
348	5.672425315755165e-01	5.754399373371569e-01
359	5.581977583150908e-01	5.623413251903491e-01
370	5.486334828163020e-01	5.495408738576245e-01
392	5.285566980533654e-01	5.370317963702527e-01
403	5.188846170376398e-01	5.248074602497725e-01
414	5.104212418614390e-01	5.128613839913648e-01
447	4.992401259305709e-01	5.011872336272722e-01
491	4.895339455845038e-01	4.897788193684462e-01
601	4.785468807768182e-01	4.786300923226383e-01
56738	4.658742089963406e-01	4.677351412871982e-01
56911	4.558094111852378e-01	4.570881896148750e-01
57097	4.359724283234605e-01	4.365158322401660e-01
57296	3.975503276111353e-01	3.981071705534972e-01
57519	3.575153882495772e-01	3.630780547701014e-01
57732	3.194395324757529e-01	3.235936569296283e-01
57968	2.832340070438277e-01	2.884031503126606e-01
58160	2.488053433886538e-01	2.511886431509580e-01
58386	2.161114412213879e-01	2.187761623949552e-01
58600	1.852705562846039e-01	1.862087136662867e-01
58792	1.565513549264236e-01	1.584893192461113e-01
58962	1.301693746397472e-01	1.318256738556407e-01
59142	1.061695867973437e-01	1.071519305237607e-01
59333	8.451928420125709e-02	8.511380382023763e-02
59589	6.522550857909881e-02	6.606934480075961e-02
59800	4.837906192957553e-02	4.897788193684462e-02
60000	3.415310582198028e-02	3.467368504525317e-02
60232	2.279091084273188e-02	2.290867652767773e-02
60586	1.504269424786797e-02	1.513561248436208e-02
60621	1.477405973901458e-02	1.479108388168207e-02
63758	1.444278941500987e-02	1.445439770745927e-02
68501	1.406571809666812e-02	1.412537544622754e-02
69345	1.320283395068667e-02	1.348962882591653e-02
69619	1.248378503857295e-02	1.258925411794167e-02
69960	1.184036993586601e-02	1.202264434617413e-02
70156	1.126718073924948e-02	1.148153621496883e-02
70330	1.075665091490485e-02	1.096478196143185e-02
70494	1.046968537333637e-02	1.047128548050900e-02
70670	1.008209317892272e-02	1.023292992280754e-02
70846	9.722558642778600e-03	9.772372209558112e-03
71023	9.409187235516758e-03	9.549925860214359e-03
71179	9.181820101999083e-03	9.332543007969915e-03
71346	8.962202298739230e-03	9.120108393559097e-03
71514	8.779278423161618e-03	8.912509381337459e-03
71698	8.597176245298543e-03	8.709635899560805e-03
72221	8.424540716619799e-03	8.511380382023767e-03
72304	8.252150085334087e-03	8.317637711026709e-03
72487	8.088846303589081e-03	8.128305161640995e-03
72649	7.927273980071203e-03	7.943282347242814e-03
72988	7.628259093311773e-03	7.762471166286920e-03
73149	7.481965868584184e-03	7.585775750291836e-03
73327	7.345726346005610e-03	7.413102413009177e-03
73521	7.215872824251068e-03	7.244359600749898e-03
73834	6.979182273269768e-03	7.079457843841380e-03
74160	6.845552562715684e-03	6.918309709189363e-03
74312	6.753769655710173e-03	6.760829753919818e-03
74541	6.579154378188901e-03	6.606934480075957e-03
74815	6.426620274260109e-03	6.456542290346556e-03
75168	6.301944547188021e-03	6.309573444801930e-03
75620	6.142751022506276e-03	6.165950018614822e-03
76148	6.006153240665113e-03	6.025595860743574e-03
76391	5.874667934539723e-03	5.888436553555890e-03
76735	5.749123443906878e-03	5.754399373371567e-03
77190	5.592246730647621e-03	5.623413251903491e-03
77608	5.487076817097036e-03	5.495408738576248e-03
78224	5.346997278902865e-03	5.370317963702527e-03
78836	5.218418263791214e-03	5.248074602497728e-03
79349	5.101664376881088e-03	5.128613839913648e-03
80076	4.990352017909538e-03	5.011872336272725e-03
80608	4.876108476663865e-03	4.897788193684461e-03
81112	4.777005628377906e-03	4.786300923226385e-03
82301	4.665345697041134e-03	4.677351412871981e-03
83304	4.565150529958428e-03	4.570881896148752e-03
84758	4.465364806247485e-03	4.466835921509630e-03
85352	4.361935379372572e-03	4.365158322401661e-03
86457	4.261128928594093e-03	4.265795188015926e-03
87374	4.167061486527679e-03	4.168693834703355e-03
89020	4.067300045114020e-03	4.073802778041126e-03
90691	3.980077830421203e-03	3.981071705534973e-03
92387	3.887397820436345e-03	3.890451449942805e-03
95445	3.800601163244655e-03	3.801893963205613e-03
96548	3.714498830453383e-03	3.715352290971724e-03
98637	3.629765330853796e-03	3.630780547701014e-03
101586	3.547004311082680e-03	3.548133892335753e-03
105500	3.466782451024941e-03	3.467368504525317e-03
113934	3.388354414528894e-03	3.388441561392024e-03
117437	3.311143122148419e-03	3.311311214825911e-03
124696	3.235720621020288e-03	3.235936569296281e-03
135385	3.162209188565690e-03	3.162277660168379e-03
150114	3.090248141559337e-03	3.090295432513592e-03
171051	3.019944675371700e-03	3.019951720402016e-03
500000	2.984102872979677e-03	3.019951720402016e-03
%
% index = 2079, name = bbob_f008_i21_d05__bbob_f013_i22_d05
% instance = 10, reference value = 9.875484870986360e-01
% function evaluation | indicator value | target hit
1	3.293876353844580e+00	3.311311214825911e+00
29	3.216718364534640e+00	3.235936569296283e+00
40	3.130939370789551e+00	3.162277660168380e+00
51	3.021512130883136e+00	3.090295432513591e+00
62	2.917843948163636e+00	2.951209226666386e+00
73	2.814901662698636e+00	2.818382931264454e+00
84	2.712761692823636e+00	2.754228703338166e+00
95	2.611508902728136e+00	2.630267991895382e+00
106	2.511237858239136e+00	2.511886431509580e+00
117	2.412054351941136e+00	2.454708915685031e+00
128	2.314077253550136e+00	2.344228815319922e+00
139	2.217440769199136e+00	2.238721138568339e+00
150	2.122297187597136e+00	2.137962089502232e+00
161	2.028820242183636e+00	2.041737944669529e+00
172	1.937209234547636e+00	1.949844599758045e+00
183	1.847694167683136e+00	1.862087136662868e+00
194	1.760542237766136e+00	1.778279410038923e+00
205	1.676066396691636e+00	1.698243652461744e+00
216	1.594637407221636e+00	1.621810097358930e+00
227	1.516702822888136e+00	1.548816618912481e+00
238	1.442821892848136e+00	1.445439770745927e+00
249	1.373743441293136e+00	1.380384264602885e+00
260	1.310620251538136e+00	1.318256738556407e+00
271	1.255738400560136e+00	1.258925411794167e+00
282	1.215051361943136e+00	1.230268770812382e+00
293	1.197187730837636e+00	1.202264434617413e+00
315	1.172247123913636e+00	1.174897554939530e+00
337	1.135388914769636e+00	1.148153621496883e+00
348	1.110324934446636e+00	1.122018454301963e+00
359	1.081927770359136e+00	1.096478196143185e+00
370	1.051977593174136e+00	1.071519305237606e+00
381	1.022177975918136e+00	1.023292992280754e+00
392	9.904549206956359e-01	1.000000000000000e+00
403	9.559672790785302e-01	9.772372209558107e-01
414	9.306289118749260e-01	9.332543007969910e-01
425	8.999023099004279e-01	9.120108393559098e-01
436	8.717236316624407e-01	8.912509381337456e-01
447	8.512677121431651e-01	8.709635899560807e-01
458	8.346076119702664e-01	8.511380382023764e-01
469	8.149337797341689e-01	8.317637711026710e-01
480	7.921126578666546e-01	7.943282347242815e-01
491	7.714777812208625e-01	7.762471166286917e-01
502	7.564095122727214e-01	7.585775750291838e-01
524	7.262467665029502e-01	7.413102413009175e-01
535	7.055122649985734e-01	7.079457843841379e-01
546	6.888634984028545e-01	6.918309709189365e-01
568	6.655651011364160e-01	6.760829753919817e-01
579	6.469651741587366e-01	6.606934480075960e-01
590	6.271126970002834e-01	6.309573444801932e-01
601	6.144353075302444e-01	6.165950018614822e-01
623	5.927425513043617e-01	6.025595860743578e-01
634	5.772767550173864e-01	5.888436553555889e-01
645	5.579492730532820e-01	5.623413251903491e-01
656	5.465198277182546e-01	5.495408738576245e-01
678	5.261741812129346e-01	5.370317963702527e-01
689	4.874271519635834e-01	4.897788193684462e-01
700	4.553738652750975e-01	4.570881896148750e-01
722	4.346911296127233e-01	4.365158322401660e-01
733	4.096742590144493e-01	4.168693834703354e-01
744	3.783753518657976e-01	3.801893963205612e-01
755	3.700191054645647e-01	3.715352290971726e-01
777	3.556863969417782e-01	3.630780547701014e-01
788	3.430743508638131e-01	3.467368504525316e-01
799	3.077141506508859e-01	3.090295432513591e-01
810	2.997345232297783e-01	3.019951720402016e-01
832	2.926332166822148e-01	2.951209226666385e-01
854	2.791761866898839e-01	2.818382931264454e-01
865	2.640104316129438e-01	2.691534803926916e-01
876	2.627797117766774e-01	2.630267991895382e-01
26437	2.529185168413661e-01	2.570395782768864e-01
26544	2.436711490935468e-01	2.454708915685030e-01
26686	2.251536545747275e-01	2.290867652767773e-01
26841	1.880851603301489e-01	1.905460717963247e-01
27042	1.144903497014584e-01	1.148153621496883e-01
27245	6.255994285613864e-02	6.309573444801933e-02
27268	6.113536282356669e-02	6.165950018614822e-02
27269	5.974314705731931e-02	6.025595860743578e-02
27270	5.710803383908247e-02	5.754399373371569e-02
27271	5.329218933965985e-02	5.370317963702527e-02
27630	5.243100049552729e-02	5.248074602497726e-02
27653	5.092367347260851e-02	5.128613839913648e-02
27654	4.943076998186846e-02	5.011872336272722e-02
27655	4.830540541142581e-02	4.897788193684462e-02
28123	4.764888465381012e-02	4.786300923226382e-02
31232	3.840310660612845e-02	3.890451449942807e-02
31243	2.247406689671838e-02	2.290867652767773e-02
31254	2.163368729474735e-02	2.187761623949553e-02
31287	2.113850665725248e-02	2.137962089502233e-02
36064	2.081081567058674e-02	2.089296130854040e-02
161209	2.004900676477184e-02	2.041737944669529e-02
161220	1.721650879780212e-02	1.737800828749375e-02
194412	1.695406074125705e-02	1.698243652461744e-02
194423	1.631295208271843e-02	1.659586907437561e-02
197531	1.617030594198099e-02	1.621810097358930e-02
254045	1.284283856691615e-02	1.288249551693134e-02
287916	1.238046587761354e-02	1.258925411794167e-02
287927	8.750056228714609e-03	8.912509381337459e-03
288147	8.656214380508676e-03	8.709635899560805e-03
304098	7.112493261626218e-03	7.244359600749898e-03
312202	6.846564556210910e-03	6.918309709189363e-03
338537	6.146607131068405e-03	6.165950018614822e-03
367635	5.433852378654791e-03	5.495408738576248e-03
431276	5.268091872365988e-03	5.370317963702527e-03
500000	5.263245050245779e-03	5.370317963702527e-03
