%
% index = 3615, name = bbob_f006_i02_d20__bbob_f013_i04_d20
% instance = 1, reference value = 7.712342696939430e-01
% function evaluation | indicator value | target hit
1	1.008505797894633e+00	1.023292992280754e+00
59	9.993280845375284e-01	1.000000000000000e+00
101	9.618703500709112e-01	9.772372209558107e-01
142	8.957739894038533e-01	9.120108393559098e-01
183	8.045526280313499e-01	8.128305161640993e-01
224	7.764739295104429e-01	7.943282347242815e-01
265	7.661202809963538e-01	7.762471166286917e-01
306	7.561121934347252e-01	7.585775750291838e-01
388	7.351803487791642e-01	7.413102413009175e-01
429	7.243454314693021e-01	7.244359600749900e-01
511	6.869534663922575e-01	6.918309709189365e-01
552	6.620298096668702e-01	6.760829753919817e-01
593	6.387537357051911e-01	6.456542290346555e-01
634	6.193188754535350e-01	6.309573444801932e-01
675	6.025115957296431e-01	6.025595860743578e-01
716	5.852088415168253e-01	5.888436553555889e-01
757	5.652197334828324e-01	5.754399373371569e-01
798	5.435352620920113e-01	5.495408738576245e-01
839	5.227343757517386e-01	5.248074602497725e-01
880	5.041552571754688e-01	5.128613839913648e-01
921	4.872052808182256e-01	4.897788193684462e-01
962	4.707088702539627e-01	4.786300923226383e-01
1003	4.544605311599491e-01	4.570881896148750e-01
1044	4.393330230338295e-01	4.466835921509631e-01
1085	4.262270163137716e-01	4.265795188015927e-01
1126	4.153162163595369e-01	4.168693834703354e-01
1167	4.060738245151561e-01	4.073802778041127e-01
1208	3.977170902354568e-01	3.981071705534972e-01
1290	3.815846088897090e-01	3.890451449942806e-01
1331	3.736941786438855e-01	3.801893963205612e-01
1372	3.662541935964485e-01	3.715352290971726e-01
1413	3.595462373719304e-01	3.630780547701014e-01
1454	3.537268669385505e-01	3.548133892335755e-01
1536	3.447763633020280e-01	3.467368504525316e-01
1618	3.388357838125908e-01	3.388441561392025e-01
1987	3.305452950683121e-01	3.311311214825911e-01
9225	3.169317087044163e-01	3.235936569296283e-01
10591	3.131502541585753e-01	3.162277660168379e-01
11916	3.084351869422339e-01	3.090295432513591e-01
1365535	3.018307763209799e-01	3.019951720402016e-01
1367316	2.914475989401820e-01	2.951209226666385e-01
1368268	2.805961531559330e-01	2.818382931264454e-01
1369017	2.595773381785176e-01	2.630267991895382e-01
1369932	2.370898339815540e-01	2.398832919019490e-01
1370971	2.154096291765722e-01	2.187761623949552e-01
1372094	1.945918942159031e-01	1.949844599758045e-01
1373133	1.746338849447759e-01	1.778279410038923e-01
1374049	1.557921211867743e-01	1.584893192461113e-01
1375416	1.381196690198697e-01	1.412537544622754e-01
1376660	1.212166739971171e-01	1.230268770812381e-01
1378642	1.049042088592124e-01	1.071519305237607e-01
1379641	8.961436627969288e-02	9.120108393559097e-02
1380681	7.603292679499163e-02	7.762471166286916e-02
1381967	6.448564273881441e-02	6.456542290346556e-02
1383335	5.457084504096155e-02	5.495408738576246e-02
1384334	4.548070098720569e-02	4.570881896148749e-02
1385456	3.670639490960259e-02	3.715352290971726e-02
1390105	2.831487021149026e-02	2.884031503126606e-02
1391883	2.101386148027451e-02	2.137962089502233e-02
1393251	1.556478705737141e-02	1.584893192461113e-02
1395070	1.252336693818756e-02	1.258925411794167e-02
1396725	1.198975874562302e-02	1.202264434617413e-02
1433487	1.173922529080129e-02	1.174897554939530e-02
1440003	1.147689016808706e-02	1.148153621496883e-02
1455741	1.121568735171707e-02	1.122018454301964e-02
1458038	1.048271545834589e-02	1.071519305237606e-02
1460387	9.878465998670816e-03	1.000000000000000e-02
1462204	9.390939244277918e-03	9.549925860214359e-03
1463364	8.910765209432459e-03	8.912509381337459e-03
1464442	8.465591982742104e-03	8.511380382023767e-03
1465356	8.121744126622699e-03	8.128305161640995e-03
1466352	7.863267170446497e-03	7.943282347242814e-03
1467716	7.583859124585923e-03	7.585775750291836e-03
1468752	7.292840950589352e-03	7.413102413009177e-03
1470896	7.016292261318835e-03	7.079457843841380e-03
1472015	6.815979770081637e-03	6.918309709189363e-03
1472887	6.676974725505991e-03	6.760829753919818e-03
1473965	6.541500569769210e-03	6.606934480075957e-03
1474754	6.387555298207448e-03	6.456542290346556e-03
1476363	6.239095442101661e-03	6.309573444801930e-03
1477316	6.088827553997866e-03	6.165950018614822e-03
1479417	5.948426595520417e-03	6.025595860743574e-03
1481108	5.812285159274677e-03	5.888436553555890e-03
1482636	5.688843576627245e-03	5.754399373371567e-03
1483507	5.568663872895674e-03	5.623413251903491e-03
1484419	5.442909816974928e-03	5.495408738576248e-03
1485782	5.331893639217933e-03	5.370317963702527e-03
1486489	5.232501655289323e-03	5.248074602497728e-03
1487320	5.117127993907844e-03	5.128613839913648e-03
1489636	4.903056797076588e-03	5.011872336272725e-03
1490672	4.801114237335646e-03	4.897788193684461e-03
1492404	4.704068171773379e-03	4.786300923226385e-03
1493849	4.586986778778890e-03	4.677351412871981e-03
1494927	4.507479565165728e-03	4.570881896148752e-03
1495798	4.426397361162793e-03	4.466835921509630e-03
1496796	4.347314274177227e-03	4.365158322401661e-03
1499070	4.204363582617887e-03	4.265795188015926e-03
1499735	4.129523664261670e-03	4.168693834703355e-03
1500934	4.067433344777882e-03	4.073802778041126e-03
1502510	3.967061562123453e-03	3.981071705534973e-03
1504866	3.857528262108167e-03	3.890451449942805e-03
1507266	3.736778556844400e-03	3.801893963205613e-03
1508424	3.684619275298728e-03	3.715352290971724e-03
1510698	3.578229517975928e-03	3.630780547701014e-03
1511856	3.531937997659051e-03	3.548133892335753e-03
1514170	3.433650764271268e-03	3.467368504525317e-03
1516032	3.387052337076479e-03	3.388441561392024e-03
1520290	3.274944287019244e-03	3.311311214825911e-03
1521413	3.200290485523949e-03	3.235936569296281e-03
1523725	3.135212865491455e-03	3.162277660168379e-03
1529116	3.069301159412285e-03	3.090295432513592e-03
1530936	3.005720873056617e-03	3.019951720402016e-03
1533618	2.942643070550144e-03	2.951209226666387e-03
1535602	2.881533498168665e-03	2.884031503126605e-03
1537758	2.792972061107069e-03	2.818382931264455e-03
1540647	2.730088880098847e-03	2.754228703338166e-03
1542508	2.673127768368699e-03	2.691534803926917e-03
1543918	2.615570493945341e-03	2.630267991895381e-03
1545411	2.562971461384067e-03	2.570395782768865e-03
1548223	2.490470230381958e-03	2.511886431509579e-03
1550290	2.443234889116574e-03	2.454708915685031e-03
1552896	2.378182219865965e-03	2.398832919019490e-03
1554921	2.343470824098803e-03	2.344228815319923e-03
1557858	2.284421909616974e-03	2.290867652767772e-03
1560960	2.233192481510216e-03	2.238721138568340e-03
1562703	2.181199694505365e-03	2.187761623949552e-03
1565600	2.127123056649638e-03	2.137962089502233e-03
1568246	2.077707419981367e-03	2.089296130854039e-03
1572249	2.026975926208929e-03	2.041737944669530e-03
1574197	1.993666315763143e-03	1.995262314968879e-03
1577794	1.938181798559313e-03	1.949844599758046e-03
1579867	1.898357301001741e-03	1.905460717963246e-03
1582521	1.851097285826442e-03	1.862087136662868e-03
1584962	1.818047396799360e-03	1.819700858609983e-03
1589272	1.775109203226655e-03	1.778279410038923e-03
1591594	1.733066646278258e-03	1.737800828749376e-03
1593996	1.695484926986901e-03	1.698243652461744e-03
1595619	1.658405414499908e-03	1.659586907437561e-03
1599341	1.613781329438568e-03	1.621810097358930e-03
1602244	1.583779788877693e-03	1.584893192461114e-03
1607351	1.542294034578284e-03	1.548816618912481e-03
1609466	1.510692326375351e-03	1.513561248436209e-03
1613024	1.472790532755619e-03	1.479108388168207e-03
1615919	1.443891604815950e-03	1.445439770745928e-03
1619519	1.408209644143010e-03	1.412537544622754e-03
1621716	1.379515644185370e-03	1.380384264602885e-03
1625395	1.345753773027369e-03	1.348962882591653e-03
1628378	1.313093860998316e-03	1.318256738556408e-03
1631567	1.283147144898522e-03	1.288249551693134e-03
1634182	1.254621270783907e-03	1.258925411794167e-03
1636919	1.227534345972892e-03	1.230268770812381e-03
1640479	1.201316724957491e-03	1.202264434617413e-03
1645757	1.170951079348170e-03	1.174897554939529e-03
1649364	1.144230454118156e-03	1.148153621496883e-03
1653416	1.120677937071046e-03	1.122018454301963e-03
1655907	1.094590094871561e-03	1.096478196143185e-03
1658480	1.069276744454450e-03	1.071519305237606e-03
1662216	1.044375677721754e-03	1.047128548050900e-03
1667500	1.021556591582873e-03	1.023292992280754e-03
1671059	9.996778668595052e-04	1.000000000000000e-03
1676471	9.771459556594531e-04	9.772372209558111e-04
1679541	9.548403018080354e-04	9.549925860214359e-04
1686063	9.310420130932417e-04	9.332543007969915e-04
1691668	9.116776141492311e-04	9.120108393559096e-04
1697085	8.890404155030840e-04	8.912509381337459e-04
1700115	8.701972470007702e-04	8.709635899560805e-04
1704916	8.493069122471608e-04	8.511380382023768e-04
1707536	8.310687685867402e-04	8.317637711026709e-04
1711189	8.123174101395403e-04	8.128305161640995e-04
1715962	7.927125400394308e-04	7.943282347242813e-04
1719987	7.752151323463519e-04	7.762471166286919e-04
1722044	7.579619885423883e-04	7.585775750291835e-04
1724264	7.410787607997626e-04	7.413102413009177e-04
1727560	7.227584739066817e-04	7.244359600749898e-04
1729983	7.067755664461606e-04	7.079457843841380e-04
1732200	6.913085966699928e-04	6.918309709189362e-04
1735822	6.752917671658532e-04	6.760829753919819e-04
1738784	6.593093018617546e-04	6.606934480075957e-04
1741421	6.447913584737286e-04	6.456542290346556e-04
1745907	6.296466603571416e-04	6.309573444801930e-04
1748782	6.159654573596463e-04	6.165950018614823e-04
1754657	6.014369246433171e-04	6.025595860743575e-04
1766917	5.884576324689528e-04	5.888436553555889e-04
1773645	5.746787367446604e-04	5.754399373371566e-04
1776274	5.623366424328813e-04	5.623413251903491e-04
1778745	5.485675586703875e-04	5.495408738576248e-04
1783184	5.360661177020720e-04	5.370317963702527e-04
1786275	5.244125352803497e-04	5.248074602497728e-04
1788868	5.122597469565671e-04	5.128613839913648e-04
1793447	5.010546811579086e-04	5.011872336272725e-04
1796452	4.896535953166081e-04	4.897788193684461e-04
1806257	4.779981621702012e-04	4.786300923226385e-04
1809176	4.672099928492157e-04	4.677351412871981e-04
1814836	4.569702166185019e-04	4.570881896148752e-04
1819656	4.461455669779735e-04	4.466835921509630e-04
1824065	4.361708214822846e-04	4.365158322401661e-04
1828225	4.263894356204556e-04	4.265795188015926e-04
1832005	4.168334506365889e-04	4.168693834703355e-04
1835697	4.072833148410782e-04	4.073802778041126e-04
1841394	3.977752781597621e-04	3.981071705534974e-04
1842896	3.887092171420692e-04	3.890451449942805e-04
1844359	3.801738124357135e-04	3.801893963205612e-04
1847288	3.713975277116477e-04	3.715352290971724e-04
1849005	3.627105411806442e-04	3.630780547701014e-04
1850679	3.548120475328487e-04	3.548133892335753e-04
1853144	3.463740936993087e-04	3.467368504525317e-04
1856253	3.386122392630142e-04	3.388441561392024e-04
1859164	3.310297840966037e-04	3.311311214825911e-04
1861175	3.235884366090680e-04	3.235936569296281e-04
1864456	3.160007976789059e-04	3.162277660168379e-04
1865968	3.089550146757603e-04	3.090295432513592e-04
1872666	3.019590760330315e-04	3.019951720402016e-04
1882090	2.948740905573954e-04	2.951209226666387e-04
1884470	2.883486667983881e-04	2.884031503126605e-04
1889020	2.816094979430916e-04	2.818382931264455e-04
1890657	2.751689753939246e-04	2.754228703338166e-04
1892626	2.690300509681220e-04	2.691534803926917e-04
1898573	2.629240721446768e-04	2.630267991895381e-04
1900821	2.570115147029206e-04	2.570395782768865e-04
1904662	2.510698715727511e-04	2.511886431509580e-04
1906954	2.453756917516481e-04	2.454708915685031e-04
1909469	2.397116923015252e-04	2.398832919019490e-04
1912520	2.343377291144089e-04	2.344228815319923e-04
1916141	2.289710326580652e-04	2.290867652767772e-04
1919606	2.238022247907923e-04	2.238721138568340e-04
1924287	2.186779921296012e-04	2.187761623949552e-04
1927420	2.137804974620128e-04	2.137962089502232e-04
1932549	2.089251966942429e-04	2.089296130854039e-04
1939338	2.041566478756529e-04	2.041737944669530e-04
1943592	1.994474781205069e-04	1.995262314968879e-04
1945357	1.948867285958000e-04	1.949844599758046e-04
1946963	1.905050414179321e-04	1.905460717963246e-04
1948436	1.861549526039896e-04	1.862087136662868e-04
1949995	1.819653300381141e-04	1.819700858609983e-04
1951638	1.777987629461020e-04	1.778279410038923e-04
1953120	1.736906849842956e-04	1.737800828749376e-04
1956677	1.698023651638403e-04	1.698243652461744e-04
1960189	1.659499864175018e-04	1.659586907437562e-04
1962373	1.621134304194971e-04	1.621810097358930e-04
1965256	1.584668436617198e-04	1.584893192461114e-04
1967070	1.548803815588640e-04	1.548816618912481e-04
1974091	1.513560040534712e-04	1.513561248436209e-04
1976870	1.478501125956599e-04	1.479108388168207e-04
1978439	1.445423296767556e-04	1.445439770745928e-04
1986815	1.412107877010182e-04	1.412537544622754e-04
1988435	1.380338000420700e-04	1.380384264602885e-04
1989926	1.348781567278579e-04	1.348962882591653e-04
1993998	1.317753374540098e-04	1.318256738556407e-04
1997565	1.288071792877599e-04	1.288249551693134e-04
2000000	1.274969784238467e-04	1.288249551693134e-04
%
% index = 3616, name = bbob_f006_i03_d20__bbob_f013_i05_d20
% instance = 2, reference value = 7.566921388410680e-01
% function evaluation | indicator value | target hit
1	1.135302309836068e+00	1.148153621496883e+00
60	1.113300739250068e+00	1.122018454301963e+00
101	1.086965532377068e+00	1.096478196143185e+00
142	1.050134278624568e+00	1.071519305237606e+00
183	1.013828875341568e+00	1.023292992280754e+00
224	9.780897696820680e-01	1.000000000000000e+00
265	9.429608749975681e-01	9.549925860214360e-01
306	9.084900541710680e-01	9.120108393559098e-01
347	8.747291833305680e-01	8.912509381337456e-01
388	8.417344403185679e-01	8.511380382023764e-01
429	8.095664751140680e-01	8.128305161640993e-01
470	7.782904587650680e-01	7.943282347242815e-01
511	7.504985008014350e-01	7.585775750291838e-01
552	7.291830247227972e-01	7.413102413009175e-01
593	7.074433878370048e-01	7.079457843841379e-01
634	6.849404988846033e-01	6.918309709189365e-01
675	6.621953561609832e-01	6.760829753919817e-01
716	6.400889382895824e-01	6.456542290346555e-01
757	6.189422525302566e-01	6.309573444801932e-01
798	5.983701749213071e-01	6.025595860743578e-01
839	5.781070077744686e-01	5.888436553555889e-01
880	5.585982366748174e-01	5.623413251903491e-01
921	5.407033819328642e-01	5.495408738576245e-01
962	5.246226715511174e-01	5.248074602497725e-01
1003	5.095712362683364e-01	5.128613839913648e-01
1044	4.944183189539154e-01	5.011872336272722e-01
1085	4.791212742112445e-01	4.897788193684462e-01
1126	4.648313370428310e-01	4.677351412871982e-01
1167	4.525940948823129e-01	4.570881896148750e-01
1208	4.425365638699238e-01	4.466835921509631e-01
1249	4.339474542359156e-01	4.365158322401660e-01
1290	4.258120951790224e-01	4.265795188015927e-01
1372	4.099514341692058e-01	4.168693834703354e-01
1413	4.034529582649510e-01	4.073802778041127e-01
1495	3.941121756018683e-01	3.981071705534972e-01
1577	3.888995937801514e-01	3.890451449942806e-01
2028	3.796121806451935e-01	3.801893963205612e-01
12692	3.709136807570022e-01	3.715352290971726e-01
975473	3.624887641633755e-01	3.630780547701014e-01
977051	3.425369306111983e-01	3.467368504525316e-01
978294	3.164677855080994e-01	3.235936569296283e-01
979335	2.891222088349879e-01	2.951209226666385e-01
980294	2.626126416199095e-01	2.630267991895382e-01
981745	2.371647576655147e-01	2.398832919019490e-01
983278	2.129242592838156e-01	2.137962089502232e-01
985139	1.898518915220624e-01	1.905460717963247e-01
986303	1.682728237187711e-01	1.698243652461744e-01
987508	1.479672105224022e-01	1.513561248436208e-01
989287	1.284834610003235e-01	1.288249551693134e-01
990615	1.101581785804385e-01	1.122018454301964e-01
992559	9.369739197306892e-02	9.549925860214359e-02
993517	7.949950259317584e-02	8.128305161640990e-02
994885	6.682082936497358e-02	6.760829753919818e-02
996745	5.473212103177594e-02	5.495408738576246e-02
1001065	4.309739601274154e-02	4.365158322401658e-02
1004114	3.255780825659327e-02	3.311311214825911e-02
1006096	2.400820829465555e-02	2.454708915685030e-02
1008201	1.807209840423663e-02	1.819700858609984e-02
1010306	1.472825298007074e-02	1.479108388168207e-02
1012534	1.331140015885024e-02	1.348962882591653e-02
1013245	1.294466855251875e-02	1.318256738556407e-02
1016681	1.288196736500347e-02	1.288249551693134e-02
2000000	1.286970551748590e-02	1.288249551693134e-02
%
% index = 3617, name = bbob_f006_i07_d20__bbob_f013_i08_d20
% instance = 3, reference value = 8.631357405465300e-01
% function evaluation | indicator value | target hit
1	1.670841361447188e+00	1.698243652461744e+00
58	1.652532719956326e+00	1.659586907437561e+00
60	1.587492237383530e+00	1.621810097358930e+00
101	1.455428410263530e+00	1.479108388168207e+00
142	1.243107029991030e+00	1.258925411794167e+00
183	1.058637818961030e+00	1.071519305237606e+00
224	9.431670507110300e-01	9.549925860214360e-01
265	8.966770216600300e-01	9.120108393559098e-01
306	8.806094762910300e-01	8.912509381337456e-01
347	8.583443621191718e-01	8.709635899560807e-01
388	8.369342601193789e-01	8.511380382023764e-01
429	8.047353133853935e-01	8.128305161640993e-01
470	7.733870181806659e-01	7.762471166286917e-01
511	7.502317385008060e-01	7.585775750291838e-01
552	7.325621903136009e-01	7.413102413009175e-01
593	7.113843780882457e-01	7.244359600749900e-01
634	6.825339045222120e-01	6.918309709189365e-01
675	6.517308813725149e-01	6.606934480075960e-01
716	6.246363548979510e-01	6.309573444801932e-01
757	5.990724948577254e-01	6.025595860743578e-01
798	5.707387564985653e-01	5.754399373371569e-01
839	5.425589732616348e-01	5.495408738576245e-01
880	5.201682598451440e-01	5.248074602497725e-01
921	4.979776624750573e-01	5.011872336272722e-01
962	4.672006633666292e-01	4.677351412871982e-01
1003	4.397461381454346e-01	4.466835921509631e-01
1044	4.234418164559331e-01	4.265795188015927e-01
1085	3.999263782586316e-01	4.073802778041127e-01
1126	3.741549707414336e-01	3.801893963205612e-01
1167	3.594868289585167e-01	3.630780547701014e-01
1208	3.406657146681070e-01	3.467368504525316e-01
1249	3.256218777801980e-01	3.311311214825911e-01
1290	3.150640949053204e-01	3.162277660168379e-01
1331	3.046176281383148e-01	3.090295432513591e-01
1372	2.958549021166026e-01	3.019951720402016e-01
1413	2.877185409804198e-01	2.884031503126606e-01
1454	2.816003360754572e-01	2.818382931264454e-01
1536	2.730056040515739e-01	2.754228703338166e-01
1577	2.672442376837155e-01	2.691534803926916e-01
1659	2.624066438124598e-01	2.630267991895382e-01
1823	2.510196984434039e-01	2.511886431509580e-01
2110	2.454232463344351e-01	2.454708915685030e-01
13555	2.379113481319598e-01	2.398832919019490e-01
1632073	2.341387445646564e-01	2.344228815319922e-01
1633811	2.267079501188396e-01	2.290867652767773e-01
1635052	2.168847145301774e-01	2.187761623949552e-01
1636459	1.977510702036240e-01	1.995262314968880e-01
1637827	1.772197142239660e-01	1.778279410038923e-01
1639483	1.572706841266587e-01	1.584893192461113e-01
1641426	1.377763564913050e-01	1.380384264602885e-01
1642795	1.194343289688924e-01	1.202264434617413e-01
1644328	1.017036852432326e-01	1.023292992280754e-01
1645615	8.522707206035740e-02	8.709635899560805e-02
1647356	6.995207562043448e-02	7.079457843841380e-02
1649012	5.618570258308087e-02	5.623413251903491e-02
1650874	4.437781094553661e-02	4.466835921509630e-02
1653064	3.394369818855514e-02	3.467368504525317e-02
1655623	2.446422096705425e-02	2.454708915685030e-02
1658755	1.686628004387869e-02	1.698243652461744e-02
1662420	1.239233584739108e-02	1.258925411794167e-02
1665716	1.098976909553573e-02	1.122018454301964e-02
1672291	1.091306903796285e-02	1.096478196143185e-02
1672416	1.071486624815599e-02	1.071519305237606e-02
2000000	1.066043097251368e-02	1.071519305237606e-02
%
% index = 3618, name = bbob_f006_i09_d20__bbob_f013_i10_d20
% instance = 4, reference value = 9.158877072452970e-01
% function evaluation | indicator value | target hit
1	3.247006175476840e+00	3.311311214825911e+00
57	3.225187106798052e+00	3.235936569296283e+00
59	3.157046471013301e+00	3.162277660168380e+00
60	3.060804826803925e+00	3.090295432513591e+00
101	2.813605015963027e+00	2.818382931264454e+00
142	2.471700373637673e+00	2.511886431509580e+00
183	2.198607114866641e+00	2.238721138568339e+00
224	2.028019370544360e+00	2.041737944669529e+00
265	1.952444813850855e+00	1.995262314968880e+00
306	1.925345931528297e+00	1.949844599758045e+00
347	1.873045065129297e+00	1.905460717963247e+00
388	1.736303301600297e+00	1.737800828749375e+00
429	1.521540134905297e+00	1.548816618912481e+00
470	1.297616979158297e+00	1.318256738556407e+00
511	1.131264015266297e+00	1.148153621496883e+00
552	1.038544167422297e+00	1.047128548050900e+00
593	9.836845149877970e-01	1.000000000000000e+00
634	9.146017519193629e-01	9.332543007969910e-01
675	8.853990690671273e-01	8.912509381337456e-01
716	8.490405707189456e-01	8.511380382023764e-01
757	8.153951872321071e-01	8.317637711026710e-01
798	7.821479386749606e-01	7.943282347242815e-01
839	7.420087486006918e-01	7.585775750291838e-01
880	7.022065826115826e-01	7.079457843841379e-01
921	6.723783849111545e-01	6.760829753919817e-01
962	6.399453883579318e-01	6.456542290346555e-01
1003	5.916353518558943e-01	6.025595860743578e-01
1044	5.503582036478279e-01	5.623413251903491e-01
1085	5.287083494128609e-01	5.370317963702527e-01
1126	4.971003180579605e-01	5.011872336272722e-01
1167	4.555782312024356e-01	4.570881896148750e-01
1208	4.329067689332516e-01	4.365158322401660e-01
1249	4.237351702867181e-01	4.265795188015927e-01
1290	3.955903653990221e-01	3.981071705534972e-01
1331	3.718953454108076e-01	3.801893963205612e-01
1372	3.537157254800681e-01	3.548133892335755e-01
1413	3.348225629412265e-01	3.388441561392025e-01
1454	3.175568196403805e-01	3.235936569296283e-01
1495	3.042281656813965e-01	3.090295432513591e-01
1536	2.897249554536921e-01	2.951209226666385e-01
1577	2.789560818807142e-01	2.818382931264454e-01
1618	2.696312094092286e-01	2.754228703338166e-01
1659	2.614792475671606e-01	2.630267991895382e-01
1700	2.548473585920769e-01	2.570395782768864e-01
1741	2.511272735925323e-01	2.511886431509580e-01
1782	2.378454908082408e-01	2.398832919019490e-01
1823	2.293907588969183e-01	2.344228815319922e-01
1864	2.232086984419337e-01	2.238721138568339e-01
1946	2.165190489931114e-01	2.187761623949552e-01
1987	2.115088456021985e-01	2.137962089502232e-01
2069	2.077614236091749e-01	2.089296130854039e-01
2192	2.040202819636713e-01	2.041737944669530e-01
2233	1.980497948451247e-01	1.995262314968880e-01
2274	1.918328848868545e-01	1.949844599758045e-01
2356	1.892482195079245e-01	1.905460717963247e-01
2397	1.838245817986980e-01	1.862087136662867e-01
2438	1.750507494863937e-01	1.778279410038923e-01
2561	1.731012495669452e-01	1.737800828749375e-01
2643	1.656792105299882e-01	1.659586907437560e-01
2848	1.579943328907862e-01	1.584893192461113e-01
2889	1.548453815698497e-01	1.548816618912481e-01
390548	1.513330501654124e-01	1.513561248436208e-01
1456612	1.463294651603155e-01	1.479108388168208e-01
1457319	1.416223514748645e-01	1.445439770745928e-01
1458110	1.323892003617495e-01	1.348962882591654e-01
1458903	1.148878980993646e-01	1.174897554939529e-01
1459944	9.648916637603466e-02	9.772372209558107e-02
1461027	7.982420425001846e-02	8.128305161640990e-02
1461987	6.374892361458351e-02	6.456542290346556e-02
1463028	4.995262014360813e-02	5.011872336272722e-02
1464153	3.781476512856241e-02	3.801893963205612e-02
1465193	2.727992969349557e-02	2.754228703338166e-02
1466602	1.906513968403922e-02	1.949844599758046e-02
1468257	1.290207279307920e-02	1.318256738556407e-02
1470405	9.471408128170711e-03	9.549925860214359e-03
1474894	9.237595675901766e-03	9.332543007969915e-03
1474950	9.069263726493859e-03	9.120108393559097e-03
1527590	8.901679829875553e-03	8.912509381337459e-03
1551283	8.608740538260773e-03	8.709635899560805e-03
1557055	8.486202832968304e-03	8.511380382023767e-03
1570063	8.283051339210257e-03	8.317637711026709e-03
1576251	8.055146848330086e-03	8.128305161640995e-03
1589879	7.943103359725368e-03	7.943282347242814e-03
1599143	7.173539949631769e-03	7.244359600749898e-03
1600478	6.541186019276668e-03	6.606934480075957e-03
1601229	5.976558864772219e-03	6.025595860743574e-03
1602184	5.470554936410021e-03	5.495408738576248e-03
1603713	5.052375977253498e-03	5.128613839913648e-03
1604670	4.577361885471420e-03	4.677351412871981e-03
1605543	4.321338371868100e-03	4.365158322401661e-03
1606458	4.136868889137446e-03	4.168693834703355e-03
1608765	3.983753529097744e-03	4.073802778041126e-03
1609514	3.795197891897084e-03	3.801893963205613e-03
1610431	3.640520587492091e-03	3.715352290971724e-03
1611754	3.492860921080587e-03	3.548133892335753e-03
1612748	3.355693713888108e-03	3.388441561392024e-03
1613865	3.208701660421309e-03	3.235936569296281e-03
1614573	3.078682180316816e-03	3.090295432513592e-03
1615895	2.956219850246522e-03	3.019951720402016e-03
1617053	2.827542224192015e-03	2.884031503126605e-03
1617965	2.697880024728594e-03	2.754228703338166e-03
1618715	2.607920195772384e-03	2.630267991895381e-03
1619834	2.524248616884495e-03	2.570395782768865e-03
1620666	2.477979566531396e-03	2.511886431509579e-03
1621457	2.391519711214984e-03	2.398832919019490e-03
1623038	2.297962324398606e-03	2.344228815319923e-03
1623910	2.271754801075665e-03	2.290867652767772e-03
1625811	2.206487675432633e-03	2.238721138568340e-03
1626645	2.159898768063107e-03	2.187761623949552e-03
1627351	2.116030303900063e-03	2.137962089502233e-03
1628549	2.075245303161166e-03	2.089296130854039e-03
1629132	2.035461941379157e-03	2.041737944669530e-03
1631120	1.961558270854202e-03	1.995262314968879e-03
1631907	1.923111978807568e-03	1.949844599758046e-03
1632531	1.887262913379040e-03	1.905460717963246e-03
1633359	1.851070106004715e-03	1.862087136662868e-03
1634105	1.815546483317498e-03	1.819700858609983e-03
1635802	1.748689934827352e-03	1.778279410038923e-03
1636631	1.715298281714017e-03	1.737800828749376e-03
1637338	1.682050360438447e-03	1.698243652461744e-03
1638125	1.650572910090409e-03	1.659586907437561e-03
1638953	1.621119615236810e-03	1.621810097358930e-03
1640570	1.559728669063953e-03	1.584893192461114e-03
1641357	1.531579322300636e-03	1.548816618912481e-03
1642729	1.509449906601623e-03	1.513561248436209e-03
1643396	1.479075028267274e-03	1.479108388168207e-03
1644520	1.434766546006494e-03	1.445439770745928e-03
1645937	1.401087678213675e-03	1.412537544622754e-03
1647803	1.378996242081487e-03	1.380384264602885e-03
1649091	1.338359706900327e-03	1.348962882591653e-03
1650298	1.304465238614716e-03	1.318256738556408e-03
1650963	1.285488986616734e-03	1.288249551693134e-03
1653990	1.245901923262682e-03	1.258925411794167e-03
1656403	1.219467079839331e-03	1.230268770812381e-03
1657566	1.196866806337349e-03	1.202264434617413e-03
1658728	1.173774180721843e-03	1.174897554939529e-03
1660310	1.143357376408471e-03	1.148153621496883e-03
1661975	1.114997763895897e-03	1.122018454301963e-03
1663762	1.090277502320935e-03	1.096478196143185e-03
1665178	1.062781601787410e-03	1.071519305237606e-03
1666133	1.044827770690260e-03	1.047128548050900e-03
1667670	1.017780183617423e-03	1.023292992280754e-03
1668625	9.999424082542951e-04	1.000000000000000e-03
1670204	9.750310864590217e-04	9.772372209558111e-04
1671905	9.498537589185396e-04	9.549925860214359e-04
1673483	9.253868060837833e-04	9.332543007969915e-04
1676894	9.100291229017232e-04	9.120108393559096e-04
1678223	8.854775091706735e-04	8.912509381337459e-04
1679506	8.696287669507363e-04	8.709635899560805e-04
1681248	8.462714492073475e-04	8.511380382023768e-04
1682244	8.310386004095616e-04	8.317637711026709e-04
1683864	8.071508317013532e-04	8.128305161640995e-04
1685069	7.930360139840609e-04	7.943282347242813e-04
1686569	7.724929106834866e-04	7.762471166286919e-04
1688189	7.542555956923103e-04	7.585775750291835e-04
1689319	7.356119353144619e-04	7.413102413009177e-04
1690524	7.202018199601312e-04	7.244359600749898e-04
1692103	7.049084112267234e-04	7.079457843841380e-04
1694264	6.884204193644550e-04	6.918309709189362e-04
1696631	6.728926766985666e-04	6.760829753919819e-04
1699165	6.604307274072907e-04	6.606934480075957e-04
1701448	6.453259794898525e-04	6.456542290346556e-04
1706402	6.291001972157373e-04	6.309573444801930e-04
1708279	6.145303629829790e-04	6.165950018614823e-04
1709612	6.009989476174482e-04	6.025595860743575e-04
1711074	5.882250414466217e-04	5.888436553555889e-04
1712785	5.748406993980604e-04	5.754399373371566e-04
1716706	5.607476598070704e-04	5.623413251903491e-04
1718457	5.489666842317664e-04	5.495408738576248e-04
1720616	5.353672375927321e-04	5.370317963702527e-04
1722281	5.239074070091387e-04	5.248074602497728e-04
1724525	5.107669181962926e-04	5.128613839913648e-04
1725941	5.001210666566447e-04	5.011872336272725e-04
1727693	4.877197217921792e-04	4.897788193684461e-04
1729361	4.771039708227898e-04	4.786300923226385e-04
1730777	4.669986966774342e-04	4.677351412871981e-04
1732569	4.561144860377730e-04	4.570881896148752e-04
1734312	4.463028170575978e-04	4.466835921509630e-04
1736267	4.350587004503526e-04	4.365158322401661e-04
1737929	4.256040469895472e-04	4.265795188015926e-04
1739596	4.167608172459536e-04	4.168693834703355e-04
1741643	4.070403889763208e-04	4.073802778041126e-04
1745811	3.973123868555861e-04	3.981071705534974e-04
1748678	3.890405671710395e-04	3.890451449942805e-04
1750846	3.801811056391990e-04	3.801893963205612e-04
1753134	3.714243060215505e-04	3.715352290971724e-04
1754843	3.621589054324525e-04	3.630780547701014e-04
1757094	3.538181707490873e-04	3.548133892335753e-04
1759345	3.465645772710024e-04	3.467368504525317e-04
1763672	3.382770800264279e-04	3.388441561392024e-04
1767464	3.304753839854513e-04	3.311311214825911e-04
1770012	3.229521661057833e-04	3.235936569296281e-04
1772559	3.160344316973651e-04	3.162277660168379e-04
1775141	3.090220997120641e-04	3.090295432513592e-04
1778139	3.014143072062048e-04	3.019951720402016e-04
1782098	2.948332156228473e-04	2.951209226666387e-04
1785717	2.883520609260337e-04	2.884031503126605e-04
1788752	2.815916420126907e-04	2.818382931264455e-04
1792538	2.749798820214089e-04	2.754228703338166e-04
1794868	2.689174981689302e-04	2.691534803926917e-04
1797616	2.626765586439817e-04	2.630267991895381e-04
1799862	2.568933205927548e-04	2.570395782768865e-04
1802071	2.507164239246018e-04	2.511886431509580e-04
1804691	2.449901287421286e-04	2.454708915685031e-04
1807151	2.395488318139849e-04	2.398832919019490e-04
1813862	2.343148094332559e-04	2.344228815319923e-04
1815860	2.289084047800705e-04	2.290867652767772e-04
1818356	2.237076859953335e-04	2.238721138568340e-04
1820858	2.184830200563370e-04	2.187761623949552e-04
1826073	2.134996799564304e-04	2.137962089502232e-04
1833725	2.085473119314285e-04	2.089296130854039e-04
1836349	2.039159876647823e-04	2.041737944669530e-04
1842838	1.993413102561181e-04	1.995262314968879e-04
1845050	1.946975629399939e-04	1.949844599758046e-04
1854746	1.903741142672555e-04	1.905460717963246e-04
1858833	1.861072316382550e-04	1.862087136662868e-04
1862790	1.819176752961837e-04	1.819700858609983e-04
1893572	1.777842998754720e-04	1.778279410038923e-04
1896947	1.737523631472060e-04	1.737800828749376e-04
1943957	1.697295216356309e-04	1.698243652461744e-04
2000000	1.667953923111254e-04	1.698243652461744e-04
%
% index = 3619, name = bbob_f006_i11_d20__bbob_f013_i12_d20
% instance = 5, reference value = 7.894527422914180e-01
% function evaluation | indicator value | target hit
1	1.450650201272418e+00	1.479108388168207e+00
57	1.442445113783418e+00	1.445439770745927e+00
60	1.383513552614418e+00	1.412537544622754e+00
101	1.299938660153918e+00	1.318256738556407e+00
142	1.184311068109918e+00	1.202264434617413e+00
183	1.081829461831418e+00	1.096478196143185e+00
224	1.001026926818918e+00	1.023292992280754e+00
265	9.455780212139181e-01	9.549925860214360e-01
306	9.132847483029179e-01	9.332543007969910e-01
347	8.958070100599179e-01	9.120108393559098e-01
388	8.795116685289180e-01	8.912509381337456e-01
429	8.488508946359180e-01	8.511380382023764e-01
470	7.928467490094181e-01	7.943282347242815e-01
511	7.659631631280638e-01	7.762471166286917e-01
552	7.332867574562257e-01	7.413102413009175e-01
593	6.976819797762812e-01	7.079457843841379e-01
634	6.649702275934299e-01	6.760829753919817e-01
675	6.391198000067814e-01	6.456542290346555e-01
716	6.211261295084075e-01	6.309573444801932e-01
757	6.086337561452314e-01	6.165950018614822e-01
798	5.963500531636232e-01	6.025595860743578e-01
839	5.781426724690991e-01	5.888436553555889e-01
880	5.508222931472853e-01	5.623413251903491e-01
921	5.163587031423384e-01	5.248074602497725e-01
962	4.801680143660733e-01	4.897788193684462e-01
1003	4.474153537927202e-01	4.570881896148750e-01
1044	4.207292614803283e-01	4.265795188015927e-01
1085	4.001683446133861e-01	4.073802778041127e-01
1126	3.842131292877527e-01	3.890451449942806e-01
1167	3.709436154707656e-01	3.715352290971726e-01
1208	3.588537567930140e-01	3.630780547701014e-01
1249	3.472174886692174e-01	3.548133892335755e-01
1290	3.360141294863740e-01	3.388441561392025e-01
1331	3.255384068927312e-01	3.311311214825911e-01
1372	3.161794022833074e-01	3.162277660168379e-01
1413	3.082226162923377e-01	3.090295432513591e-01
1454	3.018130461281029e-01	3.019951720402016e-01
1536	2.938120678543290e-01	2.951209226666385e-01
6144	2.859120149512735e-01	2.884031503126606e-01
6850	2.800610741116302e-01	2.818382931264454e-01
7804	2.694854083402771e-01	2.754228703338166e-01
8760	2.534549731737150e-01	2.570395782768864e-01
10005	2.386538799159935e-01	2.398832919019490e-01
11209	2.227052122443245e-01	2.238721138568339e-01
12454	2.120991508549498e-01	2.137962089502232e-01
13863	2.049991403759083e-01	2.089296130854039e-01
15436	1.916083523376565e-01	1.949844599758045e-01
16640	1.842679635958728e-01	1.862087136662867e-01
18377	1.803270504596743e-01	1.819700858609984e-01
20074	1.721574854684240e-01	1.737800828749375e-01
22387	1.694305578057310e-01	1.698243652461744e-01
24369	1.656847332023944e-01	1.659586907437560e-01
28950	1.614149562402467e-01	1.621810097358930e-01
1043635	1.581435129639737e-01	1.584893192461113e-01
1044922	1.515367006651021e-01	1.548816618912481e-01
1046327	1.429819003574276e-01	1.445439770745928e-01
1047365	1.265045332739233e-01	1.288249551693134e-01
1048529	1.090955853916165e-01	1.096478196143185e-01
1049693	9.262509727973378e-02	9.332543007969910e-02
1050858	7.782588776620913e-02	7.943282347242814e-02
1051777	6.510776335188917e-02	6.606934480075961e-02
1052778	5.401657588779718e-02	5.495408738576246e-02
1053861	4.376942874869638e-02	4.466835921509630e-02
1057035	3.398184196873066e-02	3.467368504525317e-02
1058774	2.514072291984426e-02	2.570395782768863e-02
1059816	1.810303564590765e-02	1.819700858609984e-02
1061226	1.354868791118369e-02	1.380384264602885e-02
1062595	1.158443402188569e-02	1.174897554939530e-02
1064472	1.140963710721110e-02	1.148153621496883e-02
2000000	1.124824368022348e-02	1.148153621496883e-02
%
% index = 3620, name = bbob_f006_i13_d20__bbob_f013_i14_d20
% instance = 6, reference value = 7.617734507451870e-01
% function evaluation | indicator value | target hit
1	7.650627387706870e-01	7.762471166286917e-01
60	7.544828054197930e-01	7.585775750291838e-01
142	7.253826553886995e-01	7.413102413009175e-01
183	7.086245029820392e-01	7.244359600749900e-01
224	6.922518335402080e-01	7.079457843841379e-01
265	6.769786147535493e-01	6.918309709189365e-01
306	6.677772989834694e-01	6.760829753919817e-01
347	6.530721635650185e-01	6.606934480075960e-01
388	6.384647167263450e-01	6.456542290346555e-01
429	6.251304272388010e-01	6.309573444801932e-01
511	6.052524243226807e-01	6.165950018614822e-01
552	5.929288331640468e-01	6.025595860743578e-01
593	5.815360271288910e-01	5.888436553555889e-01
634	5.715046865380133e-01	5.754399373371569e-01
716	5.551281287796392e-01	5.623413251903491e-01
757	5.478819834650668e-01	5.495408738576245e-01
839	5.355229295743240e-01	5.370317963702527e-01
921	5.184941949198396e-01	5.248074602497725e-01
1044	5.091538955902485e-01	5.128613839913648e-01
1126	4.960185998029731e-01	5.011872336272722e-01
1249	4.886179504990223e-01	4.897788193684462e-01
1331	4.754585794484818e-01	4.786300923226383e-01
1536	4.615933744606534e-01	4.677351412871982e-01
1700	4.565983756701532e-01	4.570881896148750e-01
1987	4.455571892174296e-01	4.466835921509631e-01
2274	4.313331264387312e-01	4.365158322401660e-01
1300580	4.265745117513951e-01	4.265795188015927e-01
1304958	4.083644230402961e-01	4.168693834703354e-01
1306527	3.901247961922845e-01	3.981071705534972e-01
1307689	3.705039349339671e-01	3.715352290971726e-01
1309179	3.511719129309442e-01	3.548133892335755e-01
1310628	3.319866897993681e-01	3.388441561392025e-01
1311750	3.132119086049289e-01	3.162277660168379e-01
1313200	2.947471449970880e-01	2.951209226666385e-01
1314814	2.763217775489698e-01	2.818382931264454e-01
1316061	2.577910655644899e-01	2.630267991895382e-01
1317593	2.397267349622543e-01	2.398832919019490e-01
1318593	2.220688301606107e-01	2.238721138568339e-01
1319839	2.049388926146164e-01	2.089296130854039e-01
1321208	1.884224467708450e-01	1.905460717963247e-01
1322536	1.723601081951633e-01	1.737800828749375e-01
1324151	1.565907986196072e-01	1.584893192461113e-01
1325561	1.412653612942569e-01	1.445439770745928e-01
1326970	1.267745202560124e-01	1.288249551693134e-01
1327969	1.134157429622261e-01	1.148153621496883e-01
1329501	1.010725530647003e-01	1.023292992280754e-01
1330828	8.928014992989719e-02	9.120108393559097e-02
1332975	7.768550354541837e-02	7.943282347242814e-02
1336106	6.635867467286827e-02	6.760829753919818e-02
1337269	5.572246182393470e-02	5.623413251903491e-02
1339006	4.631184131588328e-02	4.677351412871981e-02
1340743	3.851032988112491e-02	3.890451449942807e-02
1342316	3.233493546007171e-02	3.235936569296283e-02
1343519	2.741102267008244e-02	2.754228703338166e-02
1344845	2.320483999449441e-02	2.344228815319923e-02
1346745	1.933794667989663e-02	1.949844599758046e-02
1349219	1.575056791396301e-02	1.584893192461113e-02
1351939	1.267043116005895e-02	1.288249551693134e-02
1353839	1.048605813040526e-02	1.071519305237606e-02
1357543	1.001075463761103e-02	1.023292992280754e-02
1357596	9.992135621781029e-03	1.000000000000000e-02
1357600	9.759495913727934e-03	9.772372209558112e-03
1357724	9.517421891624189e-03	9.549925860214359e-03
2000000	9.368385955202063e-03	9.549925860214359e-03
%
% index = 3621, name = bbob_f006_i15_d20__bbob_f013_i16_d20
% instance = 7, reference value = 7.637173762576250e-01
% function evaluation | indicator value | target hit
1	1.148034260477931e+00	1.148153621496883e+00
59	1.116740452150528e+00	1.122018454301963e+00
60	1.086278351549428e+00	1.096478196143185e+00
101	1.017828203762667e+00	1.023292992280754e+00
142	9.373076796494364e-01	9.549925860214360e-01
183	8.783277990522433e-01	8.912509381337456e-01
224	8.372617722630378e-01	8.511380382023764e-01
265	8.061761124464686e-01	8.128305161640993e-01
306	7.785304346108958e-01	7.943282347242815e-01
347	7.634836463697665e-01	7.762471166286917e-01
429	7.556207689658434e-01	7.585775750291838e-01
511	7.310267858417525e-01	7.413102413009175e-01
552	7.148759164877003e-01	7.244359600749900e-01
593	6.991379243766160e-01	7.079457843841379e-01
634	6.853849289577956e-01	6.918309709189365e-01
675	6.737738025263660e-01	6.760829753919817e-01
757	6.494028526258232e-01	6.606934480075960e-01
798	6.314033472059617e-01	6.456542290346555e-01
839	6.086569386630377e-01	6.165950018614822e-01
880	5.837226864875011e-01	5.888436553555889e-01
921	5.598257237536393e-01	5.623413251903491e-01
962	5.390525000149544e-01	5.495408738576245e-01
1003	5.217878937770981e-01	5.248074602497725e-01
1044	5.070679633593177e-01	5.128613839913648e-01
1085	4.934059125506984e-01	5.011872336272722e-01
1126	4.794967704825365e-01	4.897788193684462e-01
1167	4.647326815760208e-01	4.677351412871982e-01
1208	4.492980070440216e-01	4.570881896148750e-01
1249	4.338593376521127e-01	4.365158322401660e-01
1290	4.191318287387114e-01	4.265795188015927e-01
1331	4.055877825061068e-01	4.073802778041127e-01
1372	3.933791725919260e-01	3.981071705534972e-01
1413	3.824068344882627e-01	3.890451449942806e-01
1454	3.724455072579081e-01	3.801893963205612e-01
1495	3.633031495950204e-01	3.715352290971726e-01
1536	3.548954863169208e-01	3.630780547701014e-01
1577	3.471097582055705e-01	3.548133892335755e-01
1618	3.399240256842318e-01	3.467368504525316e-01
1659	3.333685030589746e-01	3.388441561392025e-01
1700	3.274980123082517e-01	3.311311214825911e-01
1741	3.223621494825238e-01	3.235936569296283e-01
1823	3.145170705433842e-01	3.162277660168379e-01
6921	3.068251496370366e-01	3.090295432513591e-01
8255	2.981636854191116e-01	3.019951720402016e-01
9460	2.876119391730094e-01	2.884031503126606e-01
10747	2.797395512158492e-01	2.818382931264454e-01
13196	2.697334458015447e-01	2.754228703338166e-01
14645	2.676247510274048e-01	2.691534803926916e-01
18117	2.621350705721176e-01	2.630267991895382e-01
899798	2.547933995811916e-01	2.570395782768864e-01
900503	2.498743046683606e-01	2.511886431509580e-01
901210	2.401871249691916e-01	2.454708915685030e-01
901960	2.213547596406396e-01	2.238721138568339e-01
903368	2.014683494459097e-01	2.041737944669530e-01
904900	1.824482199914966e-01	1.862087136662867e-01
906393	1.639294674983827e-01	1.659586907437560e-01
907476	1.459539181282354e-01	1.479108388168208e-01
909460	1.285747598929416e-01	1.288249551693134e-01
910543	1.124721447120277e-01	1.148153621496883e-01
911788	9.788301208441830e-02	1.000000000000000e-01
912705	8.497894918943394e-02	8.511380382023763e-02
913745	7.334832695196614e-02	7.413102413009177e-02
915196	6.225298873012552e-02	6.309573444801933e-02
916851	5.136840715889646e-02	5.248074602497726e-02
919285	4.085424531191650e-02	4.168693834703355e-02
921104	3.125538271553185e-02	3.162277660168379e-02
922226	2.325946293768155e-02	2.344228815319923e-02
923430	1.739646967615971e-02	1.778279410038923e-02
924674	1.377862616611902e-02	1.380384264602885e-02
926369	1.201945095077328e-02	1.202264434617413e-02
929540	1.157133011292921e-02	1.174897554939530e-02
929597	1.142496167916141e-02	1.148153621496883e-02
947973	1.120877745751747e-02	1.122018454301964e-02
954407	1.095393744010831e-02	1.096478196143185e-02
967909	1.071408249226113e-02	1.071519305237606e-02
973300	9.957585225051968e-03	1.000000000000000e-02
974992	9.409492326886371e-03	9.549925860214359e-03
976234	8.985067967800298e-03	9.120108393559097e-03
978418	8.552934710141846e-03	8.709635899560805e-03
979783	8.172307051902306e-03	8.317637711026709e-03
980574	7.818616714208582e-03	7.943282347242814e-03
981365	7.547466211384801e-03	7.585775750291836e-03
982650	7.288573480055072e-03	7.413102413009177e-03
983933	7.100499244563463e-03	7.244359600749898e-03
984849	6.933175529934554e-03	7.079457843841380e-03
986296	6.775986065707507e-03	6.918309709189363e-03
987169	6.663777538589377e-03	6.760829753919818e-03
988903	6.536143346121626e-03	6.606934480075957e-03
989776	6.395541231922874e-03	6.456542290346556e-03
990851	6.256448436161910e-03	6.309573444801930e-03
992050	6.121751371404915e-03	6.165950018614822e-03
993002	5.992950085518922e-03	6.025595860743574e-03
994037	5.872814620536904e-03	5.888436553555890e-03
995276	5.712547483787911e-03	5.754399373371567e-03
996518	5.598608535882899e-03	5.623413251903491e-03
997596	5.485648645549679e-03	5.495408738576248e-03
998426	5.368377997202911e-03	5.370317963702527e-03
1000380	5.154932558529501e-03	5.248074602497728e-03
1001045	5.058403263396682e-03	5.128613839913648e-03
1002285	4.964613516423966e-03	5.011872336272725e-03
1003156	4.873141572686257e-03	4.897788193684461e-03
1003822	4.780852383151069e-03	4.786300923226385e-03
1005607	4.596099405992260e-03	4.677351412871981e-03
1006726	4.518480272483472e-03	4.570881896148752e-03
1007515	4.420959981355277e-03	4.466835921509630e-03
1009002	4.358216533724368e-03	4.365158322401661e-03
1010867	4.228299194252050e-03	4.265795188015926e-03
1011785	4.166927478297167e-03	4.168693834703355e-03
1013077	4.071067404370465e-03	4.073802778041126e-03
1016718	3.939436592256484e-03	3.981071705534973e-03
1018953	3.848622972895566e-03	3.890451449942805e-03
1020449	3.782813939051999e-03	3.801893963205613e-03
1025197	3.691417777717643e-03	3.715352290971724e-03
1026775	3.610168825424420e-03	3.630780547701014e-03
1028435	3.529528930991011e-03	3.548133892335753e-03
1031244	3.457852262042316e-03	3.467368504525317e-03
1032775	3.387707795790562e-03	3.388441561392024e-03
1034560	3.285930079426347e-03	3.311311214825911e-03
1036053	3.219949432336722e-03	3.235936569296281e-03
1037093	3.160557296589817e-03	3.162277660168379e-03
1039294	3.070080520797047e-03	3.090295432513592e-03
1041575	3.002312125164552e-03	3.019951720402016e-03
1042905	2.944883126899001e-03	2.951209226666387e-03
1045396	2.864374849073537e-03	2.884031503126605e-03
1047751	2.811815385613481e-03	2.818382931264455e-03
1050937	2.736978486977959e-03	2.754228703338166e-03
1052471	2.688783649354654e-03	2.691534803926917e-03
1054955	2.618053928285069e-03	2.630267991895381e-03
1056988	2.552730150149674e-03	2.570395782768865e-03
1058399	2.508345309913840e-03	2.511886431509579e-03
1061014	2.441387647071691e-03	2.454708915685031e-03
1063172	2.380347607155997e-03	2.398832919019490e-03
1067817	2.326676257370153e-03	2.344228815319923e-03
1070307	2.286958347727408e-03	2.290867652767772e-03
1072964	2.227769730909768e-03	2.238721138568340e-03
1076109	2.185222163458511e-03	2.187761623949552e-03
1080131	2.128702942020055e-03	2.137962089502233e-03
1083198	2.079704851344455e-03	2.089296130854039e-03
1086922	2.034848382711729e-03	2.041737944669530e-03
1089291	1.992857060368225e-03	1.995262314968879e-03
1093440	1.940775540414608e-03	1.949844599758046e-03
1096016	1.902567413890610e-03	1.905460717963246e-03
1099794	1.857565163483899e-03	1.862087136662868e-03
1101952	1.813801859157027e-03	1.819700858609983e-03
1104773	1.770941868638021e-03	1.778279410038923e-03
1107429	1.734997986080900e-03	1.737800828749376e-03
1110539	1.695417729920212e-03	1.698243652461744e-03
1112495	1.656571904649851e-03	1.659586907437561e-03
1115442	1.618951437237448e-03	1.621810097358930e-03
1117899	1.584116173924621e-03	1.584893192461114e-03
1120687	1.542924194600448e-03	1.548816618912481e-03
1123303	1.511694042465317e-03	1.513561248436209e-03
1127000	1.474763629616960e-03	1.479108388168207e-03
1129285	1.444880092560608e-03	1.445439770745928e-03
1132194	1.411596153387595e-03	1.412537544622754e-03
1137449	1.378321170796060e-03	1.380384264602885e-03
1140972	1.345558022074367e-03	1.348962882591653e-03
1143758	1.315150051361069e-03	1.318256738556408e-03
1146749	1.286448718942235e-03	1.288249551693134e-03
1151062	1.256804859279259e-03	1.258925411794167e-03
1154305	1.228802960530961e-03	1.230268770812381e-03
1162555	1.199070998522345e-03	1.202264434617413e-03
1166213	1.171771978555558e-03	1.174897554939529e-03
1172429	1.146581015787240e-03	1.148153621496883e-03
1177324	1.120899293218125e-03	1.122018454301963e-03
1182344	1.096259918907383e-03	1.096478196143185e-03
1187695	1.070861369572573e-03	1.071519305237606e-03
1197872	1.046424541380375e-03	1.047128548050900e-03
1210292	1.021658575752427e-03	1.023292992280754e-03
1214028	9.981844539788121e-04	1.000000000000000e-03
1219010	9.754284824108339e-04	9.772372209558111e-04
1222708	9.543368090576543e-04	9.549925860214359e-04
1227064	9.328685262482983e-04	9.332543007969915e-04
1230351	9.114811932778855e-04	9.120108393559096e-04
1235868	8.895093770311391e-04	8.912509381337459e-04
1240564	8.698165740814723e-04	8.709635899560805e-04
1245783	8.505111019568856e-04	8.511380382023768e-04
1251629	8.303269080779385e-04	8.317637711026709e-04
1257481	8.114352853600959e-04	8.128305161640995e-04
1262660	7.933612894150954e-04	7.943282347242813e-04
1268543	7.749574134985338e-04	7.762471166286919e-04
1272411	7.583177537520136e-04	7.585775750291835e-04
1277769	7.400830488489829e-04	7.413102413009177e-04
1282881	7.233582914922820e-04	7.244359600749898e-04
1290498	7.075988248606002e-04	7.079457843841380e-04
1298785	6.914572249038242e-04	6.918309709189362e-04
1306831	6.760512554486731e-04	6.760829753919819e-04
1315594	6.605227098804844e-04	6.606934480075957e-04
1326485	6.451448823485695e-04	6.456542290346556e-04
1334341	6.304068916163086e-04	6.309573444801930e-04
1341001	6.165062766975149e-04	6.165950018614823e-04
1352184	6.020629860232773e-04	6.025595860743575e-04
1362760	5.883240391530986e-04	5.888436553555889e-04
1367372	5.752066217493690e-04	5.754399373371566e-04
1372822	5.619180701409432e-04	5.623413251903491e-04
1378939	5.495105777899578e-04	5.495408738576248e-04
1383774	5.369093926453905e-04	5.370317963702527e-04
1389358	5.245765230216248e-04	5.248074602497728e-04
1394294	5.128553308192396e-04	5.128613839913648e-04
1404505	5.011750073941057e-04	5.011872336272725e-04
1409899	4.896148430172387e-04	4.897788193684461e-04
1414546	4.785787479455461e-04	4.786300923226385e-04
1417489	4.676864036829986e-04	4.677351412871981e-04
1420589	4.570511347979922e-04	4.570881896148752e-04
1425682	4.466495565398354e-04	4.466835921509630e-04
1431480	4.362618576306820e-04	4.365158322401661e-04
1436784	4.264858796992899e-04	4.265795188015926e-04
1441510	4.166712805047101e-04	4.168693834703355e-04
1448470	4.071997596233334e-04	4.073802778041126e-04
1458843	3.980276789719017e-04	3.981071705534974e-04
1464311	3.889855426689737e-04	3.890451449942805e-04
1471437	3.800575047097077e-04	3.801893963205612e-04
1479467	3.715020655545853e-04	3.715352290971724e-04
1483403	3.629484630361945e-04	3.630780547701014e-04
1486974	3.547651090747284e-04	3.548133892335753e-04
1494790	3.466450173704727e-04	3.467368504525317e-04
1499725	3.387393332554556e-04	3.388441561392024e-04
1504326	3.310467280817075e-04	3.311311214825911e-04
1509801	3.235761865415521e-04	3.235936569296281e-04
1515526	3.162239783697229e-04	3.162277660168379e-04
1520878	3.089989827301798e-04	3.090295432513592e-04
1525072	3.019300352165022e-04	3.019951720402016e-04
1534197	2.950499389365868e-04	2.951209226666387e-04
1540603	2.883633291294041e-04	2.884031503126605e-04
1546967	2.818041724953479e-04	2.818382931264455e-04
1559591	2.754002579029580e-04	2.754228703338166e-04
1573417	2.691224036462936e-04	2.691534803926917e-04
1585160	2.630214225739502e-04	2.630267991895381e-04
1596009	2.570154969394611e-04	2.570395782768865e-04
1600464	2.511559322879720e-04	2.511886431509580e-04
1605626	2.454510444654945e-04	2.454708915685031e-04
1610802	2.398645297383428e-04	2.398832919019490e-04
1621406	2.344034548790175e-04	2.344228815319923e-04
1627938	2.290729941023528e-04	2.290867652767772e-04
1631381	2.238696406584584e-04	2.238721138568340e-04
1679371	2.187635554468104e-04	2.187761623949552e-04
1778776	2.137862625897213e-04	2.137962089502232e-04
1923291	2.089252580261824e-04	2.089296130854039e-04
2000000	2.054765199237529e-04	2.089296130854039e-04
%
% index = 3622, name = bbob_f006_i17_d20__bbob_f013_i18_d20
% instance = 8, reference value = 7.693394007092210e-01
% function evaluation | indicator value | target hit
1	1.197098827201751e+00	1.202264434617413e+00
59	1.165219000238443e+00	1.174897554939530e+00
60	1.133858730691174e+00	1.148153621496883e+00
101	1.062401542969076e+00	1.071519305237606e+00
142	9.775699362937260e-01	1.000000000000000e+00
183	9.170433207388500e-01	9.332543007969910e-01
224	8.779279688084483e-01	8.912509381337456e-01
265	8.503249480197209e-01	8.511380382023764e-01
306	8.251503063962210e-01	8.317637711026710e-01
347	8.003463142277211e-01	8.128305161640993e-01
388	7.759228724332211e-01	7.762471166286917e-01
511	7.480338533412763e-01	7.585775750291838e-01
552	7.342685557134050e-01	7.413102413009175e-01
593	7.203838814326735e-01	7.244359600749900e-01
675	6.968606847866786e-01	7.079457843841379e-01
716	6.847513936533415e-01	6.918309709189365e-01
757	6.684264624414725e-01	6.760829753919817e-01
798	6.467962642855575e-01	6.606934480075960e-01
839	6.223946800774205e-01	6.309573444801932e-01
880	5.991872813762786e-01	6.025595860743578e-01
921	5.795038621745838e-01	5.888436553555889e-01
962	5.628234173372506e-01	5.754399373371569e-01
1003	5.463865223003557e-01	5.495408738576245e-01
1044	5.275889015363399e-01	5.370317963702527e-01
1085	5.066663158791214e-01	5.128613839913648e-01
1126	4.861251592171226e-01	4.897788193684462e-01
1167	4.676475822483663e-01	4.677351412871982e-01
1208	4.506584104048107e-01	4.570881896148750e-01
1249	4.337278365365804e-01	4.365158322401660e-01
1290	4.168256207531435e-01	4.168693834703354e-01
1331	4.014953682134965e-01	4.073802778041127e-01
1372	3.888746326426974e-01	3.890451449942806e-01
1413	3.782867609926044e-01	3.801893963205612e-01
1454	3.683386324044088e-01	3.715352290971726e-01
1495	3.585759090484090e-01	3.630780547701014e-01
1536	3.493576715067769e-01	3.548133892335755e-01
1577	3.411615191117618e-01	3.467368504525316e-01
1618	3.341907551050270e-01	3.388441561392025e-01
1659	3.284882405808288e-01	3.311311214825911e-01
1741	3.204399743215973e-01	3.235936569296283e-01
1823	3.157806484648811e-01	3.162277660168379e-01
9525	3.072431272358668e-01	3.090295432513591e-01
10645	2.999775246514171e-01	3.019951720402016e-01
13423	2.925243246656802e-01	2.951209226666385e-01
20366	2.880387097079357e-01	2.884031503126606e-01
1811570	2.777520730467313e-01	2.818382931264454e-01
1812483	2.676668402727265e-01	2.691534803926916e-01
1813316	2.481410487210925e-01	2.511886431509580e-01
1814684	2.272112531445830e-01	2.290867652767773e-01
1815684	2.068644858323814e-01	2.089296130854039e-01
1816930	1.871718592312016e-01	1.905460717963247e-01
1818176	1.681439960869752e-01	1.698243652461744e-01
1819585	1.500653725445183e-01	1.513561248436208e-01
1820666	1.328206542733055e-01	1.348962882591654e-01
1821829	1.160550660364330e-01	1.174897554939529e-01
1822910	1.000266251258513e-01	1.023292992280754e-01
1824155	8.546718464311942e-02	8.709635899560805e-02
1825522	7.272115570785864e-02	7.413102413009177e-02
1827053	6.120987871142847e-02	6.165950018614822e-02
1829363	5.010244147116383e-02	5.011872336272722e-02
1831181	3.929409585669863e-02	3.981071705534973e-02
1832958	2.946513944320772e-02	2.951209226666385e-02
1833955	2.156564803119931e-02	2.187761623949553e-02
1835690	1.622765027177675e-02	1.659586907437561e-02
1837302	1.332926459057615e-02	1.348962882591653e-02
1839980	1.206955869762127e-02	1.230268770812382e-02
1841183	1.157778576501522e-02	1.174897554939530e-02
1846583	1.147433962880395e-02	1.148153621496883e-02
1863329	1.121862593542011e-02	1.122018454301964e-02
1875295	1.096474951966209e-02	1.096478196143185e-02
1880071	1.023011709132093e-02	1.023292992280754e-02
1881229	9.654881189038678e-03	9.772372209558112e-03
1883207	9.118906410419458e-03	9.120108393559097e-03
1884365	8.677290184013975e-03	8.709635899560805e-03
1885606	8.328915092788880e-03	8.511380382023767e-03
1887953	7.921631282272634e-03	7.943282347242814e-03
1889235	7.675425334497166e-03	7.762471166286920e-03
1890558	7.375847941118563e-03	7.413102413009177e-03
1892167	7.126530714423818e-03	7.244359600749898e-03
1893491	6.954713224764930e-03	7.079457843841380e-03
1894405	6.805919171780084e-03	6.918309709189363e-03
1897695	6.587138373797652e-03	6.606934480075957e-03
1899060	6.428395901145190e-03	6.456542290346556e-03
1900098	6.246791452186207e-03	6.309573444801930e-03
1901012	6.081592998939733e-03	6.165950018614822e-03
1902127	5.923786652236585e-03	6.025595860743574e-03
1903160	5.765126423545208e-03	5.888436553555890e-03
1904439	5.626904903308194e-03	5.754399373371567e-03
1906292	5.502876817948477e-03	5.623413251903491e-03
1907371	5.362543398958031e-03	5.370317963702527e-03
1909970	5.150056721745400e-03	5.248074602497728e-03
1911048	5.034813789828951e-03	5.128613839913648e-03
1911795	4.927523017184798e-03	5.011872336272725e-03
1913075	4.814164116870856e-03	4.897788193684461e-03
1914354	4.707744297010930e-03	4.786300923226385e-03
1915347	4.646616102943479e-03	4.677351412871981e-03
1916588	4.562451646829668e-03	4.570881896148752e-03
1919516	4.402366518859946e-03	4.466835921509630e-03
1925689	4.316664545179649e-03	4.365158322401661e-03
1926846	4.234055163422679e-03	4.265795188015926e-03
1927920	4.140264294970941e-03	4.168693834703355e-03
1930565	4.023840039247495e-03	4.073802778041126e-03
1933212	3.943949954784309e-03	3.981071705534973e-03
1934040	3.885223792163939e-03	3.890451449942805e-03
1935618	3.771953843436759e-03	3.801893963205613e-03
1938136	3.671665258935142e-03	3.715352290971724e-03
1938884	3.628022973836353e-03	3.630780547701014e-03
1941655	3.540019295293573e-03	3.548133892335753e-03
1945050	3.454606503008772e-03	3.467368504525317e-03
1946292	3.373994376664857e-03	3.388441561392024e-03
1947908	3.296555528142675e-03	3.311311214825911e-03
1949565	3.218063315155062e-03	3.235936569296281e-03
1951637	3.146398673758655e-03	3.162277660168379e-03
1952674	3.076695648086769e-03	3.090295432513592e-03
1954578	3.001961008670340e-03	3.019951720402016e-03
1956276	2.930405333485209e-03	2.951209226666387e-03
1957767	2.870504232718729e-03	2.884031503126605e-03
1959546	2.813874476546685e-03	2.818382931264455e-03
1961538	2.729561788735624e-03	2.754228703338166e-03
1963027	2.671824631555020e-03	2.691534803926917e-03
1964434	2.618960777125534e-03	2.630267991895381e-03
1966378	2.564721005333670e-03	2.570395782768865e-03
1968984	2.510215673500404e-03	2.511886431509579e-03
1971098	2.436209043391147e-03	2.454708915685031e-03
1973499	2.391371168926293e-03	2.398832919019490e-03
1975564	2.339757828057398e-03	2.344228815319923e-03
1978007	2.277051471596070e-03	2.290867652767772e-03
1979291	2.235219998115046e-03	2.238721138568340e-03
1986413	2.176516723719879e-03	2.187761623949552e-03
1988975	2.127037934395504e-03	2.137962089502233e-03
1990842	2.083300423795120e-03	2.089296130854039e-03
1995796	2.030822513390151e-03	2.041737944669530e-03
1998074	1.991688355338361e-03	1.995262314968879e-03
2000000	1.965372561865464e-03	1.995262314968879e-03
%
% index = 3623, name = bbob_f006_i19_d20__bbob_f013_i21_d20
% instance = 9, reference value = 8.126830755699510e-01
% function evaluation | indicator value | target hit
1	1.857818119459726e+00	1.862087136662868e+00
60	1.781584340935435e+00	1.819700858609983e+00
101	1.687687109756128e+00	1.698243652461744e+00
142	1.562908945467361e+00	1.584893192461114e+00
183	1.460705655621426e+00	1.479108388168207e+00
224	1.385264232919865e+00	1.412537544622754e+00
265	1.330478044821276e+00	1.348962882591654e+00
306	1.286807060568350e+00	1.288249551693134e+00
347	1.244347185671499e+00	1.258925411794167e+00
388	1.195438470586769e+00	1.202264434617413e+00
429	1.150550537354451e+00	1.174897554939530e+00
470	1.114849481616451e+00	1.122018454301963e+00
511	1.079674086757451e+00	1.096478196143185e+00
552	1.045056595682951e+00	1.047128548050900e+00
593	1.011031611232451e+00	1.023292992280754e+00
634	9.776361960224509e-01	1.000000000000000e+00
675	9.449099033354509e-01	9.549925860214360e-01
716	9.128948439629510e-01	9.332543007969910e-01
757	8.816355142824510e-01	8.912509381337456e-01
798	8.511786821949510e-01	8.709635899560807e-01
839	8.215730203399509e-01	8.317637711026710e-01
880	7.994228535891577e-01	8.128305161640993e-01
921	7.798483614067311e-01	7.943282347242815e-01
962	7.588610038616300e-01	7.762471166286917e-01
1003	7.365435574846516e-01	7.413102413009175e-01
1044	7.144472611863284e-01	7.244359600749900e-01
1085	6.930919764276441e-01	7.079457843841379e-01
1126	6.718066059847869e-01	6.760829753919817e-01
1167	6.508339016232910e-01	6.606934480075960e-01
1208	6.314017338131638e-01	6.456542290346555e-01
1249	6.137788465140505e-01	6.165950018614822e-01
1290	5.963869455930437e-01	6.025595860743578e-01
1331	5.780622258025989e-01	5.888436553555889e-01
1372	5.603449893214003e-01	5.623413251903491e-01
1413	5.452503583986420e-01	5.495408738576245e-01
1454	5.328856093395624e-01	5.370317963702527e-01
1495	5.229482529016585e-01	5.248074602497725e-01
1536	5.112259278153040e-01	5.128613839913648e-01
1577	4.992472348234850e-01	5.011872336272722e-01
1618	4.883458657467618e-01	4.897788193684462e-01
1700	4.714807476896620e-01	4.786300923226383e-01
1741	4.647848007920732e-01	4.677351412871982e-01
1823	4.532605297553204e-01	4.570881896148750e-01
1905	4.424671859810197e-01	4.466835921509631e-01
1987	4.337395931267003e-01	4.365158322401660e-01
2069	4.244602651886352e-01	4.265795188015927e-01
2274	4.119666898319582e-01	4.168693834703354e-01
2479	4.015656587695585e-01	4.073802778041127e-01
2725	3.925616797988740e-01	3.981071705534972e-01
11699	3.879621226895158e-01	3.890451449942806e-01
1292147	3.794970213172243e-01	3.801893963205612e-01
1293434	3.697431361917498e-01	3.715352290971726e-01
1294265	3.568673541533233e-01	3.630780547701014e-01
1295303	3.317577059747611e-01	3.388441561392025e-01
1296425	3.044754556609270e-01	3.090295432513591e-01
1297589	2.777468372801369e-01	2.818382931264454e-01
1298713	2.510414368509480e-01	2.511886431509580e-01
1300288	2.244736809558631e-01	2.290867652767773e-01
1301453	1.988010795482431e-01	1.995262314968880e-01
1302823	1.740313484540164e-01	1.778279410038923e-01
1303905	1.506710768944906e-01	1.513561248436208e-01
1304987	1.289830922058524e-01	1.318256738556407e-01
1305987	1.084091068740933e-01	1.096478196143185e-01
1307192	8.918036972402910e-02	9.120108393559097e-02
1308438	7.248883254240035e-02	7.413102413009177e-02
1309971	5.891030916255580e-02	6.025595860743578e-02
1311052	4.738893655857146e-02	4.786300923226382e-02
1312461	3.665881384852887e-02	3.715352290971726e-02
1315797	2.667832491030642e-02	2.691534803926915e-02
1318149	1.848988508024652e-02	1.862087136662868e-02
1320378	1.445808056154374e-02	1.479108388168207e-02
1320427	1.445268639810249e-02	1.445439770745927e-02
1320434	1.391618641462211e-02	1.412537544622754e-02
1320435	1.370970620958678e-02	1.380384264602885e-02
1333543	1.328232448643585e-02	1.348962882591653e-02
1376539	1.318112770523883e-02	1.318256738556407e-02
1437366	1.279043677374858e-02	1.288249551693134e-02
1445945	1.239104311638706e-02	1.258925411794167e-02
1450664	1.189295107474453e-02	1.202264434617413e-02
1451831	1.155214512962544e-02	1.174897554939530e-02
1451873	1.134510988203774e-02	1.148153621496883e-02
1457072	1.120833332201820e-02	1.122018454301964e-02
2000000	1.120707308881419e-02	1.122018454301964e-02
%
% index = 3624, name = bbob_f006_i21_d20__bbob_f013_i22_d20
% instance = 10, reference value = 7.002750277909700e-01
% function evaluation | indicator value | target hit
1	2.171450778489081e+00	2.187761623949553e+00
60	2.131646269639820e+00	2.137962089502232e+00
142	2.033431819176970e+00	2.041737944669529e+00
183	1.978407634440470e+00	1.995262314968880e+00
224	1.923873720432970e+00	1.949844599758045e+00
265	1.869850896996470e+00	1.905460717963247e+00
306	1.816362349738970e+00	1.819700858609983e+00
347	1.763434094195470e+00	1.778279410038923e+00
388	1.711095310534970e+00	1.737800828749375e+00
429	1.659373935684970e+00	1.659586907437561e+00
470	1.608300044925470e+00	1.621810097358930e+00
511	1.557911229873470e+00	1.584893192461114e+00
552	1.508258099596970e+00	1.513561248436208e+00
593	1.459399470587470e+00	1.479108388168207e+00
634	1.411403920329470e+00	1.412537544622754e+00
675	1.364351654056970e+00	1.380384264602885e+00
716	1.318336201876470e+00	1.348962882591654e+00
757	1.273465569131970e+00	1.288249551693134e+00
798	1.229861686110970e+00	1.230268770812382e+00
839	1.187656379629470e+00	1.202264434617413e+00
880	1.160571859721470e+00	1.174897554939530e+00
921	1.120962376651970e+00	1.122018454301963e+00
962	1.083060249203470e+00	1.096478196143185e+00
1003	1.046618078426470e+00	1.047128548050900e+00
1044	1.011488133661470e+00	1.023292992280754e+00
1085	9.777535228489700e-01	1.000000000000000e+00
1126	9.454205885079698e-01	9.549925860214360e-01
1167	9.145171930944700e-01	9.332543007969910e-01
1208	8.850862310444698e-01	8.912509381337456e-01
1249	8.571675973929700e-01	8.709635899560807e-01
1290	8.307770802484700e-01	8.317637711026710e-01
1331	8.064957628524698e-01	8.128305161640993e-01
1372	7.939073428534700e-01	7.943282347242815e-01
1413	7.629727378504700e-01	7.762471166286917e-01
1454	7.421378246404700e-01	7.585775750291838e-01
1495	7.304914696039699e-01	7.413102413009175e-01
1536	7.101492137919698e-01	7.244359600749900e-01
1577	6.804486725807108e-01	6.918309709189365e-01
1618	6.676622658773359e-01	6.760829753919817e-01
1659	6.606582224723260e-01	6.606934480075960e-01
1741	6.186482889802450e-01	6.309573444801932e-01
1782	6.049508687031140e-01	6.165950018614822e-01
1823	5.927195492563386e-01	6.025595860743578e-01
1864	5.856151548877806e-01	5.888436553555889e-01
1946	5.706799155960942e-01	5.754399373371569e-01
1987	5.542503779211968e-01	5.623413251903491e-01
2028	5.472191473540631e-01	5.495408738576245e-01
2151	5.327381447687811e-01	5.370317963702527e-01
2192	5.229046142628972e-01	5.248074602497725e-01
2397	5.121304500542331e-01	5.128613839913648e-01
2643	4.864196807409679e-01	4.897788193684462e-01
2930	4.650738269780582e-01	4.677351412871982e-01
727095	4.565776867001462e-01	4.570881896148750e-01
728339	4.435805665163005e-01	4.466835921509631e-01
729087	4.264595897676073e-01	4.265795188015927e-01
729960	3.931732932718076e-01	3.981071705534972e-01
731122	3.576906728142937e-01	3.630780547701014e-01
732204	3.238473803590532e-01	3.311311214825911e-01
733163	2.909598558753031e-01	2.951209226666385e-01
733998	2.597311214036883e-01	2.630267991895382e-01
734833	2.304599559055591e-01	2.344228815319922e-01
735709	2.023335986453332e-01	2.041737944669530e-01
736463	1.758542286081998e-01	1.778279410038923e-01
737135	1.513062730294402e-01	1.513561248436208e-01
737970	1.284279602261225e-01	1.288249551693134e-01
738723	1.074958166229693e-01	1.096478196143185e-01
739517	8.892385140807890e-02	8.912509381337455e-02
740393	7.229851095355389e-02	7.244359600749903e-02
741269	5.684321208624199e-02	5.754399373371569e-02
742227	4.266481229500296e-02	4.365158322401658e-02
743267	3.090929066412140e-02	3.162277660168379e-02
744225	2.285394790592510e-02	2.290867652767773e-02
745142	1.871866862637861e-02	1.905460717963247e-02
746141	1.723200709369277e-02	1.737800828749375e-02
747427	1.674551218993048e-02	1.698243652461744e-02
770226	1.656561024521264e-02	1.659586907437561e-02
776045	1.615476266385174e-02	1.621810097358930e-02
778934	1.583349031169490e-02	1.584893192461113e-02
790203	1.544650431300665e-02	1.548816618912481e-02
795635	1.440603117173822e-02	1.445439770745927e-02
796508	1.342801976621544e-02	1.348962882591653e-02
797340	1.287824903899215e-02	1.288249551693134e-02
798049	1.219548365573875e-02	1.230268770812382e-02
798881	1.164092407912987e-02	1.174897554939530e-02
799508	1.123944731219351e-02	1.148153621496883e-02
800176	1.076846324453140e-02	1.096478196143185e-02
800803	1.036863463402449e-02	1.047128548050900e-02
801595	1.003556667026839e-02	1.023292992280754e-02
802181	9.685242566730534e-03	9.772372209558112e-03
802849	9.305751431332165e-03	9.332543007969915e-03
803477	8.960103188337953e-03	9.120108393559097e-03
804309	8.724565584650734e-03	8.912509381337459e-03
805059	8.472336777378020e-03	8.511380382023767e-03
805807	8.302789116297560e-03	8.317637711026709e-03
807380	8.012153569663227e-03	8.128305161640995e-03
807966	7.762769676611381e-03	7.943282347242814e-03
808714	7.535684687736577e-03	7.585775750291836e-03
809216	7.311988398067348e-03	7.413102413009177e-03
810046	7.131432332724508e-03	7.244359600749898e-03
810548	6.949415163694073e-03	7.079457843841380e-03
811378	6.878534079363008e-03	6.918309709189363e-03
812291	6.741175812813971e-03	6.760829753919818e-03
813418	6.481364446657256e-03	6.606934480075957e-03
814043	6.361050756111930e-03	6.456542290346556e-03
814627	6.225203437747906e-03	6.309573444801930e-03
815252	6.102631667068481e-03	6.165950018614822e-03
815836	5.992411976265433e-03	6.025595860743574e-03
816379	5.873533146057319e-03	5.888436553555890e-03
819312	5.675087775298349e-03	5.754399373371567e-03
819978	5.577963725776014e-03	5.623413251903491e-03
820563	5.475499272943218e-03	5.495408738576248e-03
821814	5.288665863880881e-03	5.370317963702527e-03
822767	5.200090346309971e-03	5.248074602497728e-03
823392	5.105744114712873e-03	5.128613839913648e-03
824562	4.995620465788608e-03	5.011872336272725e-03
827137	4.853386396333703e-03	4.897788193684461e-03
827721	4.785288705594026e-03	4.786300923226385e-03
829054	4.644653521001407e-03	4.677351412871981e-03
829972	4.515683054170827e-03	4.570881896148752e-03
830556	4.452909679021899e-03	4.466835921509630e-03
833294	4.324079293531735e-03	4.365158322401661e-03
834583	4.211289837878662e-03	4.265795188015926e-03
835083	4.154295439227185e-03	4.168693834703355e-03
836912	4.063090417476989e-03	4.073802778041126e-03
837995	3.956921974630268e-03	3.981071705534973e-03
839205	3.869031222790587e-03	3.890451449942805e-03
840123	3.784194275862296e-03	3.801893963205613e-03
842330	3.689845393068270e-03	3.715352290971724e-03
843414	3.612530436381767e-03	3.630780547701014e-03
844373	3.543655771674370e-03	3.548133892335753e-03
846529	3.440579613252392e-03	3.467368504525317e-03
847857	3.385848882298759e-03	3.388441561392024e-03
849523	3.296462036884718e-03	3.311311214825911e-03
853742	3.233345640826779e-03	3.235936569296281e-03
855406	3.139680994949878e-03	3.162277660168379e-03
856694	3.087040023047050e-03	3.090295432513592e-03
861803	3.017847411458940e-03	3.019951720402016e-03
863223	2.941060911883731e-03	2.951209226666387e-03
865711	2.870373862074005e-03	2.884031503126605e-03
867375	2.802023842832124e-03	2.818382931264455e-03
869040	2.734292458640430e-03	2.754228703338166e-03
870418	2.675690870898140e-03	2.691534803926917e-03
872705	2.611862925892328e-03	2.630267991895381e-03
874165	2.555477964791053e-03	2.570395782768865e-03
876156	2.510654763225206e-03	2.511886431509579e-03
879018	2.452382417987842e-03	2.454708915685031e-03
880808	2.388608962501371e-03	2.398832919019490e-03
883213	2.335181385363927e-03	2.344228815319923e-03
885120	2.290358650367752e-03	2.290867652767772e-03
887155	2.237573746945332e-03	2.238721138568340e-03
889853	2.174343333489981e-03	2.187761623949552e-03
891349	2.135057607938196e-03	2.137962089502233e-03
893265	2.082055271824590e-03	2.089296130854039e-03
895177	2.031417012579473e-03	2.041737944669530e-03
897089	1.984247438270637e-03	1.995262314968879e-03
899127	1.943941097221735e-03	1.949844599758046e-03
901123	1.902292978493203e-03	1.905460717963246e-03
905960	1.855449402005327e-03	1.862087136662868e-03
908206	1.808910881955006e-03	1.819700858609983e-03
909708	1.774649841898457e-03	1.778279410038923e-03
915087	1.732744643769490e-03	1.737800828749376e-03
917169	1.691621902288554e-03	1.698243652461744e-03
919537	1.654254303632530e-03	1.659586907437561e-03
921371	1.618928354446214e-03	1.621810097358930e-03
923329	1.583715537289088e-03	1.584893192461114e-03
926117	1.544516662642992e-03	1.548816618912481e-03
928529	1.512532877492756e-03	1.513561248436209e-03
930823	1.475730922480212e-03	1.479108388168207e-03
933076	1.440671845238772e-03	1.445439770745928e-03
935492	1.411600678713598e-03	1.412537544622754e-03
938780	1.375014098128458e-03	1.380384264602885e-03
940902	1.347874254601478e-03	1.348962882591653e-03
944930	1.314475374672885e-03	1.318256738556408e-03
947181	1.286121315123512e-03	1.288249551693134e-03
950342	1.258490513512012e-03	1.258925411794167e-03
953087	1.227520319379338e-03	1.230268770812381e-03
954837	1.200159007235135e-03	1.202264434617413e-03
957083	1.173604219041557e-03	1.174897554939529e-03
966732	1.145012686657343e-03	1.148153621496883e-03
968941	1.119656197094754e-03	1.122018454301963e-03
971725	1.094930727356780e-03	1.096478196143185e-03
974258	1.071050101073889e-03	1.071519305237606e-03
976633	1.045593833649106e-03	1.047128548050900e-03
979584	1.022804234543373e-03	1.023292992280754e-03
982662	9.995294501754515e-04	1.000000000000000e-03
986666	9.746479744152658e-04	9.772372209558111e-04
989865	9.529632003090205e-04	9.549925860214359e-04
995274	9.324819485402314e-04	9.332543007969915e-04
998516	9.108194849579698e-04	9.120108393559096e-04
1001756	8.900461087522071e-04	8.912509381337459e-04
1005201	8.702935416887714e-04	8.709635899560805e-04
1012478	8.509511924403856e-04	8.511380382023768e-04
1016255	8.308762949789106e-04	8.317637711026709e-04
1019743	8.123473474581644e-04	8.128305161640995e-04
1022994	7.941038503787023e-04	7.943282347242813e-04
1026778	7.762392371538640e-04	7.762471166286919e-04
1030442	7.572048593071923e-04	7.585775750291835e-04
1034596	7.402805225084075e-04	7.413102413009177e-04
1038213	7.230110655556121e-04	7.244359600749898e-04
1042288	7.078888182919796e-04	7.079457843841380e-04
1046447	6.916866768120755e-04	6.918309709189362e-04
1051138	6.755578803936402e-04	6.760829753919819e-04
1055252	6.605554160157290e-04	6.606934480075957e-04
1063005	6.453633596834596e-04	6.456542290346556e-04
1067619	6.300768569664772e-04	6.309573444801930e-04
1070606	6.161658527864544e-04	6.165950018614823e-04
1073470	6.024927443157857e-04	6.025595860743575e-04
1076549	5.881857879084240e-04	5.888436553555889e-04
1079908	5.753849994356575e-04	5.754399373371566e-04
1085052	5.618239382375600e-04	5.623413251903491e-04
1088659	5.494901442739675e-04	5.495408738576248e-04
1091775	5.368321074991078e-04	5.370317963702527e-04
1095922	5.240678219173844e-04	5.248074602497728e-04
1099952	5.121432551873362e-04	5.128613839913648e-04
1103571	5.009721272515311e-04	5.011872336272725e-04
1117607	4.895059138354529e-04	4.897788193684461e-04
1123919	4.785137955405361e-04	4.786300923226385e-04
1127504	4.673953204031855e-04	4.677351412871981e-04
1130396	4.567029615319962e-04	4.570881896148752e-04
1134282	4.463451802444451e-04	4.466835921509630e-04
1137912	4.364551225952695e-04	4.365158322401661e-04
1143694	4.261367705791219e-04	4.265795188015926e-04
1150108	4.164501492536221e-04	4.168693834703355e-04
1154105	4.072673237898172e-04	4.073802778041126e-04
1158281	3.980277057841208e-04	3.981071705534974e-04
1162162	3.887098732222594e-04	3.890451449942805e-04
1165463	3.801579381017550e-04	3.801893963205612e-04
1169097	3.714430477842479e-04	3.715352290971724e-04
1172482	3.630671552116160e-04	3.630780547701014e-04
1176119	3.546098232816153e-04	3.548133892335753e-04
1180411	3.466548181179085e-04	3.467368504525317e-04
1183721	3.387029723901369e-04	3.388441561392024e-04
1191202	3.310476506933613e-04	3.311311214825911e-04
1197578	3.233354518642484e-04	3.235936569296281e-04
1201335	3.162236737855872e-04	3.162277660168379e-04
1203469	3.088227676792954e-04	3.090295432513592e-04
1206219	3.019839718894080e-04	3.019951720402016e-04
1208395	2.950714797136378e-04	2.951209226666387e-04
1211027	2.881934250958951e-04	2.884031503126605e-04
1219007	2.817836856329192e-04	2.818382931264455e-04
1221846	2.754098905572988e-04	2.754228703338166e-04
1229832	2.690315312081637e-04	2.691534803926917e-04
1232874	2.629973064001145e-04	2.630267991895381e-04
1235471	2.569249710256960e-04	2.570395782768865e-04
1238234	2.511824085673631e-04	2.511886431509580e-04
1243107	2.453533556886489e-04	2.454708915685031e-04
1246703	2.397918640355545e-04	2.398832919019490e-04
1251120	2.343392547898837e-04	2.344228815319923e-04
1253510	2.289682189786646e-04	2.290867652767772e-04
1258602	2.237812971254138e-04	2.238721138568340e-04
1263273	2.186695341790390e-04	2.187761623949552e-04
1278432	2.137620316916555e-04	2.137962089502232e-04
1282234	2.088766762973204e-04	2.089296130854039e-04
1286491	2.041108222167187e-04	2.041737944669530e-04
1289587	1.995064293947024e-04	1.995262314968879e-04
1293267	1.949719058285115e-04	1.949844599758046e-04
1297072	1.905400727718609e-04	1.905460717963246e-04
1301303	1.861288862472499e-04	1.862087136662868e-04
1305185	1.819305978540964e-04	1.819700858609983e-04
1308368	1.777825634347030e-04	1.778279410038923e-04
1311718	1.737469245532974e-04	1.737800828749376e-04
1314902	1.698001092360624e-04	1.698243652461744e-04
1318992	1.658997584960131e-04	1.659586907437562e-04
1325798	1.621634344717293e-04	1.621810097358930e-04
1329611	1.584297083903063e-04	1.584893192461114e-04
1330863	1.548246357534477e-04	1.548816618912481e-04
1331579	1.513375642291370e-04	1.513561248436209e-04
1332671	1.478738312393757e-04	1.479108388168207e-04
1334088	1.445161876837409e-04	1.445439770745928e-04
1338537	1.412366392830045e-04	1.412537544622754e-04
1340286	1.380303951452611e-04	1.380384264602885e-04
1341790	1.348545328306860e-04	1.348962882591653e-04
1343421	1.317954345205763e-04	1.318256738556407e-04
1345344	1.287802723821674e-04	1.288249551693134e-04
1347219	1.258921515541189e-04	1.258925411794167e-04
1350905	1.230005759967900e-04	1.230268770812381e-04
1359386	1.201996867919997e-04	1.202264434617413e-04
1364827	1.174662370917456e-04	1.174897554939529e-04
1365867	1.148051642351211e-04	1.148153621496883e-04
1369852	1.121915817607899e-04	1.122018454301963e-04
1373424	1.096193264538137e-04	1.096478196143185e-04
1379574	1.071398793639489e-04	1.071519305237606e-04
1381649	1.047112601274547e-04	1.047128548050900e-04
1385088	1.023184252453291e-04	1.023292992280754e-04
1386789	9.998294175672662e-05	1.000000000000000e-04
1387827	9.770011406173840e-05	9.772372209558111e-05
1390025	9.549151914367560e-05	9.549925860214369e-05
1391939	9.331771588139137e-05	9.332543007969905e-05
1394092	9.118277675423947e-05	9.120108393559096e-05
1398216	8.911896117669293e-05	8.912509381337459e-05
1400211	8.709274229068420e-05	8.709635899560814e-05
1401335	8.510834425445868e-05	8.511380382023759e-05
1417351	8.316783386741466e-05	8.317637711026709e-05
1449730	8.127989619377551e-05	8.128305161640995e-05
1451199	7.943037071156400e-05	7.943282347242822e-05
1452264	7.761209872392261e-05	7.762471166286911e-05
1454181	7.584944862604193e-05	7.585775750291836e-05
1454665	7.411842988269690e-05	7.413102413009176e-05
1455480	7.243513472177110e-05	7.244359600749906e-05
1501742	7.078188903497651e-05	7.079457843841373e-05
1503018	6.917979207221592e-05	6.918309709189363e-05
1504927	6.760512812575836e-05	6.760829753919819e-05
1505543	6.606397928465846e-05	6.606934480075965e-05
1509703	6.455445617592481e-05	6.456542290346549e-05
1510574	6.309202083154553e-05	6.309573444801929e-05
1511615	6.165016343839813e-05	6.165950018614822e-05
1512876	6.025306736245906e-05	6.025595860743581e-05
1526162	5.887865330445052e-05	5.888436553555884e-05
1528416	5.753566493982287e-05	5.754399373371566e-05
1530401	5.623379991570587e-05	5.623413251903491e-05
1533025	5.495151282086663e-05	5.495408738576248e-05
1534353	5.369725986392737e-05	5.370317963702532e-05
1539354	5.247531348884227e-05	5.248074602497723e-05
1541594	5.128315771651959e-05	5.128613839913648e-05
1556506	5.011318777825569e-05	5.011872336272725e-05
1557306	4.897401931136525e-05	4.897788193684466e-05
1557983	4.785698366760460e-05	4.786300923226380e-05
1561191	4.677175567802117e-05	4.677351412871981e-05
1564968	4.570696933059448e-05	4.570881896148752e-05
1566522	4.466320969365167e-05	4.466835921509635e-05
1567750	4.364884118102097e-05	4.365158322401657e-05
1568265	4.265600953445858e-05	4.265795188015926e-05
1591625	4.168530824977257e-05	4.168693834703355e-05
1595844	4.073347878552624e-05	4.073802778041130e-05
1607724	3.980898986088999e-05	3.981071705534969e-05
1623885	3.890276297224826e-05	3.890451449942805e-05
1624196	3.801557314409010e-05	3.801893963205612e-05
1624464	3.715001963089382e-05	3.715352290971728e-05
1624773	3.630462969272941e-05	3.630780547701010e-05
1644123	3.548110780360325e-05	3.548133892335753e-05
1644646	3.467257454370376e-05	3.467368504525317e-05
1680143	3.388437178453163e-05	3.388441561392028e-05
1680376	3.311281110518483e-05	3.311311214825908e-05
1687766	3.235761149911198e-05	3.235936569296281e-05
1689993	3.162239519649557e-05	3.162277660168380e-05
1690373	3.090058729660061e-05	3.090295432513592e-05
1691260	3.019951042315672e-05	3.019951720402019e-05
1695375	2.951094369918472e-05	2.951209226666384e-05
1702094	2.884028892313761e-05	2.884031503126606e-05
1703282	2.818306116836311e-05	2.818382931264455e-05
1705512	2.754036367969004e-05	2.754228703338169e-05
1709006	2.691354213879560e-05	2.691534803926914e-05
1710470	2.630202618780775e-05	2.630267991895381e-05
1754247	2.570241218691205e-05	2.570395782768864e-05
1758247	2.511873610244741e-05	2.511886431509582e-05
1762742	2.454555101649714e-05	2.454708915685029e-05
1763091	2.398825179361630e-05	2.398832919019490e-05
1764115	2.344222322459011e-05	2.344228815319923e-05
1781204	2.290820630423962e-05	2.290867652767775e-05
1785645	2.238697283152291e-05	2.238721138568338e-05
1793743	2.187735540004621e-05	2.187761623949552e-05
1794191	2.137854451012000e-05	2.137962089502232e-05
1826575	2.089221283607667e-05	2.089296130854041e-05
1828545	2.041693631560371e-05	2.041737944669527e-05
1857411	1.995147548683462e-05	1.995262314968879e-05
1859957	1.949812439117071e-05	1.949844599758046e-05
1879392	1.905422150438874e-05	1.905460717963248e-05
1885269	1.862066994529066e-05	1.862087136662866e-05
1891974	1.819653066637006e-05	1.819700858609983e-05
1892635	1.778246455863552e-05	1.778279410038923e-05
1896048	1.737712937965874e-05	1.737800828749376e-05
1897375	1.698233694014117e-05	1.698243652461746e-05
1898454	1.659560430522511e-05	1.659586907437560e-05
1899323	1.621741265789289e-05	1.621810097358930e-05
1904514	1.584826939127204e-05	1.584893192461114e-05
1905542	1.548749234592250e-05	1.548816618912483e-05
1910770	1.513504931327514e-05	1.513561248436207e-05
1911399	1.479090061906607e-05	1.479108388168207e-05
1912729	1.445396544352828e-05	1.445439770745928e-05
1957076	1.412533026234897e-05	1.412537544622755e-05
1959618	1.380378078508215e-05	1.380384264602884e-05
1961699	1.348932541311854e-05	1.348962882591653e-05
2000000	1.339765200059073e-05	1.348962882591653e-05
