%
% index = 420, name = bbob_f008_i02_d02__bbob_f013_i04_d02
% instance = 1, reference value = 9.724574554134900e-01
% function evaluation | indicator value | target hit
1	5.847025242192337e-01	5.888436553555889e-01
21	5.733596847174374e-01	5.754399373371569e-01
22	5.620071279726503e-01	5.623413251903491e-01
23	5.392915594052421e-01	5.495408738576245e-01
28	5.129642854041274e-01	5.248074602497725e-01
33	4.640560361191800e-01	4.677351412871982e-01
38	4.155573775997941e-01	4.168693834703354e-01
43	3.676992466464175e-01	3.715352290971726e-01
48	3.206727260974783e-01	3.235936569296283e-01
53	2.746330679258622e-01	2.754228703338166e-01
58	2.297035314856697e-01	2.344228815319922e-01
63	1.859790400913497e-01	1.862087136662867e-01
68	1.435296658162024e-01	1.445439770745928e-01
73	1.363646392986507e-01	1.380384264602885e-01
78	1.321831245962798e-01	1.348962882591654e-01
83	1.275402433603542e-01	1.288249551693134e-01
88	1.232244818141143e-01	1.258925411794167e-01
93	1.209453046786146e-01	1.230268770812381e-01
98	1.188545910014513e-01	1.202264434617413e-01
108	1.165138000389091e-01	1.174897554939529e-01
123	1.147668191739953e-01	1.148153621496883e-01
133	1.117412310354231e-01	1.122018454301964e-01
143	1.083947983817938e-01	1.096478196143185e-01
153	1.065661676836958e-01	1.071519305237607e-01
243	1.043555485208146e-01	1.047128548050900e-01
2590	7.873812766562693e-02	7.943282347242814e-02
2595	4.490412258291698e-02	4.570881896148749e-02
2600	4.456560094268713e-02	4.466835921509630e-02
2605	4.351045723365277e-02	4.365158322401658e-02
2615	4.262484756700202e-02	4.265795188015926e-02
2625	4.167895792875187e-02	4.168693834703355e-02
2968	3.780056415387734e-02	3.801893963205612e-02
2973	2.093980571186949e-02	2.137962089502233e-02
2978	2.003002066021864e-02	2.041737944669529e-02
2983	1.834098337438883e-02	1.862087136662868e-02
2988	1.630314604104832e-02	1.659586907437561e-02
2993	1.573188499186806e-02	1.584893192461113e-02
2998	1.439709214159857e-02	1.445439770745927e-02
3003	1.378939708729876e-02	1.380384264602885e-02
3008	1.313393459098711e-02	1.318256738556407e-02
3013	1.110417958692989e-02	1.122018454301964e-02
3023	1.032202184923903e-02	1.047128548050900e-02
3028	1.022680518423358e-02	1.023292992280754e-02
3038	9.119919406154420e-03	9.120108393559097e-03
3063	8.782607258552289e-03	8.912509381337459e-03
3073	8.681330100373641e-03	8.709635899560805e-03
3098	8.482694924155099e-03	8.511380382023767e-03
3571	8.311918120482265e-03	8.317637711026709e-03
3954	8.104170556541557e-03	8.128305161640995e-03
4835	7.300448172513185e-03	7.413102413009177e-03
4860	6.628593650943371e-03	6.760829753919818e-03
4885	6.321315296891838e-03	6.456542290346556e-03
4910	6.163149665620371e-03	6.165950018614822e-03
58900	5.674682845143275e-03	5.754399373371567e-03
59000	5.575753139032358e-03	5.623413251903491e-03
61316	5.494090762468207e-03	5.495408738576248e-03
65313	5.347802657380107e-03	5.370317963702527e-03
65404	5.182882744868667e-03	5.248074602497728e-03
65455	5.061229044606597e-03	5.128613839913648e-03
65461	4.939411072047872e-03	5.011872336272725e-03
65467	4.818008836542265e-03	4.897788193684461e-03
65473	4.608963968322333e-03	4.677351412871981e-03
65486	4.308422882590701e-03	4.365158322401661e-03
65516	4.243350311917360e-03	4.265795188015926e-03
65522	3.807583694946048e-03	3.890451449942805e-03
65535	3.517419434983293e-03	3.548133892335753e-03
65547	3.308285410062450e-03	3.311311214825911e-03
65560	2.546545867806560e-03	2.570395782768865e-03
65566	2.140234049811340e-03	2.187761623949552e-03
65578	1.987216287393734e-03	1.995262314968879e-03
65705	1.928516621876653e-03	1.949844599758046e-03
65706	1.866216715959657e-03	1.905460717963246e-03
65707	1.793929002061767e-03	1.819700858609983e-03
65708	1.721803882124839e-03	1.737800828749376e-03
65709	1.651454080409787e-03	1.659586907437561e-03
65710	1.582016608667747e-03	1.584893192461114e-03
65712	1.484327001071595e-03	1.513561248436209e-03
65713	1.428916496174271e-03	1.445439770745928e-03
65714	1.398715754317048e-03	1.412537544622754e-03
65715	1.338779332160756e-03	1.348962882591653e-03
65716	1.293209066065892e-03	1.318256738556408e-03
65717	1.269819121349158e-03	1.288249551693134e-03
65718	1.217361060300126e-03	1.230268770812381e-03
65719	1.198467816310278e-03	1.202264434617413e-03
65721	1.139120843735464e-03	1.148153621496883e-03
65724	1.100530695736568e-03	1.122018454301963e-03
65726	1.095175962173456e-03	1.096478196143185e-03
65728	1.059421452836995e-03	1.071519305237606e-03
65730	1.030915046225878e-03	1.047128548050900e-03
65731	1.013213778479960e-03	1.023292992280754e-03
65732	9.955744708027847e-04	1.000000000000000e-03
65734	9.606500383733119e-04	9.772372209558111e-04
65735	9.433624347828795e-04	9.549925860214359e-04
65736	9.262797824114433e-04	9.332543007969915e-04
65737	9.092760216771190e-04	9.120108393559096e-04
65739	8.880034965415007e-04	8.912509381337459e-04
65741	8.641312592659878e-04	8.709635899560805e-04
65742	8.479660671443234e-04	8.511380382023768e-04
65744	8.189986737049404e-04	8.317637711026709e-04
65745	8.034403016591307e-04	8.128305161640995e-04
65746	7.884761239657090e-04	7.943282347242813e-04
65747	7.736291806582640e-04	7.762471166286919e-04
65749	7.452427111100945e-04	7.585775750291835e-04
65750	7.312188734988068e-04	7.413102413009177e-04
65751	7.227131590447078e-04	7.244359600749898e-04
65752	7.053705567348079e-04	7.079457843841380e-04
65754	6.900191437233527e-04	6.918309709189362e-04
65757	6.666604264136122e-04	6.760829753919819e-04
65758	6.567381919112547e-04	6.606934480075957e-04
65760	6.400627423851502e-04	6.456542290346556e-04
65762	6.302573807450695e-04	6.309573444801930e-04
65765	6.140794520020920e-04	6.165950018614823e-04
65767	6.006555399373781e-04	6.025595860743575e-04
65773	5.871567685405976e-04	5.888436553555889e-04
65777	5.732103358015994e-04	5.754399373371566e-04
65780	5.600087773705020e-04	5.623413251903491e-04
65783	5.472314106698128e-04	5.495408738576248e-04
65786	5.341742735215371e-04	5.370317963702527e-04
65789	5.212210475009638e-04	5.248074602497728e-04
65791	5.126675633083666e-04	5.128613839913648e-04
65794	5.010335885180517e-04	5.011872336272725e-04
65797	4.879264109913795e-04	4.897788193684461e-04
65800	4.754728068016023e-04	4.786300923226385e-04
65802	4.675991000905322e-04	4.677351412871981e-04
65805	4.555405211725816e-04	4.570881896148752e-04
65808	4.449177848777630e-04	4.466835921509630e-04
65811	4.334285894618262e-04	4.365158322401661e-04
65813	4.259224033591469e-04	4.265795188015926e-04
65816	4.147246376875469e-04	4.168693834703355e-04
65819	4.039899785130974e-04	4.073802778041126e-04
65821	3.970252506620975e-04	3.981071705534974e-04
65824	3.869026965971356e-04	3.890451449942805e-04
65827	3.797086163285224e-04	3.801893963205612e-04
65830	3.702562051910441e-04	3.715352290971724e-04
65833	3.612195616150560e-04	3.630780547701014e-04
65836	3.530387035731719e-04	3.548133892335753e-04
65840	3.444959035491246e-04	3.467368504525317e-04
65843	3.372596190281962e-04	3.388441561392024e-04
65846	3.307182803699016e-04	3.311311214825911e-04
65849	3.234035924869483e-04	3.235936569296281e-04
65853	3.149347163090566e-04	3.162277660168379e-04
65857	3.089495201095138e-04	3.090295432513592e-04
65867	3.013429500016152e-04	3.019951720402016e-04
65874	2.945354629988461e-04	2.951209226666387e-04
65880	2.879699806445091e-04	2.884031503126605e-04
65887	2.809318625763835e-04	2.818382931264455e-04
65893	2.745209789062342e-04	2.754228703338166e-04
65898	2.691408465186340e-04	2.691534803926917e-04
65904	2.627437974138669e-04	2.630267991895381e-04
65910	2.564249861445322e-04	2.570395782768865e-04
65916	2.501969948911498e-04	2.511886431509580e-04
65921	2.451925807482880e-04	2.454708915685031e-04
65928	2.390103892004891e-04	2.398832919019490e-04
65934	2.335405232433141e-04	2.344228815319923e-04
65939	2.287113994049461e-04	2.290867652767772e-04
65945	2.230131732894325e-04	2.238721138568340e-04
65950	2.183159499401510e-04	2.187761623949552e-04
65955	2.137908333488259e-04	2.137962089502232e-04
65961	2.084806738904543e-04	2.089296130854039e-04
65967	2.039921372968267e-04	2.041737944669530e-04
65973	1.991313571264586e-04	1.995262314968879e-04
65979	1.943361042491265e-04	1.949844599758046e-04
65985	1.901218664497328e-04	1.905460717963246e-04
65991	1.858178550403489e-04	1.862087136662868e-04
65997	1.817071695611183e-04	1.819700858609983e-04
66003	1.776680717756607e-04	1.778279410038923e-04
66016	1.737102996575146e-04	1.737800828749376e-04
66023	1.696647372574356e-04	1.698243652461744e-04
66030	1.658438981353427e-04	1.659586907437562e-04
66038	1.619036819170416e-04	1.621810097358930e-04
66048	1.581018509199117e-04	1.584893192461114e-04
66061	1.546379394160580e-04	1.548816618912481e-04
66074	1.511078269832433e-04	1.513561248436209e-04
66086	1.478332165123497e-04	1.479108388168207e-04
66099	1.442959109410058e-04	1.445439770745928e-04
66111	1.410709400823107e-04	1.412537544622754e-04
66123	1.378446448511150e-04	1.380384264602885e-04
66135	1.346484622319899e-04	1.348962882591653e-04
66146	1.318108082669633e-04	1.318256738556407e-04
66158	1.286848923697237e-04	1.288249551693134e-04
66169	1.258613384836904e-04	1.258925411794167e-04
66181	1.228311795308246e-04	1.230268770812381e-04
66192	1.200957704639016e-04	1.202264434617413e-04
66204	1.174479357788361e-04	1.174897554939529e-04
66216	1.145910299629183e-04	1.148153621496883e-04
66227	1.120708283152139e-04	1.122018454301963e-04
66238	1.095711881408112e-04	1.096478196143185e-04
66250	1.070426461958762e-04	1.071519305237606e-04
66261	1.046672063936827e-04	1.047128548050900e-04
66273	1.021658781354962e-04	1.023292992280754e-04
66285	9.995708548837801e-05	1.000000000000000e-04
66297	9.763270619345121e-05	9.772372209558111e-05
66315	9.538478613213552e-05	9.549925860214369e-05
66328	9.322733329442112e-05	9.332543007969905e-05
66340	9.119537016688550e-05	9.120108393559096e-05
66353	8.912439899699809e-05	8.912509381337459e-05
66367	8.700295051933260e-05	8.709635899560814e-05
66381	8.504408123832796e-05	8.511380382023759e-05
66396	8.311401407701258e-05	8.317637711026709e-05
66413	8.120937487188229e-05	8.128305161640995e-05
66437	7.941161899505111e-05	7.943282347242822e-05
66460	7.757230414773275e-05	7.762471166286911e-05
66486	7.579943415747525e-05	7.585775750291836e-05
66511	7.409762259413810e-05	7.413102413009176e-05
66536	7.240178287437615e-05	7.244359600749906e-05
66560	7.078848770580848e-05	7.079457843841373e-05
66584	6.917962723984594e-05	6.918309709189363e-05
66608	6.760124567684045e-05	6.760829753919819e-05
66632	6.602658712240306e-05	6.606934480075965e-05
66655	6.453698667552299e-05	6.456542290346549e-05
66678	6.306816986756392e-05	6.309573444801929e-05
66701	6.162401866460776e-05	6.165950018614822e-05
66724	6.024501823775896e-05	6.025595860743581e-05
66747	5.885470614086508e-05	5.888436553555884e-05
66770	5.749998030557535e-05	5.754399373371566e-05
66792	5.622988748132940e-05	5.623413251903491e-05
66816	5.493394666855611e-05	5.495408738576248e-05
66839	5.367584195525854e-05	5.370317963702532e-05
66862	5.245320167202028e-05	5.248074602497723e-05
66885	5.128162806733449e-05	5.128613839913648e-05
66909	5.008595789812720e-05	5.011872336272725e-05
66933	4.896414517041592e-05	4.897788193684466e-05
66958	4.782899356725601e-05	4.786300923226380e-05
66983	4.676545495585493e-05	4.677351412871981e-05
67009	4.569809777499323e-05	4.570881896148752e-05
67036	4.463826990752651e-05	4.466835921509635e-05
67063	4.363878366886453e-05	4.365158322401657e-05
67092	4.265159005245600e-05	4.265795188015926e-05
67124	4.167157401169241e-05	4.168693834703355e-05
67158	4.071552923601285e-05	4.073802778041130e-05
67198	3.980700331474019e-05	3.981071705534969e-05
67243	3.890313359111719e-05	3.890451449942805e-05
67295	3.800913146523310e-05	3.801893963205612e-05
67346	3.714239362917482e-05	3.715352290971728e-05
67396	3.629576539998514e-05	3.630780547701010e-05
67445	3.547272085568931e-05	3.548133892335753e-05
67493	3.467160391712465e-05	3.467368504525317e-05
67541	3.387824068989964e-05	3.388441561392028e-05
67588	3.311068876732381e-05	3.311311214825908e-05
67635	3.235348395991267e-05	3.235936569296281e-05
67682	3.160794189316363e-05	3.162277660168380e-05
67732	3.090195926036543e-05	3.090295432513592e-05
67779	3.019098726597669e-05	3.019951720402019e-05
67825	2.950366024867535e-05	2.951209226666384e-05
67871	2.882883024968308e-05	2.884031503126606e-05
67917	2.817654582398799e-05	2.818382931264455e-05
67963	2.753894960683123e-05	2.754228703338169e-05
68010	2.690229638058206e-05	2.691534803926914e-05
68056	2.629698714007311e-05	2.630267991895381e-05
68103	2.570205733487541e-05	2.570395782768864e-05
68151	2.511309231245651e-05	2.511886431509582e-05
68200	2.453733691198945e-05	2.454708915685029e-05
68249	2.398435486494765e-05	2.398832919019490e-05
68300	2.343572047180942e-05	2.344228815319923e-05
68377	2.290161632501064e-05	2.290867652767775e-05
68460	2.238201986182187e-05	2.238721138568338e-05
68517	2.187022982136355e-05	2.187761623949552e-05
68606	2.137410612146340e-05	2.137962089502232e-05
68670	2.089018443274249e-05	2.089296130854041e-05
68775	2.041441234679198e-05	2.041737944669527e-05
68917	1.995126834219985e-05	1.995262314968879e-05
69047	1.949681056412356e-05	1.949844599758046e-05
69151	1.905413064784423e-05	1.905460717963248e-05
69254	1.861704941041875e-05	1.862087136662866e-05
69354	1.819505263667143e-05	1.819700858609983e-05
69453	1.777969984062544e-05	1.778279410038923e-05
69550	1.737632120346611e-05	1.737800828749376e-05
69646	1.698135092365050e-05	1.698243652461746e-05
69741	1.659535063802675e-05	1.659586907437560e-05
69836	1.621479886981803e-05	1.621810097358930e-05
69929	1.584825018863256e-05	1.584893192461114e-05
70023	1.548487168212542e-05	1.548816618912483e-05
70116	1.513312098255781e-05	1.513561248436207e-05
70209	1.478893260531411e-05	1.479108388168207e-05
70342	1.445149806589274e-05	1.445439770745928e-05
70436	1.412252226395960e-05	1.412537544622755e-05
70529	1.380245791093859e-05	1.380384264602884e-05
70623	1.348848851046025e-05	1.348962882591653e-05
70718	1.318120948268220e-05	1.318256738556407e-05
70814	1.288131563936812e-05	1.288249551693135e-05
70912	1.258659882741320e-05	1.258925411794166e-05
71016	1.230113781602871e-05	1.230268770812381e-05
71118	1.202074675088483e-05	1.202264434617413e-05
71248	1.174804102854754e-05	1.174897554939530e-05
71382	1.148069641798699e-05	1.148153621496882e-05
71543	1.121911923829266e-05	1.122018454301963e-05
71688	1.096435391823025e-05	1.096478196143185e-05
71842	1.071394824225802e-05	1.071519305237607e-05
86875	1.047114137697758e-05	1.047128548050899e-05
200000	1.040825974485404e-05	1.047128548050899e-05
%
% index = 421, name = bbob_f008_i03_d02__bbob_f013_i05_d02
% instance = 2, reference value = 9.991655688996640e-01
% function evaluation | indicator value | target hit
1	1.600221401118738e-01	1.621810097358930e-01
18	1.579059829187128e-01	1.584893192461113e-01
20	1.515920758454344e-01	1.548816618912481e-01
21	1.432545047487510e-01	1.445439770745928e-01
22	1.268589654516789e-01	1.288249551693134e-01
23	9.519999829857040e-02	9.549925860214359e-02
28	6.044735216976282e-02	6.165950018614822e-02
33	3.751867834205536e-02	3.801893963205612e-02
38	3.215547906251326e-02	3.235936569296283e-02
43	2.101877350732362e-02	2.137962089502233e-02
48	1.270258514233769e-02	1.288249551693134e-02
53	1.168280571890290e-02	1.174897554939530e-02
58	5.855125922311299e-03	5.888436553555890e-03
98	5.627018434710918e-03	5.754399373371567e-03
113	5.499695307956576e-03	5.623413251903491e-03
118	5.384311542904863e-03	5.495408738576248e-03
133	5.365316561803057e-03	5.370317963702527e-03
70904	4.817133009708319e-03	4.897788193684461e-03
70919	4.503334571600570e-03	4.570881896148752e-03
70934	4.292874008671954e-03	4.365158322401661e-03
70949	3.918780303001634e-03	3.981071705534973e-03
70964	2.745090025067176e-03	2.754228703338166e-03
77383	2.688931607708889e-03	2.691534803926917e-03
84699	2.451946544766104e-03	2.454708915685031e-03
85422	1.632710814463034e-03	1.659586907437561e-03
85439	1.566113296700866e-03	1.584893192461114e-03
85483	1.412695087057769e-03	1.445439770745928e-03
85500	1.378761427042519e-03	1.380384264602885e-03
86055	1.309841568563508e-03	1.318256738556408e-03
91177	1.139350619729806e-03	1.148153621496883e-03
91192	9.961187882224776e-04	1.000000000000000e-03
102967	9.440133981674093e-04	9.549925860214359e-04
106810	8.251137032962985e-04	8.317637711026709e-04
110037	7.624483818295946e-04	7.762471166286919e-04
127969	7.505772586371418e-04	7.585775750291835e-04
135629	7.385265428910825e-04	7.413102413009177e-04
139009	7.170222863067677e-04	7.244359600749898e-04
141232	6.981649666821799e-04	7.079457843841380e-04
151160	6.894504426658843e-04	6.918309709189362e-04
151175	6.536952764095716e-04	6.606934480075957e-04
179233	6.450633748071866e-04	6.456542290346556e-04
188988	6.162679377961222e-04	6.165950018614823e-04
200000	6.162668960963957e-04	6.165950018614823e-04
%
% index = 422, name = bbob_f008_i07_d02__bbob_f013_i08_d02
% instance = 3, reference value = 9.932804590756540e-01
% function evaluation | indicator value | target hit
1	6.290412170703235e+01	6.309573444801933e+01
21	6.067691328217127e+01	6.165950018614822e+01
22	5.850365878111985e+01	5.888436553555890e+01
23	5.431596611105569e+01	5.495408738576246e+01
28	4.972437438060776e+01	5.011872336272722e+01
33	4.187505816825050e+01	4.265795188015925e+01
38	3.489756543160915e+01	3.548133892335755e+01
43	2.873531718685465e+01	2.884031503126606e+01
48	2.333335505333915e+01	2.344228815319923e+01
53	1.863833965191865e+01	1.905460717963247e+01
58	1.459855604151565e+01	1.479108388168207e+01
63	1.116392381122265e+01	1.122018454301964e+01
68	8.286007790787155e+00	8.317637711026711e+00
73	5.918028566951654e+00	6.025595860743578e+00
78	4.014873588453154e+00	4.073802778041127e+00
83	2.533108472276154e+00	2.570395782768863e+00
88	1.430988791789654e+00	1.445439770745927e+00
93	8.532384040842677e-01	8.709635899560807e-01
98	6.256998746000113e-01	6.309573444801932e-01
103	4.980958424618380e-01	5.011872336272722e-01
108	4.656230260640118e-01	4.677351412871982e-01
123	4.486363964397356e-01	4.570881896148750e-01
128	4.403080633671567e-01	4.466835921509631e-01
133	4.354975072939508e-01	4.365158322401660e-01
138	4.039182131102996e-01	4.073802778041127e-01
148	3.955747155386222e-01	3.981071705534972e-01
158	3.842216746272172e-01	3.890451449942806e-01
163	3.788913066569144e-01	3.801893963205612e-01
173	3.699891161793079e-01	3.715352290971726e-01
178	3.404681257976522e-01	3.467368504525316e-01
183	3.384235454794202e-01	3.388441561392025e-01
193	3.286740377351229e-01	3.311311214825911e-01
203	3.194959476832611e-01	3.235936569296283e-01
208	3.152912961092421e-01	3.162277660168379e-01
218	3.080690957045075e-01	3.090295432513591e-01
223	2.808331404139661e-01	2.818382931264454e-01
238	2.720458592392150e-01	2.754228703338166e-01
243	2.685331364016402e-01	2.691534803926916e-01
253	2.620476156508335e-01	2.630267991895382e-01
263	2.564654919825671e-01	2.570395782768864e-01
278	2.485464105447471e-01	2.511886431509580e-01
293	2.443824691721024e-01	2.454708915685030e-01
5787	1.924492369541365e-01	1.949844599758045e-01
5792	1.188404222839267e-01	1.202264434617413e-01
5797	5.187931627340003e-02	5.248074602497726e-02
5802	7.770390640283842e-03	7.943282347242814e-03
5807	3.423666196619712e-03	3.467368504525317e-03
5817	3.037425229036161e-03	3.090295432513592e-03
5976	3.017378834587969e-03	3.019951720402016e-03
6044	2.889851537502763e-03	2.951209226666387e-03
6079	2.811485383493850e-03	2.818382931264455e-03
6121	2.749539209754626e-03	2.754228703338166e-03
6215	2.677029744733050e-03	2.691534803926917e-03
8897	2.527802071939256e-03	2.570395782768865e-03
8908	2.510887147860186e-03	2.511886431509579e-03
8960	2.453801575717063e-03	2.454708915685031e-03
12352	2.398743717906382e-03	2.398832919019490e-03
30342	2.344228735033593e-03	2.344228815319923e-03
85218	2.006239888257433e-03	2.041737944669530e-03
106248	1.124627696656888e-03	1.148153621496883e-03
106501	1.054122411715874e-03	1.071519305237606e-03
122762	1.001122761371098e-03	1.023292992280754e-03
136045	9.964905671482338e-04	1.000000000000000e-03
164469	6.878275890237484e-04	6.918309709189362e-04
167767	6.570147284470362e-04	6.606934480075957e-04
167797	5.823524668794322e-04	5.888436553555889e-04
167827	5.152759576299015e-04	5.248074602497728e-04
167857	4.683517125677605e-04	4.786300923226385e-04
167876	4.649203949655956e-04	4.677351412871981e-04
167891	4.482766512179381e-04	4.570881896148752e-04
167896	4.281062053982376e-04	4.365158322401661e-04
167915	4.263978001589619e-04	4.265795188015926e-04
167923	3.843284359582588e-04	3.890451449942805e-04
167935	3.775921251936154e-04	3.801893963205612e-04
167950	3.679744828481990e-04	3.715352290971724e-04
167955	3.447650267288660e-04	3.467368504525317e-04
167982	3.205328241586702e-04	3.235936569296281e-04
168014	3.054168979771399e-04	3.090295432513592e-04
168029	2.989633378612799e-04	3.019951720402016e-04
168034	2.656918365304684e-04	2.691534803926917e-04
168049	2.545263617593774e-04	2.570395782768865e-04
168104	2.414275871011062e-04	2.454708915685031e-04
190343	2.138484733528179e-04	2.187761623949552e-04
200000	2.138320824095485e-04	2.187761623949552e-04
%
% index = 423, name = bbob_f008_i09_d02__bbob_f013_i10_d02
% instance = 4, reference value = 9.669099568078890e-01
% function evaluation | indicator value | target hit
1	7.263792533580836e-01	7.413102413009175e-01
19	7.234196742523293e-01	7.244359600749900e-01
22	7.028065927108459e-01	7.079457843841379e-01
23	6.794759030472048e-01	6.918309709189365e-01
28	6.524835804107539e-01	6.606934480075960e-01
33	6.027156488983201e-01	6.165950018614822e-01
38	5.535416976899015e-01	5.623413251903491e-01
43	5.049932542512372e-01	5.128613839913648e-01
48	4.570952821733354e-01	4.677351412871982e-01
53	4.098669735314321e-01	4.168693834703354e-01
58	3.633225521597901e-01	3.715352290971726e-01
63	3.174721258446360e-01	3.235936569296283e-01
68	2.723226842046376e-01	2.754228703338166e-01
5973	2.270395295986735e-01	2.290867652767773e-01
6464	2.054180176734300e-01	2.089296130854039e-01
6469	1.608810283571304e-01	1.621810097358930e-01
6474	1.162830604258155e-01	1.174897554939529e-01
6484	1.146490220039801e-01	1.148153621496883e-01
6519	1.121424811643004e-01	1.122018454301964e-01
6797	1.092104939937714e-01	1.096478196143185e-01
6802	7.576276496196688e-02	7.585775750291836e-02
6807	3.976116102883653e-02	3.981071705534973e-02
6812	3.842192193564586e-02	3.890451449942807e-02
6817	3.439749630633382e-02	3.467368504525317e-02
6822	3.321868592933530e-02	3.388441561392026e-02
6827	3.160298146331741e-02	3.162277660168379e-02
6832	3.004371243003501e-02	3.019951720402016e-02
6837	2.916195386855880e-02	2.951209226666385e-02
6842	2.810260574305512e-02	2.818382931264454e-02
6852	2.576706692471120e-02	2.630267991895381e-02
6857	2.530079074141633e-02	2.570395782768863e-02
6862	2.475423767817198e-02	2.511886431509579e-02
6867	2.394116544657432e-02	2.398832919019490e-02
6877	2.329547245028685e-02	2.344228815319923e-02
6887	2.267187638442425e-02	2.290867652767773e-02
6902	2.228190834314903e-02	2.238721138568340e-02
7320	2.171815685191936e-02	2.187761623949553e-02
48881	2.136462199688838e-02	2.137962089502233e-02
52097	2.082157530960760e-02	2.089296130854040e-02
52132	2.039605747137496e-02	2.041737944669529e-02
57686	1.155103626179133e-02	1.174897554939530e-02
57696	1.125652870233884e-02	1.148153621496883e-02
57711	9.624096143256877e-03	9.772372209558112e-03
57721	9.467539379224843e-03	9.549925860214359e-03
57746	9.060940850982746e-03	9.120108393559097e-03
57781	8.888915034601874e-03	8.912509381337459e-03
59146	8.688818978149104e-03	8.709635899560805e-03
69845	8.511149850897293e-03	8.511380382023767e-03
81345	8.288792963279112e-03	8.317637711026709e-03
81393	8.115168105234605e-03	8.128305161640995e-03
81418	7.942326421445434e-03	7.943282347242814e-03
81424	7.705884810019215e-03	7.762471166286920e-03
81436	7.448328533943949e-03	7.585775750291836e-03
81466	7.351953010413803e-03	7.413102413009177e-03
81472	7.143031400547062e-03	7.244359600749898e-03
81478	6.464533221379631e-03	6.606934480075957e-03
81484	5.155305862259651e-03	5.248074602497728e-03
81496	4.023812933837800e-03	4.073802778041126e-03
81541	3.303159507725417e-03	3.311311214825911e-03
81553	2.939921987215266e-03	2.951209226666387e-03
81566	2.854856112825988e-03	2.884031503126605e-03
81572	2.518438859825056e-03	2.570395782768865e-03
81584	2.280316278286287e-03	2.290867652767772e-03
81597	2.226381453512061e-03	2.238721138568340e-03
81635	2.120536521499683e-03	2.137962089502233e-03
81636	2.054296285614265e-03	2.089296130854039e-03
81637	1.979444287545484e-03	1.995262314968879e-03
81638	1.911729888102842e-03	1.949844599758046e-03
81639	1.843067089853156e-03	1.862087136662868e-03
81640	1.772611459879392e-03	1.778279410038923e-03
81641	1.703927479978495e-03	1.737800828749376e-03
81642	1.658945225208264e-03	1.659586907437561e-03
81643	1.595085466900903e-03	1.621810097358930e-03
81644	1.531737584673065e-03	1.548816618912481e-03
81645	1.478887068579238e-03	1.479108388168207e-03
81647	1.408709175125478e-03	1.412537544622754e-03
81648	1.372279617007921e-03	1.380384264602885e-03
81649	1.339569686060305e-03	1.348962882591653e-03
81651	1.317845045121113e-03	1.318256738556408e-03
81653	1.265997581260225e-03	1.288249551693134e-03
81655	1.258830931601618e-03	1.258925411794167e-03
81658	1.213564569511938e-03	1.230268770812381e-03
81659	1.195025498211155e-03	1.202264434617413e-03
81661	1.169006299805320e-03	1.174897554939529e-03
81664	1.131583579524476e-03	1.148153621496883e-03
81665	1.113370076893272e-03	1.122018454301963e-03
81666	1.095278800357424e-03	1.096478196143185e-03
81668	1.060878371397789e-03	1.071519305237606e-03
81669	1.043088758842181e-03	1.047128548050900e-03
81671	1.009134045993898e-03	1.023292992280754e-03
81672	9.920622297966419e-04	1.000000000000000e-03
81673	9.751388458639765e-04	9.772372209558111e-04
81675	9.531570793294142e-04	9.549925860214359e-04
81677	9.209870926976116e-04	9.332543007969915e-04
81678	9.053080780011546e-04	9.120108393559096e-04
81679	8.899604896759339e-04	8.912509381337459e-04
81681	8.602078680290948e-04	8.709635899560805e-04
81683	8.446699773887456e-04	8.511380382023768e-04
81684	8.306546998456676e-04	8.317637711026709e-04
81686	8.036047723233297e-04	8.128305161640995e-04
81687	7.905902780981355e-04	7.943282347242813e-04
81689	7.677219638836386e-04	7.762471166286919e-04
81691	7.542942481842951e-04	7.585775750291835e-04
81694	7.345797308508928e-04	7.413102413009177e-04
81695	7.239300381230995e-04	7.244359600749898e-04
81698	7.011646007352157e-04	7.079457843841380e-04
81701	6.854120093937599e-04	6.918309709189362e-04
81703	6.726218770982673e-04	6.760829753919819e-04
81707	6.575353565996256e-04	6.606934480075957e-04
81712	6.428646196380283e-04	6.456542290346556e-04
81716	6.264386392875743e-04	6.309573444801930e-04
81719	6.127814795272579e-04	6.165950018614823e-04
81722	5.992121884197399e-04	6.025595860743575e-04
81725	5.857430951722309e-04	5.888436553555889e-04
81728	5.727355699365333e-04	5.754399373371566e-04
81731	5.595718326776300e-04	5.623413251903491e-04
81735	5.460309084956982e-04	5.495408738576248e-04
81738	5.334554845008999e-04	5.370317963702527e-04
81741	5.229968990501099e-04	5.248074602497728e-04
81744	5.107220310870408e-04	5.128613839913648e-04
81747	4.986868887235651e-04	5.011872336272725e-04
81750	4.869722772870011e-04	4.897788193684461e-04
81753	4.780148786571736e-04	4.786300923226385e-04
81756	4.667469259050927e-04	4.677351412871981e-04
81759	4.557929608776101e-04	4.570881896148752e-04
81762	4.452175941184189e-04	4.466835921509630e-04
81766	4.348803763642994e-04	4.365158322401661e-04
81769	4.250847238800315e-04	4.265795188015926e-04
81772	4.160187760633427e-04	4.168693834703355e-04
81781	4.073164796143391e-04	4.073802778041126e-04
81786	3.959815063674377e-04	3.981071705534974e-04
81790	3.878748404452237e-04	3.890451449942805e-04
81794	3.783774929468908e-04	3.801893963205612e-04
81799	3.704050859162367e-04	3.715352290971724e-04
81803	3.621701764237040e-04	3.630780547701014e-04
81809	3.537088731325744e-04	3.548133892335753e-04
81815	3.464909153241269e-04	3.467368504525317e-04
81822	3.383014303458554e-04	3.388441561392024e-04
81829	3.304982218186314e-04	3.311311214825911e-04
81836	3.228809075529471e-04	3.235936569296281e-04
81842	3.161035478339569e-04	3.162277660168379e-04
81849	3.082507866406514e-04	3.090295432513592e-04
81855	3.016626668901345e-04	3.019951720402016e-04
81862	2.943212249597593e-04	2.951209226666387e-04
81868	2.878067082959790e-04	2.884031503126605e-04
81874	2.813890142991937e-04	2.818382931264455e-04
81880	2.750509967671677e-04	2.754228703338166e-04
81886	2.690325792119586e-04	2.691534803926917e-04
81893	2.621107142823931e-04	2.630267991895381e-04
81899	2.562739102160982e-04	2.570395782768865e-04
81905	2.504555514872830e-04	2.511886431509580e-04
81911	2.447998533824380e-04	2.454708915685031e-04
81917	2.394372687385404e-04	2.398832919019490e-04
81923	2.340998147536411e-04	2.344228815319923e-04
81930	2.285866154894123e-04	2.290867652767772e-04
81937	2.234445519389006e-04	2.238721138568340e-04
81943	2.187316062254308e-04	2.187761623949552e-04
81951	2.132780031551818e-04	2.137962089502232e-04
81958	2.089093379380458e-04	2.089296130854039e-04
81966	2.041173001613439e-04	2.041737944669530e-04
81974	1.995166661830083e-04	1.995262314968879e-04
81983	1.947395524404261e-04	1.949844599758046e-04
81991	1.903792566311235e-04	1.905460717963246e-04
82000	1.861303065493480e-04	1.862087136662868e-04
82010	1.817898118796624e-04	1.819700858609983e-04
82023	1.778016595758158e-04	1.778279410038923e-04
82038	1.735317187990804e-04	1.737800828749376e-04
82052	1.695645534535162e-04	1.698243652461744e-04
82065	1.658900555830956e-04	1.659586907437562e-04
82079	1.619529109352369e-04	1.621810097358930e-04
82092	1.583161557701107e-04	1.584893192461114e-04
82105	1.547358585528569e-04	1.548816618912481e-04
82118	1.511788678241199e-04	1.513561248436209e-04
82131	1.476678125861275e-04	1.479108388168207e-04
82143	1.444778119893408e-04	1.445439770745928e-04
82156	1.410898998928101e-04	1.412537544622754e-04
82169	1.378661821319627e-04	1.380384264602885e-04
82181	1.348467732912306e-04	1.348962882591653e-04
82194	1.316563962404649e-04	1.318256738556407e-04
82206	1.287833459430177e-04	1.288249551693134e-04
82219	1.257561480122460e-04	1.258925411794167e-04
82232	1.228221595056533e-04	1.230268770812381e-04
82245	1.201136782568168e-04	1.202264434617413e-04
82258	1.174677600270790e-04	1.174897554939529e-04
82272	1.146541684595714e-04	1.148153621496883e-04
82285	1.121581700745944e-04	1.122018454301963e-04
82300	1.095390669859642e-04	1.096478196143185e-04
82315	1.070048225579878e-04	1.071519305237606e-04
82330	1.046866892217002e-04	1.047128548050900e-04
82347	1.022742310321512e-04	1.023292992280754e-04
82365	9.993015129472482e-05	1.000000000000000e-04
82383	9.761001199060093e-05	9.772372209558111e-05
82401	9.547023284006695e-05	9.549925860214369e-05
82423	9.326627072403504e-05	9.332543007969905e-05
82447	9.117037422579077e-05	9.120108393559096e-05
82480	8.911414629397818e-05	8.912509381337459e-05
82509	8.706366170530000e-05	8.709635899560814e-05
82537	8.509072319617950e-05	8.511380382023759e-05
82565	8.312853299141665e-05	8.317637711026709e-05
82592	8.125223356791889e-05	8.128305161640995e-05
82619	7.940075499812682e-05	7.943282347242822e-05
82646	7.756668179970116e-05	7.762471166286911e-05
82672	7.582700550279320e-05	7.585775750291836e-05
82698	7.411913800092762e-05	7.413102413009176e-05
82724	7.243930989575542e-05	7.244359600749906e-05
82752	7.073797965995166e-05	7.079457843841373e-05
82778	6.913300499600261e-05	6.918309709189363e-05
82804	6.756643969818565e-05	6.760829753919819e-05
82830	6.604378248475928e-05	6.606934480075965e-05
82888	6.456502629559324e-05	6.456542290346549e-05
82946	6.308006940580757e-05	6.309573444801929e-05
83035	6.161421040518089e-05	6.165950018614822e-05
83117	6.021135883238493e-05	6.025595860743581e-05
83145	5.885039511788204e-05	5.888436553555884e-05
83174	5.750193050391150e-05	5.754399373371566e-05
83204	5.620193260724715e-05	5.623413251903491e-05
83235	5.495235992813985e-05	5.495408738576248e-05
83268	5.369414535405514e-05	5.370317963702532e-05
83304	5.247268144259465e-05	5.248074602497723e-05
83341	5.126524102405661e-05	5.128613839913648e-05
83380	5.010610388023196e-05	5.011872336272725e-05
83447	4.897686084714969e-05	4.897788193684466e-05
83497	4.785592336897793e-05	4.786300923226380e-05
83556	4.675787998520420e-05	4.677351412871981e-05
83616	4.569848117530473e-05	4.570881896148752e-05
83675	4.466060621721724e-05	4.466835921509635e-05
83733	4.364715855964540e-05	4.365158322401657e-05
83791	4.264441485224424e-05	4.265795188015926e-05
83847	4.168594080389276e-05	4.168693834703355e-05
83904	4.072430242096914e-05	4.073802778041130e-05
83960	3.979441627011138e-05	3.981071705534969e-05
84015	3.889910477028469e-05	3.890451449942805e-05
84071	3.800596198622053e-05	3.801893963205612e-05
84131	3.714699963364154e-05	3.715352290971728e-05
84188	3.629289279061254e-05	3.630780547701010e-05
84244	3.546693391742739e-05	3.548133892335753e-05
84300	3.466667085105790e-05	3.467368504525317e-05
84464	3.387572917457060e-05	3.388441561392028e-05
84615	3.310505301323818e-05	3.311311214825908e-05
84743	3.235343613827713e-05	3.235936569296281e-05
85153	3.161783025817932e-05	3.162277660168380e-05
85216	3.089484698104439e-05	3.090295432513592e-05
85280	3.019698139183902e-05	3.019951720402019e-05
85348	2.950556038561203e-05	2.951209226666384e-05
85420	2.883189855640289e-05	2.884031503126606e-05
85496	2.818331951237596e-05	2.818382931264455e-05
85578	2.753749563744190e-05	2.754228703338169e-05
85711	2.691482269356893e-05	2.691534803926914e-05
85841	2.630096138045435e-05	2.630267991895381e-05
85966	2.570310951288679e-05	2.570395782768864e-05
86099	2.511596742171829e-05	2.511886431509582e-05
86229	2.454407256702318e-05	2.454708915685029e-05
86357	2.398490522415031e-05	2.398832919019490e-05
86483	2.344032533907470e-05	2.344228815319923e-05
86608	2.290675489369232e-05	2.290867652767775e-05
86732	2.238584489921980e-05	2.238721138568338e-05
86856	2.187475664638949e-05	2.187761623949552e-05
86979	2.137888010966815e-05	2.137962089502232e-05
87104	2.089032618435294e-05	2.089296130854041e-05
87228	2.041618486048336e-05	2.041737944669527e-05
87354	1.995056101300463e-05	1.995262314968879e-05
87503	1.949613900764646e-05	1.949844599758046e-05
87787	1.905154040071633e-05	1.905460717963248e-05
88088	1.862016083076234e-05	1.862087136662866e-05
88349	1.819671184155602e-05	1.819700858609983e-05
88489	1.778076167335829e-05	1.778279410038923e-05
88634	1.737583129424181e-05	1.737800828749376e-05
88786	1.698177669373635e-05	1.698243652461746e-05
88948	1.659526666741851e-05	1.659586907437560e-05
89124	1.621622167446990e-05	1.621810097358930e-05
89314	1.584880494676089e-05	1.584893192461114e-05
89670	1.548710720900015e-05	1.548816618912483e-05
89924	1.513488125126639e-05	1.513561248436207e-05
90569	1.479058379028064e-05	1.479108388168207e-05
200000	1.449710822698513e-05	1.479108388168207e-05
%
% index = 424, name = bbob_f008_i11_d02__bbob_f013_i12_d02
% instance = 5, reference value = 9.885294176997780e-01
% function evaluation | indicator value | target hit
1	4.933043487164240e+01	5.011872336272722e+01
21	4.888395279750886e+01	4.897788193684461e+01
23	4.756176855065437e+01	4.786300923226383e+01
28	4.654705045219661e+01	4.677351412871981e+01
33	4.468244051126091e+01	4.570881896148749e+01
38	4.284764319778434e+01	4.365158322401658e+01
43	4.104373919078503e+01	4.168693834703355e+01
48	3.927176847674109e+01	3.981071705534973e+01
53	3.753273017575218e+01	3.801893963205612e+01
58	3.582758396550322e+01	3.630780547701014e+01
63	3.415725311551602e+01	3.467368504525317e+01
68	3.252262847350185e+01	3.311311214825911e+01
73	3.092457334971272e+01	3.162277660168379e+01
78	2.936392929311967e+01	2.951209226666386e+01
83	2.784130598740628e+01	2.818382931264453e+01
88	2.635601804434928e+01	2.691534803926915e+01
93	2.364308307872781e+01	2.398832919019490e+01
98	2.291181259999628e+01	2.344228815319923e+01
103	2.162104058727328e+01	2.187761623949553e+01
108	2.036294168880228e+01	2.041737944669530e+01
113	1.822030239883878e+01	1.862087136662868e+01
118	1.756713216347078e+01	1.778279410038923e+01
123	1.647536594153878e+01	1.659586907437561e+01
128	1.477345277514878e+01	1.479108388168207e+01
133	1.415755884586328e+01	1.445439770745927e+01
138	1.320738489324028e+01	1.348962882591653e+01
143	1.185292097609978e+01	1.202264434617413e+01
148	1.127165806386928e+01	1.148153621496883e+01
153	1.044353745201778e+01	1.047128548050900e+01
158	9.360460463376278e+00	9.549925860214358e+00
163	8.815669510786279e+00	8.912509381337454e+00
168	8.095419171825778e+00	8.128305161640993e+00
173	7.224760212686777e+00	7.244359600749901e+00
178	6.722437951418278e+00	6.760829753919817e+00
183	6.100769625470278e+00	6.165950018614822e+00
188	5.399276385386278e+00	5.495408738576246e+00
193	4.948015924062277e+00	5.011872336272722e+00
198	4.464563821130778e+00	4.466835921509632e+00
203	4.065729537612278e+00	4.073802778041127e+00
208	3.713336750901278e+00	3.715352290971725e+00
213	3.364077262247278e+00	3.388441561392026e+00
218	3.095377591363778e+00	3.162277660168380e+00
223	2.791686771263778e+00	2.818382931264454e+00
228	2.579998904226278e+00	2.630267991895382e+00
233	2.317264514607778e+00	2.344228815319922e+00
238	2.146686018587778e+00	2.187761623949553e+00
243	1.883999331356278e+00	1.905460717963247e+00
248	1.527571286759278e+00	1.548816618912481e+00
253	1.384577923894278e+00	1.412537544622754e+00
258	1.127698841023278e+00	1.148153621496883e+00
263	1.018930322946778e+00	1.023292992280754e+00
268	8.905356205085068e-01	8.912509381337456e-01
273	7.378425276373705e-01	7.413102413009175e-01
278	6.553480137747190e-01	6.606934480075960e-01
283	5.277590592984993e-01	5.370317963702527e-01
288	4.231817476846360e-01	4.265795188015927e-01
293	3.809617536712597e-01	3.890451449942806e-01
298	2.516797273729249e-01	2.570395782768864e-01
303	2.130821544063917e-01	2.137962089502232e-01
308	1.566919085525798e-01	1.584893192461113e-01
313	1.481021039412824e-01	1.513561248436208e-01
318	1.109899877454760e-01	1.122018454301964e-01
323	1.056105416499733e-01	1.071519305237607e-01
333	4.183070095070196e-02	4.265795188015926e-02
348	4.153013048841769e-02	4.168693834703355e-02
560	4.061826124699774e-02	4.073802778041128e-02
660	3.976369286497550e-02	3.981071705534973e-02
2282	3.886596086467919e-02	3.890451449942807e-02
4771	3.777141457881583e-02	3.801893963205612e-02
63007	3.454327958477776e-02	3.467368504525317e-02
63590	2.726159694958830e-02	2.754228703338166e-02
63642	1.571062545304081e-02	1.584893192461113e-02
79720	1.379441204633702e-02	1.380384264602885e-02
85616	9.867411743926247e-03	1.000000000000000e-02
88704	7.243609267879703e-03	7.244359600749898e-03
96873	7.067153084745814e-03	7.079457843841380e-03
96914	6.524601618258075e-03	6.606934480075957e-03
96919	6.373511561715950e-03	6.456542290346556e-03
97010	6.248607031592912e-03	6.309573444801930e-03
97207	6.153272653891317e-03	6.165950018614822e-03
97273	6.020498162685128e-03	6.025595860743574e-03
97378	5.888276938608161e-03	5.888436553555890e-03
97674	5.754233094153127e-03	5.754399373371567e-03
103543	5.325352094352476e-03	5.370317963702527e-03
103560	5.175561108641591e-03	5.248074602497728e-03
103566	4.956601671620375e-03	5.011872336272725e-03
103572	3.380699589621394e-03	3.388441561392024e-03
103578	2.159105630702984e-03	2.187761623949552e-03
103620	1.603292437826864e-03	1.621810097358930e-03
103626	1.467961901464809e-03	1.479108388168207e-03
103651	1.422493653390422e-03	1.445439770745928e-03
103652	1.312791844317318e-03	1.318256738556408e-03
103653	1.206261034790712e-03	1.230268770812381e-03
103654	1.077534713611383e-03	1.096478196143185e-03
103655	9.710814473310458e-04	9.772372209558111e-04
103656	8.880521523457752e-04	8.912509381337459e-04
103657	8.386411961491813e-04	8.511380382023768e-04
103658	7.864035826385951e-04	7.943282347242813e-04
103740	7.455181211616368e-04	7.585775750291835e-04
103741	7.119069966023961e-04	7.244359600749898e-04
103742	6.907053577794864e-04	6.918309709189362e-04
103743	6.584594002929656e-04	6.606934480075957e-04
103744	6.266446069211895e-04	6.309573444801930e-04
103745	5.967769818167046e-04	6.025595860743575e-04
103746	5.779383247239700e-04	5.888436553555889e-04
103747	5.504971948184778e-04	5.623413251903491e-04
103791	5.264663689005245e-04	5.370317963702527e-04
103792	5.051322514204593e-04	5.128613839913648e-04
103793	4.873545079747688e-04	4.897788193684461e-04
103794	4.731987851750441e-04	4.786300923226385e-04
103795	4.592634280736752e-04	4.677351412871981e-04
103826	4.465568942804143e-04	4.466835921509630e-04
103943	4.278340656460600e-04	4.365158322401661e-04
104009	4.179692883971020e-04	4.265795188015926e-04
104010	4.095966883909119e-04	4.168693834703355e-04
104011	4.012389002641115e-04	4.073802778041126e-04
104012	3.928934518488969e-04	3.981071705534974e-04
104013	3.845931103249045e-04	3.890451449942805e-04
104014	3.763219922270356e-04	3.801893963205612e-04
104015	3.681197472562570e-04	3.715352290971724e-04
104016	3.599711608898160e-04	3.630780547701014e-04
104017	3.519067301320788e-04	3.548133892335753e-04
104018	3.439395354962738e-04	3.467368504525317e-04
104019	3.360474058839991e-04	3.388441561392024e-04
104020	3.282947548890469e-04	3.311311214825911e-04
104021	3.206101869562827e-04	3.235936569296281e-04
104022	3.131666620025397e-04	3.162277660168379e-04
104023	3.056910033778504e-04	3.090295432513592e-04
104061	2.985210720723996e-04	3.019951720402016e-04
104063	2.884567774670277e-04	2.951209226666387e-04
104064	2.819168485570511e-04	2.884031503126605e-04
104132	2.757329297413680e-04	2.818382931264455e-04
104133	2.700538156339416e-04	2.754228703338166e-04
104134	2.646590888185640e-04	2.691534803926917e-04
104135	2.596838477529895e-04	2.630267991895381e-04
104136	2.540780730811987e-04	2.570395782768865e-04
104137	2.495475737956943e-04	2.511886431509580e-04
104139	2.419428220512554e-04	2.454708915685031e-04
104140	2.383555377201141e-04	2.398832919019490e-04
104165	2.317910946266766e-04	2.344228815319923e-04
104213	2.269196966603326e-04	2.290867652767772e-04
104244	2.211555496401951e-04	2.238721138568340e-04
104332	2.186177276564116e-04	2.187761623949552e-04
104494	2.132253267174145e-04	2.137962089502232e-04
104497	2.070185628806342e-04	2.089296130854039e-04
104499	2.028931470661188e-04	2.041737944669530e-04
104501	1.987842833759412e-04	1.995262314968879e-04
104503	1.946990231198598e-04	1.949844599758046e-04
104506	1.886162262905167e-04	1.905460717963246e-04
104508	1.846072029761947e-04	1.862087136662868e-04
104510	1.806443219831699e-04	1.819700858609983e-04
104512	1.767228530059617e-04	1.778279410038923e-04
104514	1.727192312512837e-04	1.737800828749376e-04
104516	1.688753489136330e-04	1.698243652461744e-04
104518	1.650910077122258e-04	1.659586907437562e-04
104520	1.613714538495348e-04	1.621810097358930e-04
104551	1.577223534969807e-04	1.584893192461114e-04
104553	1.541491743352053e-04	1.548816618912481e-04
104555	1.506581143405628e-04	1.513561248436209e-04
104587	1.472621340667946e-04	1.479108388168207e-04
104617	1.440303212005833e-04	1.445439770745928e-04
104677	1.409760585288078e-04	1.412537544622754e-04
104708	1.379884531634845e-04	1.380384264602885e-04
104795	1.339496010316354e-04	1.348962882591653e-04
104797	1.313477587159273e-04	1.318256738556407e-04
104800	1.279203828611353e-04	1.288249551693134e-04
104803	1.249085640282477e-04	1.258925411794167e-04
104827	1.222504476913189e-04	1.230268770812381e-04
104872	1.195677924038518e-04	1.202264434617413e-04
104875	1.171595242287493e-04	1.174897554939529e-04
104963	1.141859030707737e-04	1.148153621496883e-04
105120	1.121604449885183e-04	1.122018454301963e-04
105430	1.094642346742836e-04	1.096478196143185e-04
105464	1.068734511456837e-04	1.071519305237606e-04
105469	1.043026051159579e-04	1.047128548050900e-04
105473	1.022526111111866e-04	1.023292992280754e-04
105478	9.970271486903215e-05	1.000000000000000e-04
105482	9.767647408631674e-05	9.772372209558111e-05
105487	9.516544459853282e-05	9.549925860214369e-05
105492	9.283251714364837e-05	9.332543007969905e-05
105496	9.086754122278329e-05	9.120108393559096e-05
105500	8.892366256396667e-05	8.912509381337459e-05
105504	8.700632744451653e-05	8.709635899560814e-05
105509	8.465082599529161e-05	8.511380382023759e-05
105571	8.280229516899329e-05	8.317637711026709e-05
105575	8.097422683506217e-05	8.128305161640995e-05
105601	7.918819898289353e-05	7.943282347242822e-05
105627	7.744230758766069e-05	7.762471166286911e-05
105631	7.574078201733059e-05	7.585775750291836e-05
105701	7.411319468297872e-05	7.413102413009176e-05
105816	7.216491599904007e-05	7.244359600749906e-05
105871	7.069381994706525e-05	7.079457843841373e-05
105876	6.898469846394750e-05	6.918309709189363e-05
105910	6.738282859919398e-05	6.760829753919819e-05
105915	6.591593966198683e-05	6.606934480075965e-05
105921	6.434042362879477e-05	6.456542290346549e-05
106030	6.297053902759586e-05	6.309573444801929e-05
106112	6.148206704970072e-05	6.165950018614822e-05
106195	6.009261970874036e-05	6.025595860743581e-05
106283	5.888197489223312e-05	5.888436553555884e-05
106505	5.751814287913160e-05	5.754399373371566e-05
106917	5.616230287674995e-05	5.623413251903491e-05
107119	5.486125672304887e-05	5.495408738576248e-05
107129	5.357891991064623e-05	5.370317963702532e-05
107188	5.242862277221594e-05	5.248074602497723e-05
107197	5.128400487064422e-05	5.128613839913648e-05
107207	5.002436599910176e-05	5.011872336272725e-05
107216	4.889676455854808e-05	4.897788193684466e-05
107225	4.777749954987254e-05	4.786300923226380e-05
107234	4.668847672240073e-05	4.677351412871981e-05
107243	4.559731458098071e-05	4.570881896148752e-05
107251	4.464143447058255e-05	4.466835921509635e-05
107260	4.362303848770566e-05	4.365158322401657e-05
107289	4.257728473844313e-05	4.265795188015926e-05
107317	4.166647567704906e-05	4.168693834703355e-05
107366	4.066390093881989e-05	4.073802778041130e-05
107394	3.979155326805373e-05	3.981071705534969e-05
107444	3.883570980600659e-05	3.890451449942805e-05
107579	3.792397252622148e-05	3.801893963205612e-05
107774	3.709513225036432e-05	3.715352290971728e-05
107863	3.626501819431471e-05	3.630780547701010e-05
107895	3.540494538356587e-05	3.548133892335753e-05
107927	3.460556508971813e-05	3.467368504525317e-05
107988	3.387132992949127e-05	3.388441561392028e-05
108000	3.306754232890174e-05	3.311311214825908e-05
108132	3.231696700844999e-05	3.235936569296281e-05
108269	3.157214908677819e-05	3.162277660168380e-05
108312	3.087420053082823e-05	3.090295432513592e-05
108542	3.018491145745372e-05	3.019951720402019e-05
109219	2.947536109276783e-05	2.951209226666384e-05
109991	2.881886043870630e-05	2.884031503126606e-05
110051	2.817427400936268e-05	2.818382931264455e-05
110071	2.753413318168363e-05	2.754228703338169e-05
110091	2.689747227879735e-05	2.691534803926914e-05
110110	2.629461562098090e-05	2.630267991895381e-05
110149	2.569618780234872e-05	2.570395782768864e-05
110168	2.510288733170718e-05	2.511886431509582e-05
110187	2.451664897007433e-05	2.454708915685029e-05
110226	2.396718920416596e-05	2.398832919019490e-05
110244	2.342601898175367e-05	2.344228815319923e-05
110262	2.289295736557229e-05	2.290867652767775e-05
110315	2.236757181872662e-05	2.238721138568338e-05
110368	2.185828122136524e-05	2.187761623949552e-05
110438	2.135316158047296e-05	2.137962089502232e-05
110509	2.088657510312952e-05	2.089296130854041e-05
110604	2.040494583110952e-05	2.041737944669527e-05
110726	1.993852543813457e-05	1.995262314968879e-05
111044	1.949396258194014e-05	1.949844599758046e-05
111318	1.904985069101084e-05	1.905460717963248e-05
111396	1.861248943280103e-05	1.862087136662866e-05
111484	1.817805098547343e-05	1.819700858609983e-05
111546	1.776697113653469e-05	1.778279410038923e-05
111592	1.736617011172115e-05	1.737800828749376e-05
111632	1.697355339125295e-05	1.698243652461746e-05
111686	1.658361425105337e-05	1.659586907437560e-05
111753	1.621133334528402e-05	1.621810097358930e-05
111807	1.584619861605407e-05	1.584893192461114e-05
112095	1.548734538714402e-05	1.548816618912483e-05
112687	1.513208788272991e-05	1.513561248436207e-05
112747	1.478779178998302e-05	1.479108388168207e-05
112789	1.445253953946679e-05	1.445439770745928e-05
112831	1.411845044496651e-05	1.412537544622755e-05
112889	1.380234332859498e-05	1.380384264602884e-05
112947	1.348883067397999e-05	1.348962882591653e-05
113006	1.317854705717991e-05	1.318256738556407e-05
113045	1.287971163044244e-05	1.288249551693135e-05
113084	1.258486994193397e-05	1.258925411794166e-05
113122	1.230219320846881e-05	1.230268770812381e-05
113182	1.201672505690699e-05	1.202264434617413e-05
113252	1.174451457786052e-05	1.174897554939530e-05
113315	1.148050967547665e-05	1.148153621496882e-05
113360	1.121936144854452e-05	1.122018454301963e-05
113405	1.095868438638625e-05	1.096478196143185e-05
113478	1.071455645407227e-05	1.071519305237607e-05
113608	1.046991366426830e-05	1.047128548050899e-05
113759	1.022865217359392e-05	1.023292992280754e-05
113893	9.999042281161330e-06	1.000000000000000e-05
114032	9.768704381296622e-06	9.772372209558111e-06
114136	9.548982439766540e-06	9.549925860214369e-06
114222	9.331501271803155e-06	9.332543007969906e-06
114359	9.117123024759977e-06	9.120108393559096e-06
200000	8.916097678390855e-06	9.120108393559096e-06
%
% index = 425, name = bbob_f008_i13_d02__bbob_f013_i14_d02
% instance = 6, reference value = 9.675612759166120e-01
% function evaluation | indicator value | target hit
1	5.645796459886112e+00	5.754399373371569e+00
18	5.620556137835112e+00	5.623413251903491e+00
21	5.443875389450112e+00	5.495408738576246e+00
22	5.241957761236612e+00	5.248074602497725e+00
23	4.838132831479112e+00	4.897788193684462e+00
28	4.369301489743612e+00	4.466835921509632e+00
33	3.493900408050112e+00	3.548133892335755e+00
38	2.615688051612612e+00	2.630267991895382e+00
43	1.734737105622612e+00	1.737800828749375e+00
48	1.650386171143112e+00	1.659586907437561e+00
58	1.577394812892112e+00	1.584893192461114e+00
63	1.453867766070612e+00	1.479108388168207e+00
68	5.719106113783895e-01	5.754399373371569e-01
1783	3.537408152934675e-01	3.548133892335755e-01
3517	3.412454901573835e-01	3.467368504525316e-01
4040	2.716942057934263e-01	2.754228703338166e-01
5455	2.002182278508514e-01	2.041737944669530e-01
5475	1.798308095043972e-01	1.819700858609984e-01
5490	1.062679235608547e-01	1.071519305237607e-01
5505	9.824434353660261e-02	1.000000000000000e-01
5520	9.422992491761140e-02	9.549925860214359e-02
5535	9.180483504056680e-02	9.332543007969910e-02
5550	8.841709798888475e-02	8.912509381337455e-02
14950	8.463017010190177e-02	8.511380382023763e-02
14985	7.877151826192141e-02	7.943282347242814e-02
15000	7.721568747194607e-02	7.762471166286916e-02
15050	7.470883469772116e-02	7.585775750291836e-02
15125	7.380305123104003e-02	7.413102413009177e-02
16031	5.180034978059977e-02	5.248074602497726e-02
16790	3.903882740572528e-02	3.981071705534973e-02
17699	3.792913043094093e-02	3.801893963205612e-02
20329	3.150455483229009e-02	3.162277660168379e-02
42352	2.761229494418738e-02	2.818382931264454e-02
42402	2.732664509266680e-02	2.754228703338166e-02
44524	2.689891023131452e-02	2.691534803926915e-02
67204	2.263848426499726e-02	2.290867652767773e-02
72853	2.134706234855122e-02	2.137962089502233e-02
78023	2.071769813098467e-02	2.089296130854040e-02
78053	1.993205033834677e-02	1.995262314968880e-02
81586	1.945191748111619e-02	1.949844599758046e-02
95106	1.723700101510650e-02	1.737800828749375e-02
98091	1.658461561580504e-02	1.659586907437561e-02
98968	1.616360581519516e-02	1.621810097358930e-02
99005	1.440460475399852e-02	1.445439770745927e-02
99060	1.357812395020330e-02	1.380384264602885e-02
99157	1.348441749704710e-02	1.348962882591653e-02
99273	1.313182236257360e-02	1.318256738556407e-02
99402	1.281451197464079e-02	1.288249551693134e-02
99604	1.258711660800038e-02	1.258925411794167e-02
100293	1.230199401003107e-02	1.230268770812382e-02
107142	1.200120042981534e-02	1.202264434617413e-02
109605	1.169710741301966e-02	1.174897554939530e-02
109624	1.126144576921573e-02	1.148153621496883e-02
109642	1.098365595783424e-02	1.122018454301964e-02
109648	1.075463522496800e-02	1.096478196143185e-02
109654	1.048214326440400e-02	1.071519305237606e-02
109660	9.591527076227124e-03	9.772372209558112e-03
109666	7.743866356385243e-03	7.762471166286920e-03
109672	6.186023937208018e-03	6.309573444801930e-03
109678	5.155100058986006e-03	5.248074602497728e-03
109684	4.579219822448466e-03	4.677351412871981e-03
109690	3.593866255223621e-03	3.630780547701014e-03
109696	2.872612394910212e-03	2.884031503126605e-03
109702	2.537825569926655e-03	2.570395782768865e-03
109708	2.452013605249825e-03	2.454708915685031e-03
109733	2.363682837946190e-03	2.398832919019490e-03
109734	2.275352428936173e-03	2.290867652767772e-03
109735	2.231717298880387e-03	2.238721138568340e-03
109736	2.144949903117532e-03	2.187761623949552e-03
109737	2.060497456025323e-03	2.089296130854039e-03
109738	1.977083791726342e-03	1.995262314968879e-03
109739	1.896110877880774e-03	1.905460717963246e-03
109740	1.819407334724299e-03	1.819700858609983e-03
109741	1.741372945209485e-03	1.778279410038923e-03
109742	1.669542382357281e-03	1.698243652461744e-03
109743	1.599159032306341e-03	1.621810097358930e-03
109744	1.571306240047199e-03	1.584893192461114e-03
109746	1.497482951635876e-03	1.513561248436209e-03
109748	1.438143194067543e-03	1.445439770745928e-03
109750	1.392870822756964e-03	1.412537544622754e-03
109751	1.366435966322688e-03	1.380384264602885e-03
109753	1.341497331015074e-03	1.348962882591653e-03
109755	1.298560113073721e-03	1.318256738556408e-03
109756	1.277161266763804e-03	1.288249551693134e-03
109757	1.255885785336308e-03	1.258925411794167e-03
109759	1.215553224235832e-03	1.230268770812381e-03
109760	1.194511296519707e-03	1.202264434617413e-03
109761	1.173629537315812e-03	1.174897554939529e-03
109763	1.132516149884744e-03	1.148153621496883e-03
109764	1.112061896187622e-03	1.122018454301963e-03
109765	1.092110467832641e-03	1.096478196143185e-03
109767	1.052728332571973e-03	1.071519305237606e-03
109768	1.033503436186134e-03	1.047128548050900e-03
109769	1.014547225881457e-03	1.023292992280754e-03
109770	9.986282940024349e-04	1.000000000000000e-03
109772	9.618247818686809e-04	9.772372209558111e-04
109773	9.440269938340018e-04	9.549925860214359e-04
109774	9.265814889481971e-04	9.332543007969915e-04
109775	9.094087603304102e-04	9.120108393559096e-04
109777	8.818441461967419e-04	8.912509381337459e-04
109778	8.655139576932980e-04	8.709635899560805e-04
109780	8.458125776881209e-04	8.511380382023768e-04
109781	8.307600137625881e-04	8.317637711026709e-04
109784	8.044817869305998e-04	8.128305161640995e-04
109787	7.855344036119538e-04	7.943282347242813e-04
109788	7.753668595382734e-04	7.762471166286919e-04
109791	7.550254066168716e-04	7.585775750291835e-04
109794	7.410951938451316e-04	7.413102413009177e-04
109798	7.240639008394556e-04	7.244359600749898e-04
109802	7.067537964772219e-04	7.079457843841380e-04
109805	6.908537989300800e-04	6.918309709189362e-04
109808	6.750015049614699e-04	6.760829753919819e-04
109811	6.592458134285772e-04	6.606934480075957e-04
109814	6.436001884155829e-04	6.456542290346556e-04
109817	6.281266737768743e-04	6.309573444801930e-04
109820	6.128637323526975e-04	6.165950018614823e-04
109823	5.978455399446858e-04	6.025595860743575e-04
109825	5.878941834287499e-04	5.888436553555889e-04
109828	5.730265268015788e-04	5.754399373371566e-04
109831	5.585606169392632e-04	5.623413251903491e-04
109833	5.491038810024884e-04	5.495408738576248e-04
109836	5.350741443840290e-04	5.370317963702527e-04
109839	5.214238434723129e-04	5.248074602497728e-04
109841	5.124285211303148e-04	5.128613839913648e-04
109844	4.991554463600334e-04	5.011872336272725e-04
109847	4.863419200655805e-04	4.897788193684461e-04
109849	4.780164794301323e-04	4.786300923226385e-04
109852	4.664716013139669e-04	4.677351412871981e-04
109856	4.548422199114333e-04	4.570881896148752e-04
109859	4.440708386184156e-04	4.466835921509630e-04
109863	4.333486725943692e-04	4.365158322401661e-04
109866	4.240556445540555e-04	4.265795188015926e-04
109870	4.156516958151446e-04	4.168693834703355e-04
109873	4.063192072280009e-04	4.073802778041126e-04
109877	3.966393467546014e-04	3.981071705534974e-04
109882	3.885290343784709e-04	3.890451449942805e-04
109888	3.793000221929965e-04	3.801893963205612e-04
109894	3.711294440964519e-04	3.715352290971724e-04
109903	3.622409643166957e-04	3.630780547701014e-04
109909	3.543490437196706e-04	3.548133892335753e-04
109915	3.464860145074855e-04	3.467368504525317e-04
109921	3.386689861285541e-04	3.388441561392024e-04
109927	3.309023521580468e-04	3.311311214825911e-04
109933	3.232197585728569e-04	3.235936569296281e-04
109939	3.156483122225273e-04	3.162277660168379e-04
109945	3.081269361800976e-04	3.090295432513592e-04
109950	3.019608300994792e-04	3.019951720402016e-04
109956	2.946701777306604e-04	2.951209226666387e-04
109962	2.875203075936028e-04	2.884031503126605e-04
109967	2.815709957284529e-04	2.818382931264455e-04
109973	2.746372653247287e-04	2.754228703338166e-04
109978	2.689798804423882e-04	2.691534803926917e-04
109985	2.620579754409880e-04	2.630267991895381e-04
109990	2.566488883519735e-04	2.570395782768865e-04
109996	2.503222296611485e-04	2.511886431509580e-04
110001	2.452222795321646e-04	2.454708915685031e-04
110007	2.392840185152512e-04	2.398832919019490e-04
110013	2.335973833507143e-04	2.344228815319923e-04
110018	2.290046284874059e-04	2.290867652767772e-04
110024	2.237931464448284e-04	2.238721138568340e-04
110030	2.186674457627102e-04	2.187761623949552e-04
110037	2.135712213627849e-04	2.137962089502232e-04
110044	2.083496986360345e-04	2.089296130854039e-04
110057	2.041517545153804e-04	2.041737944669530e-04
110067	1.991985267068008e-04	1.995262314968879e-04
110077	1.949690510923974e-04	1.949844599758046e-04
110121	1.903644903981094e-04	1.905460717963246e-04
110136	1.859660409340158e-04	1.862087136662868e-04
110149	1.816958798214197e-04	1.819700858609983e-04
110161	1.777685289956477e-04	1.778279410038923e-04
110174	1.735313841881858e-04	1.737800828749376e-04
110186	1.696460251054965e-04	1.698243652461744e-04
110198	1.657949195442709e-04	1.659586907437562e-04
110210	1.619873663711857e-04	1.621810097358930e-04
110222	1.582204437667878e-04	1.584893192461114e-04
110233	1.547998900802705e-04	1.548816618912481e-04
110245	1.511329163749187e-04	1.513561248436209e-04
110256	1.478298135915157e-04	1.479108388168207e-04
110268	1.442858696156790e-04	1.445439770745928e-04
110280	1.410149593304988e-04	1.412537544622754e-04
110291	1.378873437528627e-04	1.380384264602885e-04
110302	1.348258352589227e-04	1.348962882591653e-04
110313	1.318162905576958e-04	1.318256738556407e-04
110325	1.286299386226153e-04	1.288249551693134e-04
110337	1.257545283168682e-04	1.258925411794167e-04
110348	1.230123901911906e-04	1.230268770812381e-04
110360	1.201259690781775e-04	1.202264434617413e-04
110372	1.173325519312485e-04	1.174897554939529e-04
110385	1.146140617261926e-04	1.148153621496883e-04
110397	1.120824229108308e-04	1.122018454301963e-04
110410	1.095560113455463e-04	1.096478196143185e-04
110423	1.071191604217203e-04	1.071519305237606e-04
110439	1.046101484220019e-04	1.047128548050900e-04
110456	1.023135748134951e-04	1.023292992280754e-04
110476	9.998005295752677e-05	1.000000000000000e-04
110523	9.765924471583087e-05	9.772372209558111e-05
110576	9.544822505247463e-05	9.549925860214369e-05
110605	9.327867007935531e-05	9.332543007969905e-05
110631	9.115156073302710e-05	9.120108393559096e-05
110656	8.911357276275567e-05	8.912509381337459e-05
110681	8.708704062065920e-05	8.709635899560814e-05
110706	8.507566369897468e-05	8.511380382023759e-05
110730	8.316195588897735e-05	8.317637711026709e-05
110754	8.126936281893649e-05	8.128305161640995e-05
110778	7.940090924674070e-05	7.943282347242822e-05
110807	7.758291839665699e-05	7.762471166286911e-05
110830	7.584656236492293e-05	7.585775750291836e-05
110854	7.406193960590723e-05	7.413102413009176e-05
110877	7.238354638905431e-05	7.244359600749906e-05
110900	7.073771362131609e-05	7.079457843841373e-05
110923	6.915252353811852e-05	6.918309709189363e-05
110946	6.757499628828878e-05	6.760829753919819e-05
110969	6.603585380482446e-05	6.606934480075965e-05
110992	6.455100455138307e-05	6.456542290346549e-05
111016	6.303946270436178e-05	6.309573444801929e-05
111039	6.163607793219228e-05	6.165950018614822e-05
111063	6.022493441570909e-05	6.025595860743581e-05
111087	5.886782974218185e-05	5.888436553555884e-05
111112	5.751614026405782e-05	5.754399373371566e-05
111137	5.622375949587699e-05	5.623413251903491e-05
111163	5.494638102176985e-05	5.495408738576248e-05
111191	5.369894851969814e-05	5.370317963702532e-05
111225	5.245575830781224e-05	5.248074602497723e-05
111264	5.127568387497394e-05	5.128613839913648e-05
111374	5.011443836044904e-05	5.011872336272725e-05
111466	4.897054421948432e-05	4.897788193684466e-05
111521	4.784631057053179e-05	4.786300923226380e-05
111574	4.676244145973563e-05	4.677351412871981e-05
111626	4.570191365127485e-05	4.570881896148752e-05
111677	4.466620584886449e-05	4.466835921509635e-05
111728	4.363788074968067e-05	4.365158322401657e-05
111778	4.263933293147115e-05	4.265795188015926e-05
111827	4.167147304745544e-05	4.168693834703355e-05
111875	4.073439665330802e-05	4.073802778041130e-05
111923	3.981057521862397e-05	3.981071705534969e-05
111971	3.890169866149762e-05	3.890451449942805e-05
112019	3.800717386448493e-05	3.801893963205612e-05
112066	3.714722969294648e-05	3.715352290971728e-05
112114	3.629999436260967e-05	3.630780547701010e-05
112161	3.547399158421172e-05	3.548133892335753e-05
112208	3.466625325942996e-05	3.467368504525317e-05
112255	3.387815811184414e-05	3.388441561392028e-05
112302	3.311263771332840e-05	3.311311214825908e-05
112350	3.235673317791843e-05	3.235936569296281e-05
112399	3.161737073198445e-05	3.162277660168380e-05
112448	3.089848779536108e-05	3.090295432513592e-05
112498	3.019442977492126e-05	3.019951720402019e-05
112549	2.950698919335082e-05	2.951209226666384e-05
112601	2.883841500300743e-05	2.884031503126606e-05
112655	2.818126925563380e-05	2.818382931264455e-05
112721	2.753497066021460e-05	2.754228703338169e-05
112792	2.691383924391388e-05	2.691534803926914e-05
112876	2.629661924580251e-05	2.630267991895381e-05
113108	2.569868410284837e-05	2.570395782768864e-05
113268	2.511699492913078e-05	2.511886431509582e-05
113381	2.454291920972462e-05	2.454708915685029e-05
113490	2.398630803068791e-05	2.398832919019490e-05
113597	2.344173524015947e-05	2.344228815319923e-05
113703	2.290546460204101e-05	2.290867652767775e-05
113807	2.238349852790034e-05	2.238721138568338e-05
113909	2.187695380972965e-05	2.187761623949552e-05
114011	2.137619057684947e-05	2.137962089502232e-05
114111	2.089194218135582e-05	2.089296130854041e-05
114211	2.041520115436679e-05	2.041737944669527e-05
114310	1.995135297705453e-05	1.995262314968879e-05
114409	1.949567015457898e-05	1.949844599758046e-05
114507	1.905348711994659e-05	1.905460717963248e-05
114605	1.862064337077030e-05	1.862087136662866e-05
114704	1.819337852360103e-05	1.819700858609983e-05
114802	1.778077595504524e-05	1.778279410038923e-05
114901	1.737617495023436e-05	1.737800828749376e-05
115001	1.698121609172709e-05	1.698243652461746e-05
115103	1.659229865957901e-05	1.659586907437560e-05
115206	1.621623447967124e-05	1.621810097358930e-05
115311	1.584734552451117e-05	1.584893192461114e-05
115419	1.548516587190907e-05	1.548816618912483e-05
115529	1.513474388525893e-05	1.513561248436207e-05
115645	1.478833033341509e-05	1.479108388168207e-05
115778	1.445279297207502e-05	1.445439770745928e-05
115939	1.412448350146533e-05	1.412537544622755e-05
116271	1.380304078790751e-05	1.380384264602884e-05
116689	1.348832694192392e-05	1.348962882591653e-05
116927	1.318203517852723e-05	1.318256738556407e-05
117165	1.288231936169559e-05	1.288249551693135e-05
117395	1.258924930469529e-05	1.258925411794166e-05
117622	1.230158992204800e-05	1.230268770812381e-05
117844	1.202246009046615e-05	1.202264434617413e-05
118064	1.174874325926556e-05	1.174897554939530e-05
200000	1.173767452300467e-05	1.174897554939530e-05
%
% index = 426, name = bbob_f008_i15_d02__bbob_f013_i16_d02
% instance = 7, reference value = 9.811449761967400e-01
% function evaluation | indicator value | target hit
1	5.543981681755790e+01	5.623413251903491e+01
19	5.480005355328853e+01	5.495408738576246e+01
21	5.291229806424707e+01	5.370317963702527e+01
22	5.046785541984811e+01	5.128613839913648e+01
23	4.582130085185886e+01	4.677351412871981e+01
28	4.082263914074110e+01	4.168693834703355e+01
33	3.254618358352555e+01	3.311311214825911e+01
38	2.551411564018150e+01	2.570395782768863e+01
43	1.960743542379616e+01	1.995262314968880e+01
48	1.471262669450337e+01	1.479108388168207e+01
53	1.072184574123824e+01	1.096478196143185e+01
58	7.533330302230003e+00	7.585775750291837e+00
63	5.052554834072567e+00	5.128613839913648e+00
68	3.196776583643786e+00	3.235936569296283e+00
73	1.924589360045118e+00	1.949844599758045e+00
78	1.467049309795740e+00	1.479108388168207e+00
83	1.401329156540240e+00	1.412537544622754e+00
88	1.335942895961240e+00	1.348962882591654e+00
93	1.270924851402240e+00	1.288249551693134e+00
103	1.239274141350240e+00	1.258925411794167e+00
108	1.175117136927240e+00	1.202264434617413e+00
113	1.150906096417740e+00	1.174897554939530e+00
118	1.127555929160740e+00	1.148153621496883e+00
123	1.104967865718740e+00	1.122018454301963e+00
128	1.042551173646740e+00	1.047128548050900e+00
138	1.002740628009240e+00	1.023292992280754e+00
143	9.809939321281282e-01	1.000000000000000e+00
148	9.221001051120814e-01	9.332543007969910e-01
153	9.036561708988232e-01	9.120108393559098e-01
158	8.802971096437051e-01	8.912509381337456e-01
163	8.586837506011502e-01	8.709635899560807e-01
168	8.006867494987107e-01	8.128305161640993e-01
173	7.825796711092012e-01	7.943282347242815e-01
178	7.582766579183940e-01	7.585775750291838e-01
188	6.905270293322356e-01	6.918309709189365e-01
193	6.636881503594799e-01	6.760829753919817e-01
198	6.367368225361616e-01	6.456542290346555e-01
203	5.854188017537811e-01	5.888436553555889e-01
208	5.519857764834308e-01	5.623413251903491e-01
213	5.436492793265553e-01	5.495408738576245e-01
218	5.250491032665741e-01	5.370317963702527e-01
223	5.168764829004447e-01	5.248074602497725e-01
5380	5.121858561344581e-01	5.128613839913648e-01
5445	4.927959026986295e-01	5.011872336272722e-01
5471	4.705729671462336e-01	4.786300923226383e-01
5509	4.259660360989178e-01	4.265795188015927e-01
5555	3.630024309899506e-01	3.630780547701014e-01
5576	3.521067830461857e-01	3.548133892335755e-01
5623	3.380572442109162e-01	3.388441561392025e-01
5642	3.269439010780472e-01	3.311311214825911e-01
6220	2.967820616478251e-01	3.019951720402016e-01
6225	2.909969097278212e-01	2.951209226666385e-01
6230	2.499619914031425e-01	2.511886431509580e-01
6235	2.126024641651647e-01	2.137962089502232e-01
6240	1.790715126457297e-01	1.819700858609984e-01
6245	1.493765449456252e-01	1.513561248436208e-01
6250	1.234175223006777e-01	1.258925411794167e-01
6255	1.010203566598327e-01	1.023292992280754e-01
6260	8.196557668154070e-02	8.317637711026708e-02
6265	7.108007854256382e-02	7.244359600749903e-02
6270	2.254725776659516e-02	2.290867652767773e-02
6280	2.066011648971111e-02	2.089296130854040e-02
6285	1.861922691092277e-02	1.862087136662868e-02
6290	1.709792804333932e-02	1.737800828749375e-02
6295	1.581682466176537e-02	1.584893192461113e-02
6320	1.532356729779372e-02	1.548816618912481e-02
6540	1.513287597478319e-02	1.513561248436208e-02
6614	1.463258255742139e-02	1.479108388168207e-02
6651	1.428175918403218e-02	1.445439770745927e-02
6693	1.396541630881909e-02	1.412537544622754e-02
6736	1.368538940985153e-02	1.380384264602885e-02
6784	1.344265878634088e-02	1.348962882591653e-02
6880	1.307048916419529e-02	1.318256738556407e-02
6978	1.284655401598378e-02	1.288249551693134e-02
12908	1.257701543683332e-02	1.258925411794167e-02
15573	1.230082190380788e-02	1.230268770812382e-02
19354	1.202236048069660e-02	1.202264434617413e-02
79793	1.154299110529344e-02	1.174897554939530e-02
79798	1.052971922394674e-02	1.071519305237606e-02
79803	9.677036765574631e-03	9.772372209558112e-03
81050	7.420536524578303e-03	7.585775750291836e-03
81080	7.162415841169167e-03	7.244359600749898e-03
81085	6.720021914290775e-03	6.760829753919818e-03
81090	6.271367024290209e-03	6.309573444801930e-03
81110	6.142937772660617e-03	6.165950018614822e-03
82014	5.810980034423263e-03	5.888436553555890e-03
82019	5.407496437922821e-03	5.495408738576248e-03
82059	5.342179319141160e-03	5.370317963702527e-03
82735	5.139925168626047e-03	5.248074602497728e-03
82740	5.021464617421700e-03	5.128613839913648e-03
84064	5.011614796881836e-03	5.011872336272725e-03
84700	4.194323228364216e-03	4.265795188015926e-03
86178	4.101620809755957e-03	4.168693834703355e-03
89643	3.999188084796157e-03	4.073802778041126e-03
89648	3.937825062485079e-03	3.981071705534973e-03
90365	3.888869198164890e-03	3.890451449942805e-03
91822	2.484384946747631e-03	2.511886431509579e-03
93935	2.440158490113031e-03	2.454708915685031e-03
98780	2.193798924148727e-03	2.238721138568340e-03
100091	2.165443669643108e-03	2.187761623949552e-03
102230	2.093301170814632e-03	2.137962089502233e-03
102898	2.087429232998095e-03	2.089296130854039e-03
104633	1.950424293177599e-03	1.995262314968879e-03
104659	1.943422683155505e-03	1.949844599758046e-03
107097	1.897805934620189e-03	1.905460717963246e-03
114331	1.836173378763517e-03	1.862087136662868e-03
114874	1.688548371722054e-03	1.698243652461744e-03
125546	1.632979529109124e-03	1.659586907437561e-03
126802	1.621062643600291e-03	1.621810097358930e-03
139592	1.572962647537479e-03	1.584893192461114e-03
148299	1.546685847896079e-03	1.548816618912481e-03
174396	1.507954545879708e-03	1.513561248436209e-03
183566	1.382481569807137e-03	1.412537544622754e-03
193335	1.378548943526181e-03	1.380384264602885e-03
200000	1.375373315126049e-03	1.380384264602885e-03
%
% index = 427, name = bbob_f008_i17_d02__bbob_f013_i18_d02
% instance = 8, reference value = 9.847472284636239e-01
% function evaluation | indicator value | target hit
1	3.348434140438384e+00	3.388441561392026e+00
21	3.310856821353740e+00	3.311311214825911e+00
23	3.200638442266526e+00	3.235936569296283e+00
28	3.118109216233767e+00	3.162277660168380e+00
33	2.970201928044657e+00	3.019951720402016e+00
38	2.829902656874401e+00	2.884031503126606e+00
43	2.697157131241675e+00	2.754228703338166e+00
48	2.571934735786733e+00	2.630267991895382e+00
53	2.454231944590979e+00	2.454708915685031e+00
58	2.344075746399368e+00	2.344228815319922e+00
63	2.241526761512081e+00	2.290867652767773e+00
68	2.146681258735120e+00	2.187761623949553e+00
73	2.059670984425065e+00	2.089296130854040e+00
78	1.980659075695236e+00	1.995262314968880e+00
83	1.909829819277238e+00	1.949844599758045e+00
88	1.847369729676859e+00	1.862087136662868e+00
93	1.793437901643826e+00	1.819700858609983e+00
98	1.748125541716385e+00	1.778279410038923e+00
103	1.711177885753124e+00	1.737800828749375e+00
108	1.676757367334124e+00	1.698243652461744e+00
113	1.642366468846624e+00	1.659586907437561e+00
118	1.608004131924124e+00	1.621810097358930e+00
123	1.573669248791624e+00	1.584893192461114e+00
128	1.539360661842124e+00	1.548816618912481e+00
133	1.505077155695624e+00	1.513561248436208e+00
138	1.470817454538624e+00	1.479108388168207e+00
143	1.436580218274124e+00	1.445439770745927e+00
148	1.402364036468124e+00	1.412537544622754e+00
153	1.368167423783124e+00	1.380384264602885e+00
158	1.333988814071124e+00	1.348962882591654e+00
163	1.299826553343624e+00	1.318256738556407e+00
168	1.265678890223624e+00	1.288249551693134e+00
173	1.231543974349624e+00	1.258925411794167e+00
178	1.197419841606124e+00	1.202264434617413e+00
183	1.163304407502624e+00	1.174897554939530e+00
188	1.129195455592624e+00	1.148153621496883e+00
193	1.095090626134124e+00	1.096478196143185e+00
198	1.060987403687624e+00	1.071519305237606e+00
203	1.026883101466124e+00	1.047128548050900e+00
208	9.927748494156240e-01	1.000000000000000e+00
213	9.608031088431395e-01	9.772372209558107e-01
218	9.286745140283647e-01	9.332543007969910e-01
223	8.957601790874868e-01	9.120108393559098e-01
228	8.621980770443393e-01	8.709635899560807e-01
233	8.281134496946448e-01	8.317637711026710e-01
238	7.936192718228091e-01	7.943282347242815e-01
243	7.588167156300327e-01	7.762471166286917e-01
248	7.237956179186422e-01	7.244359600749900e-01
253	6.886349466495192e-01	6.918309709189365e-01
258	6.534032763272799e-01	6.606934480075960e-01
263	6.181592717934665e-01	6.309573444801932e-01
268	5.829522065823137e-01	5.888436553555889e-01
273	5.478225629185329e-01	5.495408738576245e-01
278	5.128029431281680e-01	5.128613839913648e-01
283	4.779207822398430e-01	4.786300923226383e-01
288	4.510664120568596e-01	4.570881896148750e-01
293	4.291147310155893e-01	4.365158322401660e-01
298	4.104707990998251e-01	4.168693834703354e-01
303	3.910788017076915e-01	3.981071705534972e-01
308	3.706297874425870e-01	3.715352290971726e-01
313	3.510819993034825e-01	3.548133892335755e-01
318	3.320296155794117e-01	3.388441561392025e-01
323	3.133148020172019e-01	3.162277660168379e-01
328	2.946474803290340e-01	2.951209226666385e-01
333	2.764793632316408e-01	2.818382931264454e-01
338	2.585465856701561e-01	2.630267991895382e-01
343	2.410381288597858e-01	2.454708915685030e-01
348	2.237382963558746e-01	2.238721138568339e-01
353	2.068640011706320e-01	2.089296130854039e-01
358	1.902387178105485e-01	1.905460717963247e-01
363	1.740136420359033e-01	1.778279410038923e-01
368	1.580517400884544e-01	1.584893192461113e-01
373	1.424726908845130e-01	1.445439770745928e-01
378	1.289814610351803e-01	1.318256738556407e-01
403	1.287032847829619e-01	1.288249551693134e-01
2492	1.251889586997318e-01	1.258925411794167e-01
8884	1.045488897055856e-01	1.047128548050900e-01
8889	7.507476317605710e-02	7.585775750291836e-02
29339	7.401484557309579e-02	7.413102413009177e-02
29344	6.260927751480838e-02	6.309573444801933e-02
29349	4.767913180156580e-02	4.786300923226382e-02
29354	2.964834914938452e-02	3.019951720402016e-02
29359	2.655161299267705e-02	2.691534803926915e-02
29364	2.498599085136310e-02	2.511886431509579e-02
29369	2.186383985393636e-02	2.187761623949553e-02
29374	1.950470980754293e-02	1.995262314968880e-02
29379	1.839110280817302e-02	1.862087136662868e-02
29384	1.626170461841736e-02	1.659586907437561e-02
29389	1.454757373907356e-02	1.479108388168207e-02
29394	1.378229468662107e-02	1.380384264602885e-02
29399	1.237475286057432e-02	1.258925411794167e-02
29404	1.120225921791795e-02	1.122018454301964e-02
29409	1.069751312885980e-02	1.071519305237606e-02
29414	9.801551189930757e-03	1.000000000000000e-02
29419	9.065639975409101e-03	9.120108393559097e-03
29424	8.749396922016595e-03	8.912509381337459e-03
29429	8.204147129030281e-03	8.317637711026709e-03
29434	7.804209868236489e-03	7.943282347242814e-03
29439	7.619113315132764e-03	7.762471166286920e-03
29444	7.303995165157673e-03	7.413102413009177e-03
29449	7.147837406147550e-03	7.244359600749898e-03
29454	7.049595260166686e-03	7.079457843841380e-03
29459	6.876775697706172e-03	6.918309709189363e-03
29474	6.746614146500129e-03	6.760829753919818e-03
93106	6.570751014716159e-03	6.606934480075957e-03
93136	6.421830265823214e-03	6.456542290346556e-03
93181	6.294480304907202e-03	6.309573444801930e-03
115582	5.588465192976400e-03	5.623413251903491e-03
115642	5.398626569692810e-03	5.495408738576248e-03
115657	5.283287549403326e-03	5.370317963702527e-03
115672	5.181194913723042e-03	5.248074602497728e-03
115687	5.101302630202809e-03	5.128613839913648e-03
120764	4.567514534050354e-03	4.570881896148752e-03
120779	4.223626145395287e-03	4.265795188015926e-03
120794	4.043952713558840e-03	4.073802778041126e-03
120809	3.849934805897348e-03	3.890451449942805e-03
129090	3.734932970073213e-03	3.801893963205613e-03
129105	3.685570143756256e-03	3.715352290971724e-03
129150	3.611653667400017e-03	3.630780547701014e-03
130738	3.537053885873886e-03	3.548133892335753e-03
145508	3.455130927697558e-03	3.467368504525317e-03
145538	3.376651986487289e-03	3.388441561392024e-03
148703	3.310011277171010e-03	3.311311214825911e-03
148757	3.223055750472215e-03	3.235936569296281e-03
148769	3.154685248973887e-03	3.162277660168379e-03
148781	3.088208405006454e-03	3.090295432513592e-03
148878	2.970739977614656e-03	3.019951720402016e-03
148896	2.948021101664033e-03	2.951209226666387e-03
148902	2.802575290487330e-03	2.818382931264455e-03
148908	2.699216497360379e-03	2.754228703338166e-03
148921	2.635183622565873e-03	2.691534803926917e-03
148933	2.588272020041193e-03	2.630267991895381e-03
148963	2.554933266741388e-03	2.570395782768865e-03
148969	2.374130021965182e-03	2.398832919019490e-03
148975	1.785235817769570e-03	1.819700858609983e-03
148981	1.453098859119817e-03	1.479108388168207e-03
148999	1.317570885392416e-03	1.318256738556408e-03
149031	1.246639963359608e-03	1.258925411794167e-03
149032	1.203430769673219e-03	1.230268770812381e-03
149033	1.159073806734301e-03	1.174897554939529e-03
149034	1.114614080639620e-03	1.122018454301963e-03
149035	1.074379834050565e-03	1.096478196143185e-03
149036	1.054657560378369e-03	1.071519305237606e-03
149037	1.016641088725789e-03	1.023292992280754e-03
149038	9.828991368929785e-04	1.000000000000000e-03
149039	9.397377736192203e-04	9.549925860214359e-04
149040	9.223443793802133e-04	9.332543007969915e-04
149041	8.839117723394851e-04	8.912509381337459e-04
149042	8.494346715158807e-04	8.511380382023768e-04
149043	8.262175235018709e-04	8.317637711026709e-04
149044	7.940466458269402e-04	7.943282347242813e-04
149046	7.674258052480232e-04	7.762471166286919e-04
149047	7.432057072435105e-04	7.585775750291835e-04
149048	7.295177831887489e-04	7.413102413009177e-04
149050	7.136168428253375e-04	7.244359600749898e-04
149051	7.015379179884373e-04	7.079457843841380e-04
149052	6.894675457612687e-04	6.918309709189362e-04
149054	6.654311337557228e-04	6.760829753919819e-04
149055	6.534920113294707e-04	6.606934480075957e-04
149056	6.416204357072575e-04	6.456542290346556e-04
149057	6.298236474262531e-04	6.309573444801930e-04
149059	6.108851230735013e-04	6.165950018614823e-04
149060	5.964694119041658e-04	6.025595860743575e-04
149061	5.850840116617961e-04	5.888436553555889e-04
149063	5.728835421588974e-04	5.754399373371566e-04
149064	5.620853638031997e-04	5.623413251903491e-04
149066	5.434827100259110e-04	5.495408738576248e-04
149067	5.350912686259424e-04	5.370317963702527e-04
149069	5.148045741819596e-04	5.248074602497728e-04
149070	5.061733630856713e-04	5.128613839913648e-04
149072	4.961043903422002e-04	5.011872336272725e-04
149073	4.867247386183271e-04	4.897788193684461e-04
149074	4.777594521451212e-04	4.786300923226385e-04
149076	4.603681033338303e-04	4.677351412871981e-04
149077	4.522733003068380e-04	4.570881896148752e-04
149078	4.442035250226128e-04	4.466835921509630e-04
149080	4.293753728146221e-04	4.365158322401661e-04
149081	4.221936888127997e-04	4.265795188015926e-04
149082	4.154727354307441e-04	4.168693834703355e-04
149084	4.067243658414377e-04	4.073802778041126e-04
149086	3.962789293276980e-04	3.981071705534974e-04
149088	3.868793510637403e-04	3.890451449942805e-04
149090	3.779550137607002e-04	3.801893963205612e-04
149092	3.701504416503409e-04	3.715352290971724e-04
149095	3.612763236110483e-04	3.630780547701014e-04
149098	3.523551145661052e-04	3.548133892335753e-04
149100	3.464227743606996e-04	3.467368504525317e-04
149103	3.375623966019869e-04	3.388441561392024e-04
149106	3.287762251503734e-04	3.311311214825911e-04
149108	3.229665426016659e-04	3.235936569296281e-04
149111	3.159702940066511e-04	3.162277660168379e-04
149114	3.076962541186390e-04	3.090295432513592e-04
149117	3.000415905897169e-04	3.019951720402016e-04
149119	2.945740490847282e-04	2.951209226666387e-04
149122	2.866699809380702e-04	2.884031503126605e-04
149125	2.793540915378978e-04	2.818382931264455e-04
149127	2.746951436581879e-04	2.754228703338166e-04
149130	2.671708440327158e-04	2.691534803926917e-04
149132	2.625684545258800e-04	2.630267991895381e-04
149135	2.554697567985764e-04	2.570395782768865e-04
149137	2.508871732971318e-04	2.511886431509580e-04
149140	2.442589232733994e-04	2.454708915685031e-04
149142	2.394976747515098e-04	2.398832919019490e-04
149145	2.331737879158746e-04	2.344228815319923e-04
149148	2.287627052016683e-04	2.290867652767772e-04
149151	2.229715249177922e-04	2.238721138568340e-04
149155	2.170930587219733e-04	2.187761623949552e-04
149157	2.136707645197244e-04	2.137962089502232e-04
149160	2.087932375511858e-04	2.089296130854039e-04
149164	2.034665739034658e-04	2.041737944669530e-04
149168	1.989319185727867e-04	1.995262314968879e-04
149172	1.941100968582132e-04	1.949844599758046e-04
149176	1.902279280965313e-04	1.905460717963246e-04
149181	1.860202245942411e-04	1.862087136662868e-04
149187	1.815887001125338e-04	1.819700858609983e-04
149193	1.771686176554876e-04	1.778279410038923e-04
149198	1.735027308938930e-04	1.737800828749376e-04
149204	1.691341021337056e-04	1.698243652461744e-04
149209	1.655274256273653e-04	1.659586907437562e-04
149214	1.619413147937454e-04	1.621810097358930e-04
149219	1.584602872310992e-04	1.584893192461114e-04
149225	1.546248666862704e-04	1.548816618912481e-04
149230	1.512053273508007e-04	1.513561248436209e-04
149235	1.478481175806179e-04	1.479108388168207e-04
149241	1.440497619065173e-04	1.445439770745928e-04
149246	1.408345158998570e-04	1.412537544622754e-04
149256	1.375078828090848e-04	1.380384264602885e-04
149261	1.346384227006725e-04	1.348962882591653e-04
149266	1.316916522678957e-04	1.318256738556407e-04
149271	1.287663806572859e-04	1.288249551693134e-04
149276	1.258768797678389e-04	1.258925411794167e-04
149282	1.225689910806516e-04	1.230268770812381e-04
149287	1.199230946060670e-04	1.202264434617413e-04
149292	1.173592590094641e-04	1.174897554939529e-04
149298	1.144363111956759e-04	1.148153621496883e-04
149303	1.121662646174082e-04	1.122018454301963e-04
149310	1.093992865520699e-04	1.096478196143185e-04
149316	1.068781344003567e-04	1.071519305237606e-04
149322	1.045242679588165e-04	1.047128548050900e-04
149328	1.023154193950937e-04	1.023292992280754e-04
149338	9.972461153140433e-05	1.000000000000000e-04
149345	9.766815230416448e-05	9.772372209558111e-05
149354	9.534975779745825e-05	9.549925860214369e-05
149364	9.325071431942611e-05	9.332543007969905e-05
149376	9.104301466644760e-05	9.120108393559096e-05
149387	8.902414904998768e-05	8.912509381337459e-05
149398	8.701475084182952e-05	8.709635899560814e-05
149409	8.501706938612852e-05	8.511380382023759e-05
149420	8.303772463402748e-05	8.317637711026709e-05
149430	8.125737499697916e-05	8.128305161640995e-05
149441	7.933553252903458e-05	7.943282347242822e-05
149451	7.760131018541561e-05	7.762471166286911e-05
149462	7.572601755556629e-05	7.585775750291836e-05
149472	7.404946372291388e-05	7.413102413009176e-05
149482	7.240022744747776e-05	7.244359600749906e-05
149493	7.065963396746255e-05	7.079457843841373e-05
149503	6.908760193669039e-05	6.918309709189363e-05
149513	6.757238328902737e-05	6.760829753919819e-05
149524	6.598904244270454e-05	6.606934480075965e-05
149534	6.453996500044301e-05	6.456542290346549e-05
149545	6.298846368113509e-05	6.309573444801929e-05
149555	6.162457335290306e-05	6.165950018614822e-05
149566	6.018104277016878e-05	6.025595860743581e-05
149577	5.879816978615615e-05	5.888436553555884e-05
149588	5.751824529998117e-05	5.754399373371566e-05
149600	5.613645981439319e-05	5.623413251903491e-05
149611	5.493785499099957e-05	5.495408738576248e-05
149623	5.369810452682255e-05	5.370317963702532e-05
149636	5.243448693115216e-05	5.248074602497723e-05
149649	5.127574626495601e-05	5.128613839913648e-05
149664	5.006067874346876e-05	5.011872336272725e-05
149679	4.895598771526011e-05	4.897788193684466e-05
149696	4.786166933357094e-05	4.786300923226380e-05
149717	4.675322840885787e-05	4.677351412871981e-05
149740	4.569494003736629e-05	4.570881896148752e-05
149763	4.464114953728338e-05	4.466835921509635e-05
149785	4.363741287949363e-05	4.365158322401657e-05
149807	4.264034822143437e-05	4.265795188015926e-05
149829	4.165076660478384e-05	4.168693834703355e-05
149850	4.071654690929183e-05	4.073802778041130e-05
149871	3.979670037912442e-05	3.981071705534969e-05
149892	3.888653280814669e-05	3.890451449942805e-05
149913	3.799015711292153e-05	3.801893963205612e-05
149933	3.715127720638201e-05	3.715352290971728e-05
149954	3.628743743044893e-05	3.630780547701010e-05
149975	3.545042360719730e-05	3.548133892335753e-05
149995	3.466275240959771e-05	3.467368504525317e-05
150016	3.386013519035558e-05	3.388441561392028e-05
150036	3.311185681043050e-05	3.311311214825908e-05
150057	3.234744717861560e-05	3.235936569296281e-05
150078	3.160749444997002e-05	3.162277660168380e-05
150099	3.089054658766965e-05	3.090295432513592e-05
150120	3.019949813654055e-05	3.019951720402019e-05
150142	2.950314459315706e-05	2.951209226666384e-05
150165	2.882396906611628e-05	2.884031503126606e-05
150188	2.815915283560511e-05	2.818382931264455e-05
150211	2.752219758550556e-05	2.754228703338169e-05
150235	2.689821352630517e-05	2.691534803926914e-05
150260	2.628857009667751e-05	2.630267991895381e-05
150286	2.570107044419512e-05	2.570395782768864e-05
150315	2.510015824330747e-05	2.511886431509582e-05
150345	2.453407844915656e-05	2.454708915685029e-05
150385	2.397533697640064e-05	2.398832919019490e-05
150424	2.343995083153860e-05	2.344228815319923e-05
150471	2.290321552655961e-05	2.290867652767775e-05
150517	2.237653241388138e-05	2.238721138568338e-05
150561	2.187474237669296e-05	2.187761623949552e-05
150605	2.137607319341317e-05	2.137962089502232e-05
150648	2.089190354859216e-05	2.089296130854041e-05
150691	2.041320446921624e-05	2.041737944669527e-05
150733	1.995194995008109e-05	1.995262314968879e-05
150775	1.949621389185641e-05	1.949844599758046e-05
150817	1.904735833280213e-05	1.905460717963248e-05
150858	1.861673398151353e-05	1.862087136662866e-05
150899	1.819419847437498e-05	1.819700858609983e-05
150940	1.778233868632295e-05	1.778279410038923e-05
150981	1.737775400278974e-05	1.737800828749376e-05
151023	1.697310956594311e-05	1.698243652461746e-05
151064	1.658951681671184e-05	1.659586907437560e-05
151105	1.621548598418343e-05	1.621810097358930e-05
151147	1.584381158026282e-05	1.584893192461114e-05
151189	1.548427834907606e-05	1.548816618912483e-05
151232	1.512813185144957e-05	1.513561248436207e-05
151275	1.478606052396358e-05	1.479108388168207e-05
151319	1.445124035182044e-05	1.445439770745928e-05
151364	1.412323882965527e-05	1.412537544622755e-05
151411	1.379755786590220e-05	1.380384264602884e-05
151459	1.348335628681419e-05	1.348962882591653e-05
151508	1.318126263039066e-05	1.318256738556407e-05
151561	1.287760117985037e-05	1.288249551693135e-05
151616	1.258597607922685e-05	1.258925411794166e-05
151675	1.230039803989946e-05	1.230268770812381e-05
151741	1.202038742931233e-05	1.202264434617413e-05
151817	1.174593239383626e-05	1.174897554939530e-05
151913	1.147932904022042e-05	1.148153621496882e-05
152004	1.121879004584159e-05	1.122018454301963e-05
152094	1.096196992012022e-05	1.096478196143185e-05
152181	1.071513887962450e-05	1.071519305237607e-05
152268	1.047017053068533e-05	1.047128548050899e-05
152354	1.023032044866756e-05	1.023292992280754e-05
152438	9.998695672530644e-06	1.000000000000000e-05
200000	9.964192135947236e-06	1.000000000000000e-05
%
% index = 428, name = bbob_f008_i19_d02__bbob_f013_i21_d02
% instance = 9, reference value = 9.929678151716600e-01
% function evaluation | indicator value | target hit
1	3.449657911828387e+01	3.467368504525317e+01
20	3.386840097878092e+01	3.388441561392025e+01
22	3.203946726202886e+01	3.235936569296283e+01
23	2.972699334745546e+01	3.019951720402016e+01
28	2.722324001496325e+01	2.754228703338166e+01
33	2.302190802873144e+01	2.344228815319923e+01
38	1.937667257503480e+01	1.949844599758045e+01
43	1.623202086483762e+01	1.659586907437561e+01
48	1.353571184439359e+01	1.380384264602885e+01
53	1.123875673684573e+01	1.148153621496883e+01
58	9.295393012341563e+00	9.332543007969910e+00
63	7.663050215639612e+00	7.762471166286917e+00
68	6.302306453647622e+00	6.309573444801933e+00
73	5.176835019242699e+00	5.248074602497725e+00
78	4.253342923915893e+00	4.265795188015927e+00
83	3.501508495549387e+00	3.548133892335755e+00
88	2.893937687621114e+00	2.951209226666386e+00
93	2.406188858290603e+00	2.454708915685031e+00
98	2.016996021425088e+00	2.041737944669529e+00
103	1.709068442444126e+00	1.737800828749375e+00
108	1.471724719304945e+00	1.479108388168207e+00
113	1.309412104444417e+00	1.318256738556407e+00
118	1.198402836566660e+00	1.202264434617413e+00
123	1.091992991149660e+00	1.096478196143185e+00
128	9.920662025009288e-01	1.000000000000000e+00
133	9.415923158707755e-01	9.549925860214360e-01
138	8.765971218003842e-01	8.912509381337456e-01
143	8.010840418845422e-01	8.128305161640993e-01
148	7.183047393565238e-01	7.244359600749900e-01
153	6.310896131027454e-01	6.456542290346555e-01
158	5.420329942730144e-01	5.495408738576245e-01
163	4.535992766528388e-01	4.570881896148750e-01
168	3.681956524979223e-01	3.715352290971726e-01
173	2.882596572946108e-01	2.884031503126606e-01
178	2.165240878910232e-01	2.187761623949552e-01
183	1.578347781857590e-01	1.584893192461113e-01
188	7.191180116755602e-02	7.244359600749903e-02
193	2.436138023362999e-02	2.454708915685030e-02
198	1.395288263993533e-02	1.412537544622754e-02
391	1.379988092765949e-02	1.380384264602885e-02
427	1.312816070554224e-02	1.318256738556407e-02
471	1.229321919943394e-02	1.230268770812382e-02
521	1.157647204919976e-02	1.174897554939530e-02
567	1.096058379300002e-02	1.096478196143185e-02
613	1.047972062214375e-02	1.071519305237606e-02
629	1.046494059520264e-02	1.047128548050900e-02
664	1.012388869394798e-02	1.023292992280754e-02
706	9.855826419534974e-03	1.000000000000000e-02
726	9.755707879138376e-03	9.772372209558112e-03
814	9.531113311365136e-03	9.549925860214359e-03
1591	7.599565964987343e-03	7.762471166286920e-03
1601	7.575803036872553e-03	7.585775750291836e-03
1604	7.409462727666405e-03	7.413102413009177e-03
1605	7.219359936504910e-03	7.244359600749898e-03
1606	6.839155771106276e-03	6.918309709189363e-03
1647	6.639470783432078e-03	6.760829753919818e-03
1658	6.600519861963861e-03	6.606934480075957e-03
3915	6.451749616380065e-03	6.456542290346556e-03
5144	6.308536694204059e-03	6.309573444801930e-03
86320	5.910719179696655e-03	6.025595860743574e-03
95211	4.947394529869809e-03	5.011872336272725e-03
113552	4.607624225318796e-03	4.677351412871981e-03
113562	3.773228503874848e-03	3.801893963205613e-03
120729	3.429215275975284e-03	3.467368504525317e-03
120754	3.281896586341038e-03	3.311311214825911e-03
131211	2.092495789779103e-03	2.137962089502233e-03
131238	1.954334682181647e-03	1.995262314968879e-03
131265	1.426826658341263e-03	1.445439770745928e-03
131282	1.403040081166429e-03	1.412537544622754e-03
131345	1.305272360183962e-03	1.318256738556408e-03
162383	1.283644407322870e-03	1.288249551693134e-03
200000	1.281673758117274e-03	1.288249551693134e-03
%
% index = 429, name = bbob_f008_i21_d02__bbob_f013_i22_d02
% instance = 10, reference value = 9.983991419583280e-01
% function evaluation | indicator value | target hit
1	1.386106284202639e+00	1.412537544622754e+00
19	1.375033336288475e+00	1.380384264602885e+00
22	1.335467447797328e+00	1.348962882591654e+00
23	1.307243681670828e+00	1.318256738556407e+00
28	1.274693374471828e+00	1.288249551693134e+00
33	1.214334463447828e+00	1.230268770812382e+00
38	1.154406328896328e+00	1.174897554939530e+00
43	1.094926428241328e+00	1.096478196143185e+00
48	1.035912671518328e+00	1.047128548050900e+00
53	9.775002039176605e-01	1.000000000000000e+00
58	9.434415062686581e-01	9.549925860214360e-01
63	9.195692147351324e-01	9.332543007969910e-01
68	8.916871037507863e-01	9.120108393559098e-01
73	8.597800859332483e-01	8.709635899560807e-01
78	8.286766841625348e-01	8.317637711026710e-01
83	7.986132186203414e-01	8.128305161640993e-01
88	7.678477662179275e-01	7.762471166286917e-01
93	7.367938679630528e-01	7.413102413009175e-01
98	7.054483372083500e-01	7.079457843841379e-01
103	6.742276933879299e-01	6.760829753919817e-01
108	6.425914074655916e-01	6.456542290346555e-01
113	6.109982252172653e-01	6.165950018614822e-01
118	5.790123574173934e-01	5.888436553555889e-01
123	5.471226063665617e-01	5.495408738576245e-01
128	5.148238772758968e-01	5.248074602497725e-01
133	4.826406473798928e-01	4.897788193684462e-01
138	4.500444753932868e-01	4.570881896148750e-01
143	4.175906659881199e-01	4.265795188015927e-01
148	3.847183138773105e-01	3.890451449942806e-01
153	3.520134967996518e-01	3.548133892335755e-01
158	3.188859482255519e-01	3.235936569296283e-01
163	2.859521241501926e-01	2.884031503126606e-01
168	2.525921857163956e-01	2.570395782768864e-01
173	2.194526506217812e-01	2.238721138568339e-01
178	1.858846780699145e-01	1.862087136662867e-01
183	1.525645027150595e-01	1.548816618912481e-01
188	1.188147108902257e-01	1.202264434617413e-01
193	8.534090234223535e-02	8.709635899560805e-02
198	5.143758916045404e-02	5.248074602497726e-02
203	2.101251245716962e-02	2.137962089502233e-02
208	2.051109582774913e-02	2.089296130854040e-02
228	1.992371607561183e-02	1.995262314968880e-02
477	1.948720226093326e-02	1.949844599758046e-02
2865	1.830241499853436e-02	1.862087136662868e-02
2875	7.903373892827026e-03	7.943282347242814e-03
2880	5.001051342627072e-03	5.011872336272725e-03
2915	4.585402921158499e-03	4.677351412871981e-03
2920	4.448267511287018e-03	4.466835921509630e-03
2925	4.300788407521461e-03	4.365158322401661e-03
2930	4.148091729367587e-03	4.168693834703355e-03
5694	4.045619154196545e-03	4.073802778041126e-03
5700	3.967571830453931e-03	3.981071705534973e-03
32601	3.651424112701585e-03	3.715352290971724e-03
43657	3.140093056558158e-03	3.162277660168379e-03
50658	2.815686503123471e-03	2.818382931264455e-03
58538	2.182839894663946e-03	2.187761623949552e-03
59490	1.892248211248782e-03	1.905460717963246e-03
59510	1.120999460219041e-03	1.122018454301963e-03
82998	1.088135018428638e-03	1.096478196143185e-03
97774	9.084384782833688e-04	9.120108393559096e-04
101556	7.542510565928806e-04	7.585775750291835e-04
111518	7.265525336176415e-04	7.413102413009177e-04
147744	7.234172406609396e-04	7.244359600749898e-04
194176	6.450434306697339e-04	6.456542290346556e-04
200000	6.445448789382802e-04	6.456542290346556e-04
