%
% index = 525, name = bbob_f013_i02_d02__bbob_f014_i04_d02
% instance = 1, reference value = 9.459149096508790e-01
% function evaluation | indicator value | target hit
1	7.415397584091267e-01	7.585775750291838e-01
17	7.411869757557531e-01	7.413102413009175e-01
23	7.190848807392928e-01	7.244359600749900e-01
28	7.061972311412108e-01	7.079457843841379e-01
33	6.823539506498874e-01	6.918309709189365e-01
38	6.587331687881440e-01	6.606934480075960e-01
43	6.353346594265707e-01	6.456542290346555e-01
48	6.121647632863600e-01	6.165950018614822e-01
53	5.892694987027584e-01	6.025595860743578e-01
58	5.668202454032147e-01	5.754399373371569e-01
63	5.452608463963383e-01	5.495408738576245e-01
68	5.255087514186038e-01	5.370317963702527e-01
73	5.090664712209776e-01	5.128613839913648e-01
78	4.974667986267510e-01	5.011872336272722e-01
88	4.887220059565938e-01	4.897788193684462e-01
242	4.756809618302917e-01	4.786300923226383e-01
265	4.627882857630278e-01	4.677351412871982e-01
289	4.451252790730237e-01	4.466835921509631e-01
314	4.276556072266676e-01	4.365158322401660e-01
341	4.103864699636645e-01	4.168693834703354e-01
367	3.933001179146092e-01	3.981071705534972e-01
393	3.763814273027548e-01	3.801893963205612e-01
419	3.596175355932780e-01	3.630780547701014e-01
444	3.429973703855873e-01	3.467368504525316e-01
469	3.265113691180656e-01	3.311311214825911e-01
495	3.101511342338974e-01	3.162277660168379e-01
521	2.939092339738090e-01	2.951209226666385e-01
547	2.777792169411796e-01	2.818382931264454e-01
572	2.617553421930829e-01	2.630267991895382e-01
597	2.458324430551653e-01	2.511886431509580e-01
621	2.300059774960883e-01	2.344228815319922e-01
645	2.142716637468242e-01	2.187761623949552e-01
669	1.986258463288736e-01	1.995262314968880e-01
693	1.830650812672063e-01	1.862087136662867e-01
718	1.675863123835576e-01	1.698243652461744e-01
743	1.521866530926127e-01	1.548816618912481e-01
768	1.368636441975682e-01	1.380384264602885e-01
847	1.342097791364321e-01	1.348962882591654e-01
1138	1.316341295905101e-01	1.318256738556407e-01
1297	1.286387341856825e-01	1.288249551693134e-01
9424	1.249251002588622e-01	1.258925411794167e-01
9429	1.218275672171582e-01	1.230268770812381e-01
9434	1.199562816050792e-01	1.202264434617413e-01
9988	1.142942538366908e-01	1.148153621496883e-01
9993	1.049797194957846e-01	1.071519305237607e-01
9998	9.195708318458296e-02	9.332543007969910e-02
10003	7.569009685399974e-02	7.585775750291836e-02
10008	5.661244014575728e-02	5.754399373371569e-02
10013	5.009014498338860e-02	5.011872336272722e-02
10023	4.724912360888911e-02	4.786300923226382e-02
10028	4.480284444799876e-02	4.570881896148749e-02
10033	4.283689468189322e-02	4.365158322401658e-02
10038	3.755417410368578e-02	3.801893963205612e-02
10043	3.710426766364816e-02	3.715352290971726e-02
10048	3.529712049818079e-02	3.548133892335755e-02
10053	3.334261967936392e-02	3.388441561392026e-02
10058	3.199337441881300e-02	3.235936569296283e-02
10063	2.782749249713501e-02	2.818382931264454e-02
10068	2.748338000862471e-02	2.754228703338166e-02
10073	2.607269929279665e-02	2.630267991895381e-02
10078	2.454316655284117e-02	2.454708915685030e-02
10083	2.357975754184105e-02	2.398832919019490e-02
10088	2.040168445252721e-02	2.041737944669529e-02
10098	1.907469143432194e-02	1.949844599758046e-02
10103	1.823269883635859e-02	1.862087136662868e-02
10108	1.607752716865174e-02	1.621810097358930e-02
10118	1.513685183839786e-02	1.548816618912481e-02
10123	1.429635479781266e-02	1.445439770745927e-02
10128	1.380960996169045e-02	1.412537544622754e-02
10133	1.234832755577731e-02	1.258925411794167e-02
10138	1.223042430888344e-02	1.230268770812382e-02
10143	1.170052139009914e-02	1.174897554939530e-02
10148	1.117981522724765e-02	1.122018454301964e-02
10153	1.040303721169988e-02	1.047128548050900e-02
10163	1.000688955669349e-02	1.023292992280754e-02
10168	9.639605404948681e-03	9.772372209558112e-03
10173	9.467705365915124e-03	9.549925860214359e-03
10178	9.114709716594005e-03	9.120108393559097e-03
10188	8.903523695320770e-03	8.912509381337459e-03
10193	8.705353116120529e-03	8.709635899560805e-03
10218	8.442578691365554e-03	8.511380382023767e-03
11879	8.315471291074683e-03	8.317637711026709e-03
12732	8.125342470286068e-03	8.128305161640995e-03
18141	7.942543056806084e-03	7.943282347242814e-03
200000	7.766935592781299e-03	7.943282347242814e-03
%
% index = 526, name = bbob_f013_i03_d02__bbob_f014_i05_d02
% instance = 2, reference value = 9.823395402434010e-01
% function evaluation | indicator value | target hit
1	7.009375060940993e-01	7.079457843841379e-01
22	6.865777966087792e-01	6.918309709189365e-01
23	6.721141225365637e-01	6.760829753919817e-01
28	6.552603476240990e-01	6.606934480075960e-01
33	6.235597720460438e-01	6.309573444801932e-01
38	5.915420581066270e-01	6.025595860743578e-01
43	5.592702337304606e-01	5.623413251903491e-01
48	5.268044276558388e-01	5.370317963702527e-01
53	4.942019297487082e-01	5.011872336272722e-01
58	4.615172523099488e-01	4.677351412871982e-01
63	4.288021914151475e-01	4.365158322401660e-01
68	3.961058895357119e-01	3.981071705534972e-01
73	3.634748975507832e-01	3.715352290971726e-01
78	3.325146739656361e-01	3.388441561392025e-01
83	3.149037755704025e-01	3.162277660168379e-01
88	2.985405917960587e-01	3.019951720402016e-01
93	2.814294008361411e-01	2.818382931264454e-01
98	2.650727770897388e-01	2.691534803926916e-01
103	2.496261904345827e-01	2.511886431509580e-01
108	2.356182644913773e-01	2.398832919019490e-01
113	2.211370983990314e-01	2.238721138568339e-01
118	2.072796177768842e-01	2.089296130854039e-01
123	1.942919878179490e-01	1.949844599758045e-01
128	1.828040231499928e-01	1.862087136662867e-01
133	1.707027693601347e-01	1.737800828749375e-01
138	1.591720877926950e-01	1.621810097358930e-01
143	1.499796386994163e-01	1.513561248436208e-01
148	1.411472604105349e-01	1.412537544622754e-01
153	1.340826970627198e-01	1.348962882591654e-01
158	1.272516284703532e-01	1.288249551693134e-01
163	1.180593766430480e-01	1.202264434617413e-01
168	1.103175395928753e-01	1.122018454301964e-01
173	1.019157418429738e-01	1.023292992280754e-01
178	9.392263938022949e-02	9.549925860214359e-02
183	8.785904367372754e-02	8.912509381337455e-02
188	8.202706712262164e-02	8.317637711026708e-02
193	7.757079415591939e-02	7.762471166286916e-02
198	7.324270779772568e-02	7.413102413009177e-02
203	6.991400814436133e-02	7.079457843841380e-02
208	6.665288772034317e-02	6.760829753919818e-02
213	6.413050957177058e-02	6.456542290346556e-02
218	6.164068936991740e-02	6.165950018614822e-02
223	5.624619693914235e-02	5.754399373371569e-02
228	5.204865264193115e-02	5.248074602497726e-02
233	4.732590242262025e-02	4.786300923226382e-02
238	4.285805917243990e-02	4.365158322401658e-02
243	3.975412991953442e-02	3.981071705534973e-02
248	3.675876629192509e-02	3.715352290971726e-02
253	3.465925399070979e-02	3.467368504525317e-02
258	3.259413868878003e-02	3.311311214825911e-02
263	3.113745828360348e-02	3.162277660168379e-02
268	2.967854763991051e-02	3.019951720402016e-02
273	2.864497580871439e-02	2.884031503126606e-02
278	2.759236885182137e-02	2.818382931264454e-02
283	2.684448649904236e-02	2.691534803926915e-02
288	2.607120889702030e-02	2.630267991895381e-02
293	2.552077847935674e-02	2.570395782768863e-02
298	2.494339438604365e-02	2.511886431509579e-02
303	2.453048104010402e-02	2.454708915685030e-02
313	2.378201982741779e-02	2.398832919019490e-02
318	2.168438770353665e-02	2.187761623949553e-02
323	1.964289688441057e-02	1.995262314968880e-02
328	1.854640405641972e-02	1.862087136662868e-02
333	1.739800196306651e-02	1.778279410038923e-02
338	1.679451891722117e-02	1.698243652461744e-02
343	1.610858359806921e-02	1.621810097358930e-02
348	1.575783910337636e-02	1.584893192461113e-02
353	1.532501326856894e-02	1.548816618912481e-02
358	1.510801132081352e-02	1.513561248436208e-02
368	1.468308613218328e-02	1.479108388168207e-02
373	1.407911121815819e-02	1.412537544622754e-02
378	1.338959729780076e-02	1.348962882591653e-02
388	1.287950214317068e-02	1.288249551693134e-02
403	1.231285389871706e-02	1.258925411794167e-02
408	1.229411014448656e-02	1.230268770812382e-02
539	1.196681228141994e-02	1.202264434617413e-02
709	1.152566659551280e-02	1.174897554939530e-02
732	1.124362883140062e-02	1.148153621496883e-02
755	1.097051232654800e-02	1.122018454301964e-02
778	1.070636505744660e-02	1.071519305237606e-02
802	1.045123499025102e-02	1.047128548050900e-02
825	1.020516989439013e-02	1.023292992280754e-02
849	9.968217376971511e-03	1.000000000000000e-02
873	9.740424950387627e-03	9.772372209558112e-03
896	9.521839863769643e-03	9.549925860214359e-03
920	9.312509174623229e-03	9.332543007969915e-03
944	9.112479675226881e-03	9.120108393559097e-03
996	8.740509799918250e-03	8.912509381337459e-03
1020	8.568661199581662e-03	8.709635899560805e-03
1045	8.406297273975127e-03	8.511380382023767e-03
1070	8.253462500578901e-03	8.317637711026709e-03
1094	8.110200925620425e-03	8.128305161640995e-03
1148	7.852568044091512e-03	7.943282347242814e-03
1172	7.738279360935518e-03	7.762471166286920e-03
1229	7.538952280582656e-03	7.585775750291836e-03
1291	7.378856520618093e-03	7.413102413009177e-03
1390	7.212711176192821e-03	7.244359600749898e-03
2517	7.061487010952328e-03	7.079457843841380e-03
3852	6.915451501569136e-03	6.918309709189363e-03
15096	6.760819185511524e-03	6.760829753919818e-03
177793	6.605463151489688e-03	6.606934480075957e-03
179851	6.448091322674543e-03	6.456542290346556e-03
179861	6.036230492455719e-03	6.165950018614822e-03
179871	5.535703271446590e-03	5.623413251903491e-03
179881	5.002884358277337e-03	5.011872336272725e-03
179891	4.480344966933503e-03	4.570881896148752e-03
179901	3.997830605859121e-03	4.073802778041126e-03
179911	3.574010275391726e-03	3.630780547701014e-03
179921	3.218582072919474e-03	3.235936569296281e-03
179931	2.934406925192423e-03	2.951209226666387e-03
179941	2.703099313021595e-03	2.754228703338166e-03
179951	2.399767627566107e-03	2.454708915685031e-03
179961	2.205028879746607e-03	2.238721138568340e-03
179971	2.069654358820228e-03	2.089296130854039e-03
179991	2.039929338490398e-03	2.041737944669530e-03
181569	1.990813669140112e-03	1.995262314968879e-03
182651	1.943548601805678e-03	1.949844599758046e-03
183916	1.904586800493768e-03	1.905460717963246e-03
195970	1.720205638126027e-03	1.737800828749376e-03
195990	1.688108924825404e-03	1.698243652461744e-03
196010	1.654976145888498e-03	1.659586907437561e-03
196589	1.280691643220311e-03	1.288249551693134e-03
196619	1.256100574618113e-03	1.258925411794167e-03
199529	1.227977325730434e-03	1.230268770812381e-03
200000	1.223447805703604e-03	1.230268770812381e-03
%
% index = 527, name = bbob_f013_i07_d02__bbob_f014_i08_d02
% instance = 3, reference value = 8.087758480474230e-01
% function evaluation | indicator value | target hit
1	3.789782730902181e+00	3.801893963205611e+00
22	3.675794557919387e+00	3.715352290971725e+00
23	3.588202160505923e+00	3.630780547701014e+00
28	3.503494858574923e+00	3.548133892335755e+00
33	3.379305657160923e+00	3.388441561392026e+00
38	3.273288384400423e+00	3.311311214825911e+00
43	3.174092839505423e+00	3.235936569296283e+00
48	3.077774877356923e+00	3.090295432513591e+00
53	2.982847329157423e+00	3.019951720402016e+00
58	2.844443150685923e+00	2.884031503126606e+00
63	2.757454685777923e+00	2.818382931264454e+00
68	2.619580836568423e+00	2.630267991895382e+00
73	2.535934261887923e+00	2.570395782768863e+00
78	2.443228147660423e+00	2.454708915685031e+00
83	2.306474640145423e+00	2.344228815319922e+00
88	2.229014807955923e+00	2.238721138568339e+00
93	2.137719852888423e+00	2.137962089502232e+00
98	2.002246042081923e+00	2.041737944669529e+00
103	1.930068294314423e+00	1.949844599758045e+00
108	1.840237113579923e+00	1.862087136662868e+00
113	1.706008905526423e+00	1.737800828749375e+00
118	1.638645607332423e+00	1.659586907437561e+00
123	1.550416848318923e+00	1.584893192461114e+00
128	1.417376957536423e+00	1.445439770745927e+00
133	1.354665561187423e+00	1.380384264602885e+00
138	1.268992973926923e+00	1.288249551693134e+00
143	1.136904463283923e+00	1.148153621496883e+00
148	1.080035197609923e+00	1.096478196143185e+00
153	1.000632800831923e+00	1.023292992280754e+00
158	8.684660830769229e-01	8.709635899560807e-01
163	8.217315091234230e-01	8.317637711026710e-01
168	7.614432490539559e-01	7.762471166286917e-01
173	6.363726388327881e-01	6.456542290346555e-01
178	5.997552121985710e-01	6.025595860743578e-01
183	5.617959267221130e-01	5.623413251903491e-01
188	4.345913123635617e-01	4.365158322401660e-01
193	4.171659567753849e-01	4.265795188015927e-01
198	3.980174148616805e-01	3.981071705534972e-01
356	3.853752757723942e-01	3.890451449942806e-01
405	2.845502861949226e-01	2.884031503126606e-01
406	2.814002816073741e-01	2.818382931264454e-01
650	1.954171199129990e-01	1.995262314968880e-01
684	1.122170090019429e-01	1.148153621496883e-01
697	1.121961196955492e-01	1.122018454301964e-01
724	6.703067550638697e-02	6.760829753919818e-02
742	6.568971746958352e-02	6.606934480075961e-02
744	6.386231745944682e-02	6.456542290346556e-02
745	6.239532940297843e-02	6.309573444801933e-02
766	4.818629011123843e-02	4.897788193684462e-02
782	4.767774894446664e-02	4.786300923226382e-02
784	4.622370225690720e-02	4.677351412871981e-02
785	4.451928722560250e-02	4.466835921509630e-02
786	4.240446339446902e-02	4.265795188015926e-02
787	4.102224066415605e-02	4.168693834703355e-02
818	3.766920406935204e-02	3.801893963205612e-02
835	3.691675112622028e-02	3.715352290971726e-02
836	3.618067185854557e-02	3.630780547701014e-02
837	3.494395968426667e-02	3.548133892335755e-02
838	3.456617418905339e-02	3.467368504525317e-02
859	3.388390775052907e-02	3.388441561392026e-02
920	3.309711699336826e-02	3.311311214825911e-02
955	3.235341002105130e-02	3.235936569296283e-02
10904	3.109618466126618e-02	3.162277660168379e-02
10914	3.080918491323126e-02	3.090295432513590e-02
11782	2.891560832963014e-02	2.951209226666385e-02
11792	2.880023490698735e-02	2.884031503126606e-02
11870	2.730777073656343e-02	2.754228703338166e-02
12003	2.687280929109959e-02	2.691534803926915e-02
12028	2.171195643680124e-02	2.187761623949553e-02
12060	1.892018603832291e-02	1.905460717963247e-02
12092	1.752298250341289e-02	1.778279410038923e-02
12124	1.605885986693689e-02	1.621810097358930e-02
12150	1.477472825486881e-02	1.479108388168207e-02
12176	1.365055801867332e-02	1.380384264602885e-02
12202	1.293168028735459e-02	1.318256738556407e-02
12227	1.230840267648647e-02	1.258925411794167e-02
12253	1.180796312323862e-02	1.202264434617413e-02
12279	1.140036032049696e-02	1.148153621496883e-02
12309	1.105695367805271e-02	1.122018454301964e-02
12332	1.067790086224163e-02	1.071519305237606e-02
12385	1.045707372660631e-02	1.047128548050900e-02
12415	1.013202487572529e-02	1.023292992280754e-02
12438	9.822894195605669e-03	1.000000000000000e-02
12461	9.529796752590247e-03	9.549925860214359e-03
12484	9.269436891596428e-03	9.332543007969915e-03
12507	9.060124197311836e-03	9.120108393559097e-03
12529	8.877453843902927e-03	8.912509381337459e-03
12573	8.629590945425814e-03	8.709635899560805e-03
12596	8.470774949931537e-03	8.511380382023767e-03
12643	8.186355593163719e-03	8.317637711026709e-03
12664	8.102818692244718e-03	8.128305161640995e-03
12711	7.859806767561706e-03	7.943282347242814e-03
12757	7.727651848729145e-03	7.762471166286920e-03
12801	7.542045750107307e-03	7.585775750291836e-03
12845	7.349511408708986e-03	7.413102413009177e-03
12907	7.191845252365936e-03	7.244359600749898e-03
12951	7.030403275476105e-03	7.079457843841380e-03
12993	6.876888389287128e-03	6.918309709189363e-03
13035	6.731472346156342e-03	6.760829753919818e-03
13078	6.586390524409902e-03	6.606934480075957e-03
13141	6.438491268433544e-03	6.456542290346556e-03
13201	6.288094190129101e-03	6.309573444801930e-03
13262	6.156136888911368e-03	6.165950018614822e-03
13342	5.988225421515447e-03	6.025595860743574e-03
13405	5.877249551598518e-03	5.888436553555890e-03
13527	5.724133012597887e-03	5.754399373371567e-03
13609	5.618960362638648e-03	5.623413251903491e-03
13730	5.480898858931993e-03	5.495408738576248e-03
13827	5.360743565921200e-03	5.370317963702527e-03
13962	5.231959790788721e-03	5.248074602497728e-03
14098	5.110818575273957e-03	5.128613839913648e-03
14212	4.999100467106277e-03	5.011872336272725e-03
14345	4.895759351558282e-03	4.897788193684461e-03
14525	4.778567464903571e-03	4.786300923226385e-03
14703	4.668796242400908e-03	4.677351412871981e-03
14910	4.567799401217432e-03	4.570881896148752e-03
15144	4.464429389224089e-03	4.466835921509630e-03
15435	4.364757608309788e-03	4.365158322401661e-03
15728	4.262440343624885e-03	4.265795188015926e-03
16071	4.164520656959048e-03	4.168693834703355e-03
16412	4.071818909384128e-03	4.073802778041126e-03
16829	3.980929735417749e-03	3.981071705534973e-03
17283	3.889582216938248e-03	3.890451449942805e-03
17912	3.800288177351452e-03	3.801893963205613e-03
18653	3.714997628043171e-03	3.715352290971724e-03
19350	3.630207186520851e-03	3.630780547701014e-03
20097	3.547375539004194e-03	3.548133892335753e-03
20555	3.466898254784412e-03	3.467368504525317e-03
21244	3.388179852520157e-03	3.388441561392024e-03
21631	3.311189544107696e-03	3.311311214825911e-03
22321	3.235931872043074e-03	3.235936569296281e-03
24629	3.162268109447863e-03	3.162277660168379e-03
63286	1.568245909681965e-03	1.584893192461114e-03
63881	1.482603878360744e-03	1.513561248436209e-03
66071	1.471207399580399e-03	1.479108388168207e-03
76603	1.382786681841885e-03	1.412537544622754e-03
77874	1.360174819587057e-03	1.380384264602885e-03
84991	7.900070041126916e-04	7.943282347242813e-04
100059	7.165778452292715e-04	7.244359600749898e-04
100311	6.878245009784845e-04	6.918309709189362e-04
109644	5.919821494565491e-04	6.025595860743575e-04
109664	5.755170802618226e-04	5.888436553555889e-04
112595	5.749000315002917e-04	5.754399373371566e-04
133649	5.011212142527199e-04	5.011872336272725e-04
176928	4.876176866832616e-04	4.897788193684461e-04
183953	4.595140157381827e-04	4.677351412871981e-04
190977	4.570099477176903e-04	4.570881896148752e-04
200000	4.570082849948420e-04	4.570881896148752e-04
%
% index = 528, name = bbob_f013_i09_d02__bbob_f014_i10_d02
% instance = 4, reference value = 9.132040420959689e-01
% function evaluation | indicator value | target hit
1	4.628302141313995e-01	4.677351412871982e-01
28	4.542659432985791e-01	4.570881896148750e-01
38	4.428466523458177e-01	4.466835921509631e-01
48	4.317470253102597e-01	4.365158322401660e-01
53	4.263138784995032e-01	4.265795188015927e-01
63	4.156747899048877e-01	4.168693834703354e-01
73	4.053308483916561e-01	4.073802778041127e-01
83	3.952731474118741e-01	3.981071705534972e-01
93	3.854932783474606e-01	3.890451449942806e-01
103	3.759833158769339e-01	3.801893963205612e-01
108	3.713272007093630e-01	3.715352290971726e-01
118	3.622082538421973e-01	3.630780547701014e-01
128	3.533414068796015e-01	3.548133892335755e-01
138	3.447202942829146e-01	3.467368504525316e-01
148	3.363389567012161e-01	3.388441561392025e-01
158	3.281918253003557e-01	3.311311214825911e-01
168	3.202737006888151e-01	3.235936569296283e-01
178	3.125797373020033e-01	3.162277660168379e-01
183	3.088153949906062e-01	3.090295432513591e-01
193	3.014493222291408e-01	3.019951720402016e-01
203	2.942967375176225e-01	2.951209226666385e-01
213	2.873539030137304e-01	2.884031503126606e-01
223	2.806173630923731e-01	2.818382931264454e-01
233	2.740839273839365e-01	2.754228703338166e-01
243	2.677506571999014e-01	2.691534803926916e-01
253	2.616148508472484e-01	2.630267991895382e-01
263	2.556740302090191e-01	2.570395782768864e-01
273	2.499259277329050e-01	2.511886431509580e-01
283	2.443684727593332e-01	2.454708915685030e-01
293	2.389997822454960e-01	2.398832919019490e-01
303	2.338181424893770e-01	2.344228815319922e-01
313	2.275199129048743e-01	2.290867652767773e-01
333	2.213400388567333e-01	2.238721138568339e-01
353	2.160345215571654e-01	2.187761623949552e-01
373	2.115196912239397e-01	2.137962089502232e-01
388	2.079658522629056e-01	2.089296130854039e-01
428	2.020927157963097e-01	2.041737944669530e-01
468	1.983375606781915e-01	1.995262314968880e-01
1238	1.928443321769951e-01	1.949844599758045e-01
1268	1.831947371669077e-01	1.862087136662867e-01
1274	1.738311730329922e-01	1.778279410038923e-01
1286	1.647543288230919e-01	1.659586907437560e-01
1316	1.559611326231518e-01	1.584893192461113e-01
1329	1.474596385649960e-01	1.479108388168208e-01
1335	1.392464286404241e-01	1.412537544622754e-01
1347	1.313215708833126e-01	1.318256738556407e-01
1377	1.236802739796233e-01	1.258925411794167e-01
1383	1.163312831995587e-01	1.174897554939529e-01
1389	1.092693417963371e-01	1.096478196143185e-01
1402	1.024935098540922e-01	1.047128548050900e-01
1408	9.600257707302262e-02	9.772372209558107e-02
1420	8.979505016816636e-02	9.120108393559097e-02
1450	8.386350303816315e-02	8.511380382023763e-02
1456	7.821714842879268e-02	7.943282347242814e-02
1469	7.284798994185748e-02	7.413102413009177e-02
1475	6.775336627694006e-02	6.918309709189366e-02
1487	6.293029440509790e-02	6.309573444801933e-02
1502	5.837539661959901e-02	5.888436553555890e-02
1508	5.408508781427002e-02	5.495408738576246e-02
1520	5.005538889449646e-02	5.011872336272722e-02
1551	4.627567842967972e-02	4.677351412871981e-02
1557	4.275369219059888e-02	4.365158322401658e-02
1563	3.947815403463928e-02	3.981071705534973e-02
1569	3.644360773122213e-02	3.715352290971726e-02
1581	3.364423190335963e-02	3.388441561392026e-02
1617	3.106815997454937e-02	3.162277660168379e-02
1629	2.871989655596874e-02	2.884031503126606e-02
1659	2.658158324553883e-02	2.691534803926915e-02
1665	2.465620522195044e-02	2.511886431509579e-02
1671	2.293059241277040e-02	2.344228815319923e-02
1677	2.139637149111862e-02	2.187761623949553e-02
1683	2.004471482557957e-02	2.041737944669529e-02
1689	1.886633102745217e-02	1.905460717963247e-02
1695	1.785145548133615e-02	1.819700858609984e-02
1701	1.698984086547894e-02	1.737800828749375e-02
1707	1.627074765817893e-02	1.659586907437561e-02
1713	1.568293463655801e-02	1.584893192461113e-02
1719	1.521464936559147e-02	1.548816618912481e-02
1733	1.485362341359009e-02	1.513561248436208e-02
1739	1.458704984776948e-02	1.479108388168207e-02
1751	1.440157476962300e-02	1.445439770745927e-02
2269	1.383875559313996e-02	1.412537544622754e-02
2299	1.353418266148487e-02	1.380384264602885e-02
2347	1.323411483666870e-02	1.348962882591653e-02
2367	1.293847982401586e-02	1.318256738556407e-02
2394	1.264721663414103e-02	1.288249551693134e-02
2430	1.236024179912343e-02	1.258925411794167e-02
2466	1.207753705470604e-02	1.230268770812382e-02
2514	1.179901564436503e-02	1.202264434617413e-02
2601	1.152466047537148e-02	1.174897554939530e-02
2649	1.125438637427700e-02	1.148153621496883e-02
2676	1.098816574645201e-02	1.122018454301964e-02
2714	1.072596619559063e-02	1.096478196143185e-02
2737	1.046773180977467e-02	1.047128548050900e-02
2826	1.021342668389313e-02	1.023292992280754e-02
2859	9.963011495372265e-03	1.000000000000000e-02
2892	9.716459290385338e-03	9.772372209558112e-03
2956	9.473726338898314e-03	9.549925860214359e-03
3067	9.234796572019421e-03	9.332543007969915e-03
3246	8.999627695413737e-03	9.120108393559097e-03
3405	8.768196144090079e-03	8.912509381337459e-03
3439	8.540485086530269e-03	8.709635899560805e-03
3504	8.316453552431713e-03	8.317637711026709e-03
3539	8.096104653251945e-03	8.128305161640995e-03
3574	7.879395986354010e-03	7.943282347242814e-03
3654	7.666313303609340e-03	7.762471166286920e-03
3694	7.456842760544369e-03	7.585775750291836e-03
3799	7.250967243996542e-03	7.413102413009177e-03
3899	7.048669664979967e-03	7.079457843841380e-03
3954	6.849941270983817e-03	6.918309709189363e-03
3994	6.654772318365532e-03	6.760829753919818e-03
4028	6.463141869743061e-03	6.606934480075957e-03
4084	6.275056354787201e-03	6.309573444801930e-03
4187	6.090496694763026e-03	6.165950018614822e-03
4228	5.909468761224335e-03	6.025595860743574e-03
4299	5.731955829542112e-03	5.754399373371567e-03
4370	5.557959188409622e-03	5.623413251903491e-03
4496	5.387480866034910e-03	5.495408738576248e-03
4527	5.220529982819744e-03	5.248074602497728e-03
4582	5.057097745547634e-03	5.128613839913648e-03
4618	4.897187051900564e-03	4.897788193684461e-03
4689	4.740813593607895e-03	4.786300923226385e-03
4714	4.587976492681056e-03	4.677351412871981e-03
4776	4.438703815408673e-03	4.466835921509630e-03
4843	4.292988366070172e-03	4.365158322401661e-03
5020	4.150859108803084e-03	4.168693834703355e-03
5087	4.012331620488641e-03	4.073802778041126e-03
5219	3.877430286111871e-03	3.890451449942805e-03
5245	3.746186362254877e-03	3.801893963205613e-03
5347	3.618618535234486e-03	3.630780547701014e-03
5389	3.494780083355020e-03	3.548133892335753e-03
5427	3.374716772795883e-03	3.388441561392024e-03
5480	3.258480451267642e-03	3.311311214825911e-03
5507	3.146139042971674e-03	3.162277660168379e-03
5545	3.037783532193639e-03	3.090295432513592e-03
5583	2.933518649083200e-03	2.951209226666387e-03
5617	2.833491787054943e-03	2.884031503126605e-03
5661	2.737896509640958e-03	2.754228703338166e-03
5695	2.647009099820519e-03	2.691534803926917e-03
5734	2.561240519012298e-03	2.570395782768865e-03
5774	2.481232482240858e-03	2.511886431509579e-03
5814	2.408057702190991e-03	2.454708915685031e-03
5854	2.343575867313263e-03	2.344228815319923e-03
5911	2.290852042887370e-03	2.290867652767772e-03
5977	2.234551607756430e-03	2.238721138568340e-03
11995	2.185903307636239e-03	2.187761623949552e-03
13118	2.135224100571209e-03	2.137962089502233e-03
13516	2.089042881254666e-03	2.089296130854039e-03
13581	2.040137632822625e-03	2.041737944669530e-03
13941	1.993995233174006e-03	1.995262314968879e-03
13943	1.941852084522133e-03	1.949844599758046e-03
13945	1.894509552710866e-03	1.905460717963246e-03
13947	1.842770114223735e-03	1.862087136662868e-03
13948	1.816979255710449e-03	1.819700858609983e-03
13950	1.765810937491286e-03	1.778279410038923e-03
13952	1.732739680966544e-03	1.737800828749376e-03
13954	1.691165336617395e-03	1.698243652461744e-03
13956	1.655919814349427e-03	1.659586907437561e-03
13959	1.612342349221807e-03	1.621810097358930e-03
13961	1.569676132127662e-03	1.584893192461114e-03
13963	1.528246056908156e-03	1.548816618912481e-03
13964	1.506245112510851e-03	1.513561248436209e-03
13967	1.459120016912285e-03	1.479108388168207e-03
13968	1.438354488656146e-03	1.445439770745928e-03
13970	1.407517113681145e-03	1.412537544622754e-03
13972	1.376018943587187e-03	1.380384264602885e-03
13974	1.346835094066856e-03	1.348962882591653e-03
13977	1.305542500669832e-03	1.318256738556408e-03
13979	1.277644796672361e-03	1.288249551693134e-03
13982	1.246910938573986e-03	1.258925411794167e-03
13984	1.221141613904297e-03	1.230268770812381e-03
13987	1.201182838966863e-03	1.202264434617413e-03
13991	1.173597943084026e-03	1.174897554939529e-03
13996	1.144759263462025e-03	1.148153621496883e-03
14000	1.118915819151578e-03	1.122018454301963e-03
14004	1.094283861608036e-03	1.096478196143185e-03
14008	1.068645259980960e-03	1.071519305237606e-03
14012	1.043186855283706e-03	1.047128548050900e-03
14016	1.020846535678355e-03	1.023292992280754e-03
14020	9.972276508724010e-04	1.000000000000000e-03
14024	9.743643916098055e-04	9.772372209558111e-04
14028	9.496202439172041e-04	9.549925860214359e-04
14031	9.326514041924083e-04	9.332543007969915e-04
14035	9.095888897923121e-04	9.120108393559096e-04
14039	8.879426092150977e-04	8.912509381337459e-04
14043	8.660150598174265e-04	8.709635899560805e-04
14046	8.500132492721413e-04	8.511380382023768e-04
14051	8.307605021253828e-04	8.317637711026709e-04
14055	8.126971447510734e-04	8.128305161640995e-04
14060	7.903009629433022e-04	7.943282347242813e-04
14064	7.750904917155355e-04	7.762471166286919e-04
14069	7.556020606519498e-04	7.585775750291835e-04
14074	7.388951460138848e-04	7.413102413009177e-04
14079	7.216287943633271e-04	7.244359600749898e-04
14084	7.068923511579506e-04	7.079457843841380e-04
14090	6.900135698970633e-04	6.918309709189362e-04
14096	6.750373289925449e-04	6.760829753919819e-04
14105	6.587670678840363e-04	6.606934480075957e-04
14214	6.441016189960846e-04	6.456542290346556e-04
14274	6.295529665918398e-04	6.309573444801930e-04
14283	6.153836988113115e-04	6.165950018614823e-04
14292	6.010019384933285e-04	6.025595860743575e-04
14300	5.883061793411359e-04	5.888436553555889e-04
14309	5.752031689864046e-04	5.754399373371566e-04
14318	5.614834789151590e-04	5.623413251903491e-04
14368	5.480294273512154e-04	5.495408738576248e-04
14376	5.359711511837562e-04	5.370317963702527e-04
14384	5.243666372221067e-04	5.248074602497728e-04
14393	5.118186545062242e-04	5.128613839913648e-04
14432	5.006783909573542e-04	5.011872336272725e-04
14441	4.885721677999610e-04	4.897788193684461e-04
14451	4.774203059247917e-04	4.786300923226385e-04
14460	4.674397464131674e-04	4.677351412871981e-04
14624	4.565993594108919e-04	4.570881896148752e-04
14683	4.461293569046898e-04	4.466835921509630e-04
14692	4.363711490953381e-04	4.365158322401661e-04
14751	4.264620073821668e-04	4.265795188015926e-04
14890	4.166936887858297e-04	4.168693834703355e-04
15076	4.065073174902567e-04	4.073802778041126e-04
15256	3.979988496412012e-04	3.981071705534974e-04
15822	3.887752779259124e-04	3.890451449942805e-04
16094	3.801787654269528e-04	3.801893963205612e-04
16769	3.713583208978521e-04	3.715352290971724e-04
17179	3.625520966893392e-04	3.630780547701014e-04
17628	3.541976013627934e-04	3.548133892335753e-04
17700	3.463248266795116e-04	3.467368504525317e-04
17744	3.388419226502126e-04	3.388441561392024e-04
17850	3.307523822145830e-04	3.311311214825911e-04
18050	3.235606329268226e-04	3.235936569296281e-04
18069	3.159431525230350e-04	3.162277660168379e-04
18087	3.088249138685217e-04	3.090295432513592e-04
18105	3.016837245101156e-04	3.019951720402016e-04
18122	2.949983475846185e-04	2.951209226666387e-04
18183	2.880478993234625e-04	2.884031503126605e-04
18322	2.815160018976304e-04	2.818382931264455e-04
18345	2.751182578020206e-04	2.754228703338166e-04
18449	2.687923682672677e-04	2.691534803926917e-04
18510	2.627108878116013e-04	2.630267991895381e-04
18527	2.568333856979299e-04	2.570395782768865e-04
18583	2.510620025257815e-04	2.511886431509580e-04
18634	2.452011013241995e-04	2.454708915685031e-04
18653	2.397876064412774e-04	2.398832919019490e-04
18737	2.342479099219918e-04	2.344228815319923e-04
18783	2.289356317188851e-04	2.290867652767772e-04
18884	2.236174669730806e-04	2.238721138568340e-04
19008	2.186361132338055e-04	2.187761623949552e-04
19106	2.137418963991111e-04	2.137962089502232e-04
19449	2.087380907469516e-04	2.089296130854039e-04
20050	2.040653668732295e-04	2.041737944669530e-04
20518	1.993207302588562e-04	1.995262314968879e-04
21262	1.948946749025238e-04	1.949844599758046e-04
21994	1.904670034842404e-04	1.905460717963246e-04
22590	1.861947083167115e-04	1.862087136662868e-04
22984	1.819663502696800e-04	1.819700858609983e-04
23119	1.778228878716037e-04	1.778279410038923e-04
23286	1.737618550862186e-04	1.737800828749376e-04
23419	1.697670346673119e-04	1.698243652461744e-04
23615	1.659096309009067e-04	1.659586907437562e-04
23860	1.620850532553231e-04	1.621810097358930e-04
23896	1.584819323606768e-04	1.584893192461114e-04
23933	1.548116542159361e-04	1.548816618912481e-04
23968	1.513455109849460e-04	1.513561248436209e-04
24024	1.479100814455458e-04	1.479108388168207e-04
24059	1.445297073449092e-04	1.445439770745928e-04
24182	1.412129970503884e-04	1.412537544622754e-04
24255	1.379849411065059e-04	1.380384264602885e-04
24326	1.348691190491413e-04	1.348962882591653e-04
24435	1.317535192864039e-04	1.318256738556407e-04
24501	1.288160974587393e-04	1.288249551693134e-04
24623	1.258622583907298e-04	1.258925411794167e-04
24784	1.229557761509570e-04	1.230268770812381e-04
24887	1.201604401684930e-04	1.202264434617413e-04
25111	1.174843858408048e-04	1.174897554939529e-04
25337	1.147697131800296e-04	1.148153621496883e-04
25455	1.121909549078870e-04	1.122018454301963e-04
25914	1.096036706977888e-04	1.096478196143185e-04
26119	1.071501382768902e-04	1.071519305237606e-04
26727	1.046622518953155e-04	1.047128548050900e-04
27341	1.023091293752554e-04	1.023292992280754e-04
28003	9.995024456344037e-05	1.000000000000000e-04
28804	9.770153118526803e-05	9.772372209558111e-05
29362	9.549414201204254e-05	9.549925860214369e-05
29915	9.331926243383304e-05	9.332543007969905e-05
30134	9.118164355248481e-05	9.120108393559096e-05
30202	8.910767008230014e-05	8.912509381337459e-05
30534	8.707081210923562e-05	8.709635899560814e-05
30768	8.508873899082392e-05	8.511380382023759e-05
31276	8.317310793171107e-05	8.317637711026709e-05
31807	8.126117583506787e-05	8.128305161640995e-05
31881	7.941063028893414e-05	7.943282347242822e-05
31988	7.762160643542959e-05	7.762471166286911e-05
32085	7.584028579110669e-05	7.585775750291836e-05
32155	7.412375855753162e-05	7.413102413009176e-05
32328	7.243026350234327e-05	7.244359600749906e-05
32632	7.078975539331900e-05	7.079457843841373e-05
32829	6.916288956015926e-05	6.918309709189363e-05
33080	6.760622738999356e-05	6.760829753919819e-05
33317	6.604979000623956e-05	6.606934480075965e-05
33535	6.455600169807951e-05	6.456542290346549e-05
33748	6.308054258596929e-05	6.309573444801929e-05
33979	6.164196678326572e-05	6.165950018614822e-05
34128	6.024754980382685e-05	6.025595860743581e-05
34520	5.887899019807463e-05	5.888436553555884e-05
34773	5.753859389179272e-05	5.754399373371566e-05
34985	5.622752132494746e-05	5.623413251903491e-05
35336	5.495016010059750e-05	5.495408738576248e-05
35798	5.370035542140439e-05	5.370317963702532e-05
36552	5.246962951821477e-05	5.248074602497723e-05
37206	5.127764561474457e-05	5.128613839913648e-05
37764	5.011396804477375e-05	5.011872336272725e-05
38417	4.897371564716035e-05	4.897788193684466e-05
38692	4.785733317291818e-05	4.786300923226380e-05
38966	4.676786754742590e-05	4.677351412871981e-05
39148	4.570424168559573e-05	4.570881896148752e-05
39262	4.465915517160024e-05	4.466835921509635e-05
39663	4.365073861956059e-05	4.365158322401657e-05
40066	4.265609831233252e-05	4.265795188015926e-05
40992	4.168590819109141e-05	4.168693834703355e-05
42041	4.073718004204974e-05	4.073802778041130e-05
42190	3.980566078964909e-05	3.981071705534969e-05
42381	3.890376922421890e-05	3.890451449942805e-05
42566	3.801279441473238e-05	3.801893963205612e-05
42753	3.714781450425697e-05	3.715352290971728e-05
42967	3.630550978683811e-05	3.630780547701010e-05
43274	3.547882031784688e-05	3.548133892335753e-05
43554	3.466926821393823e-05	3.467368504525317e-05
43965	3.388162473083600e-05	3.388441561392028e-05
44290	3.311218334856036e-05	3.311311214825908e-05
44619	3.235714940752477e-05	3.235936569296281e-05
44839	3.162217764896003e-05	3.162277660168380e-05
45129	3.089904198683158e-05	3.090295432513592e-05
45317	3.019905537515744e-05	3.019951720402019e-05
45802	2.951128468009490e-05	2.951209226666384e-05
46273	2.883740137249458e-05	2.884031503126606e-05
46592	2.818081157163199e-05	2.818382931264455e-05
46988	2.754119256120902e-05	2.754228703338169e-05
47381	2.691358077600015e-05	2.691534803926914e-05
47815	2.629996884595531e-05	2.630267991895381e-05
48279	2.570283735925383e-05	2.570395782768864e-05
48609	2.511634932356177e-05	2.511886431509582e-05
49004	2.454579539423740e-05	2.454708915685029e-05
49245	2.398755731125579e-05	2.398832919019490e-05
49576	2.344031842627103e-05	2.344228815319923e-05
49878	2.290650633685054e-05	2.290867652767775e-05
50064	2.238476485993957e-05	2.238721138568338e-05
50490	2.187602955849854e-05	2.187761623949552e-05
51134	2.137831040971427e-05	2.137962089502232e-05
52346	2.089278372507941e-05	2.089296130854041e-05
54256	2.041630675875261e-05	2.041737944669527e-05
54577	1.995197196902332e-05	1.995262314968879e-05
54889	1.949729584282966e-05	1.949844599758046e-05
55232	1.905434189131139e-05	1.905460717963248e-05
55588	1.861967156147060e-05	1.862087136662866e-05
55908	1.819590839990948e-05	1.819700858609983e-05
56290	1.778171072186474e-05	1.778279410038923e-05
56645	1.737743441398987e-05	1.737800828749376e-05
57090	1.698211735623456e-05	1.698243652461746e-05
57468	1.659576038937072e-05	1.659586907437560e-05
57873	1.621750170388570e-05	1.621810097358930e-05
58275	1.584762978878995e-05	1.584893192461114e-05
58585	1.548777663784584e-05	1.548816618912483e-05
58883	1.513521837381848e-05	1.513561248436207e-05
59397	1.479006161808627e-05	1.479108388168207e-05
59820	1.445344189920927e-05	1.445439770745928e-05
60225	1.412483851803703e-05	1.412537544622755e-05
60588	1.380331544842406e-05	1.380384264602884e-05
60935	1.348947342560969e-05	1.348962882591653e-05
61297	1.318238219805146e-05	1.318256738556407e-05
61704	1.288246462705089e-05	1.288249551693135e-05
62162	1.258902968981346e-05	1.258925411794166e-05
62595	1.230267755458758e-05	1.230268770812381e-05
63030	1.202232132879733e-05	1.202264434617413e-05
63526	1.174869041975501e-05	1.174897554939530e-05
64001	1.148087026892064e-05	1.148153621496882e-05
64386	1.121985915353285e-05	1.122018454301963e-05
64877	1.096454418458848e-05	1.096478196143185e-05
65466	1.071473101954545e-05	1.071519305237607e-05
66550	1.047080302496450e-05	1.047128548050899e-05
68570	1.023270651490105e-05	1.023292992280754e-05
87370	9.999877342403707e-06	1.000000000000000e-05
88581	9.772306727273694e-06	9.772372209558111e-06
89802	9.549827865718008e-06	9.549925860214369e-06
90724	9.332329418576535e-06	9.332543007969906e-06
91833	9.120044449861808e-06	9.120108393559096e-06
93012	8.912294249263653e-06	8.912509381337459e-06
93833	8.709524611960617e-06	8.709635899560814e-06
94783	8.511211514572459e-06	8.511380382023760e-06
95831	8.317543973346275e-06	8.317637711026709e-06
97166	8.128235033710851e-06	8.128305161640995e-06
98508	7.943166285606651e-06	7.943282347242822e-06
99627	7.762410066392000e-06	7.762471166286911e-06
100744	7.585712213709073e-06	7.585775750291836e-06
101823	7.412909914128463e-06	7.413102413009177e-06
102957	7.244303358522330e-06	7.244359600749906e-06
103810	7.079327461245732e-06	7.079457843841373e-06
104555	6.918110016629342e-06	6.918309709189363e-06
105493	6.760723307852601e-06	6.760829753919819e-06
106240	6.606911918893843e-06	6.606934480075964e-06
106991	6.456417344868903e-06	6.456542290346549e-06
107738	6.309407853954951e-06	6.309573444801930e-06
108506	6.165884410713751e-06	6.165950018614822e-06
109262	6.025533695108720e-06	6.025595860743581e-06
110077	5.888364761341691e-06	5.888436553555884e-06
110847	5.754391394052760e-06	5.754399373371567e-06
111610	5.623381804764627e-06	5.623413251903491e-06
112385	5.495347751294233e-06	5.495408738576248e-06
113214	5.370100154777901e-06	5.370317963702533e-06
114045	5.248045826800052e-06	5.248074602497723e-06
114947	5.128526592290683e-06	5.128613839913648e-06
200000	5.088046397316859e-06	5.128613839913648e-06
%
% index = 529, name = bbob_f013_i11_d02__bbob_f014_i12_d02
% instance = 5, reference value = 7.714623685932070e-01
% function evaluation | indicator value | target hit
1	5.364216672429663e+00	5.370317963702527e+00
22	5.160644345222550e+00	5.248074602497725e+00
23	4.962929623411619e+00	5.011872336272722e+00
28	4.741399400637269e+00	4.786300923226384e+00
33	4.349253656931793e+00	4.365158322401660e+00
38	3.983738384293117e+00	4.073802778041127e+00
43	3.644471349798052e+00	3.715352290971725e+00
48	3.331181165710685e+00	3.388441561392026e+00
53	3.043737504319310e+00	3.090295432513591e+00
58	2.782186537725467e+00	2.818382931264454e+00
63	2.546787480445968e+00	2.570395782768863e+00
68	2.338038668606973e+00	2.344228815319922e+00
73	2.156667512817807e+00	2.187761623949553e+00
78	2.003537433512383e+00	2.041737944669529e+00
83	1.879406902033752e+00	1.905460717963247e+00
88	1.784495209284553e+00	1.819700858609983e+00
93	1.717918213872449e+00	1.737800828749375e+00
98	1.676013052960707e+00	1.698243652461744e+00
103	1.639668169294207e+00	1.659586907437561e+00
108	1.603376753828707e+00	1.621810097358930e+00
113	1.567133772358207e+00	1.584893192461114e+00
118	1.530933263639207e+00	1.548816618912481e+00
123	1.494767813882207e+00	1.513561248436208e+00
128	1.458627700227707e+00	1.479108388168207e+00
133	1.422499490461707e+00	1.445439770745927e+00
138	1.386363714377707e+00	1.412537544622754e+00
143	1.350190977724207e+00	1.380384264602885e+00
148	1.313935661542207e+00	1.318256738556407e+00
153	1.277526890339707e+00	1.288249551693134e+00
158	1.240861572081207e+00	1.258925411794167e+00
163	1.203829736141207e+00	1.230268770812382e+00
168	1.166476961359707e+00	1.174897554939530e+00
173	1.129344180856707e+00	1.148153621496883e+00
178	1.093224550020707e+00	1.096478196143185e+00
183	1.058321231014707e+00	1.071519305237606e+00
188	1.024393171851207e+00	1.047128548050900e+00
193	9.911559804607070e-01	1.000000000000000e+00
198	9.583896998732070e-01	9.772372209558107e-01
203	9.259388090227071e-01	9.332543007969910e-01
208	8.936979229097070e-01	9.120108393559098e-01
213	8.615999366257071e-01	8.709635899560807e-01
218	8.296066642802070e-01	8.317637711026710e-01
223	7.977000564847071e-01	8.128305161640993e-01
228	7.659066637106903e-01	7.762471166286917e-01
233	7.341430712354005e-01	7.413102413009175e-01
238	7.028914114335379e-01	7.079457843841379e-01
243	6.901180545104015e-01	6.918309709189365e-01
248	6.728315976631135e-01	6.760829753919817e-01
258	6.605505666509843e-01	6.606934480075960e-01
448	6.336177025311539e-01	6.456542290346555e-01
481	6.067757179305894e-01	6.165950018614822e-01
520	5.709343238910337e-01	5.754399373371569e-01
560	5.386527140058156e-01	5.495408738576245e-01
600	5.104374649441030e-01	5.128613839913648e-01
635	4.849603005264679e-01	4.897788193684462e-01
668	4.613799635422545e-01	4.677351412871982e-01
702	4.392555455407224e-01	4.466835921509631e-01
734	4.183233672707715e-01	4.265795188015927e-01
766	3.984070966595470e-01	4.073802778041127e-01
797	3.793785452859391e-01	3.801893963205612e-01
824	3.611379024943825e-01	3.630780547701014e-01
850	3.436025367417285e-01	3.467368504525316e-01
873	3.267005696871606e-01	3.311311214825911e-01
897	3.103666131601533e-01	3.162277660168379e-01
923	2.945388760663307e-01	2.951209226666385e-01
949	2.791568673252670e-01	2.818382931264454e-01
977	2.641603781712294e-01	2.691534803926916e-01
1004	2.494878995651824e-01	2.511886431509580e-01
1032	2.350762078664760e-01	2.398832919019490e-01
1060	2.208597339734303e-01	2.238721138568339e-01
1088	2.067709724925131e-01	2.089296130854039e-01
1121	1.927410885865083e-01	1.949844599758045e-01
1155	1.787018558846912e-01	1.819700858609984e-01
1188	1.645893771100028e-01	1.659586907437560e-01
1221	1.503491659633861e-01	1.513561248436208e-01
1254	1.359450053126313e-01	1.380384264602885e-01
1288	1.213704502117920e-01	1.230268770812381e-01
1322	1.066639079259704e-01	1.071519305237607e-01
1357	9.192617509968859e-02	9.332543007969910e-02
1392	7.733749369265519e-02	7.762471166286916e-02
1425	6.316896700115915e-02	6.456542290346556e-02
1458	4.978541581972618e-02	5.011872336272722e-02
1491	3.763494507608234e-02	3.801893963205612e-02
1524	2.722870662198484e-02	2.754228703338166e-02
1557	1.911595937923805e-02	1.949844599758046e-02
1586	1.414313448284499e-02	1.445439770745927e-02
1599	1.412505934705133e-02	1.412537544622754e-02
1608	1.333746868187935e-02	1.348962882591653e-02
1609	1.268441473481441e-02	1.288249551693134e-02
1610	1.236606131025242e-02	1.258925411794167e-02
1611	1.229086889860631e-02	1.230268770812382e-02
12740	1.201424757014447e-02	1.202264434617413e-02
14325	1.169182167735472e-02	1.174897554939530e-02
14349	1.146097649634636e-02	1.148153621496883e-02
14374	1.088012362978330e-02	1.096478196143185e-02
14399	1.039366446138246e-02	1.047128548050900e-02
14425	9.991749986945631e-03	1.000000000000000e-02
14450	9.663265486523853e-03	9.772372209558112e-03
14480	9.396597618413494e-03	9.549925860214359e-03
14505	9.180499028364264e-03	9.332543007969915e-03
14552	9.095370039185147e-03	9.120108393559097e-03
14600	8.863724575131404e-03	8.912509381337459e-03
14622	8.698496542166145e-03	8.709635899560805e-03
14673	8.407556623755252e-03	8.511380382023767e-03
14699	8.267177595720931e-03	8.317637711026709e-03
14745	8.024550451715906e-03	8.128305161640995e-03
14771	7.907003161032877e-03	7.943282347242814e-03
14817	7.704531901681189e-03	7.762471166286920e-03
14867	7.520814827661759e-03	7.585775750291836e-03
14916	7.358455792023211e-03	7.413102413009177e-03
14971	7.211239042516970e-03	7.244359600749898e-03
15025	7.076790043467063e-03	7.079457843841380e-03
15103	6.891176161044954e-03	6.918309709189363e-03
15179	6.728568020601733e-03	6.760829753919818e-03
15253	6.580491484688422e-03	6.606934480075957e-03
15361	6.454956710424065e-03	6.456542290346556e-03
15450	6.279652890001985e-03	6.309573444801930e-03
15532	6.134715385170519e-03	6.165950018614822e-03
15598	6.012791578486776e-03	6.025595860743574e-03
15692	5.862341019031825e-03	5.888436553555890e-03
15782	5.721247058164236e-03	5.754399373371567e-03
15878	5.595383215461713e-03	5.623413251903491e-03
15969	5.477927057611298e-03	5.495408738576248e-03
16079	5.351550145998862e-03	5.370317963702527e-03
16193	5.235450112734408e-03	5.248074602497728e-03
16335	5.114037948900640e-03	5.128613839913648e-03
16481	5.011120057615392e-03	5.011872336272725e-03
16663	4.888682643767739e-03	4.897788193684461e-03
16844	4.782364073103396e-03	4.786300923226385e-03
17097	4.668960405356470e-03	4.677351412871981e-03
17299	4.565028769931700e-03	4.570881896148752e-03
17493	4.465984731421679e-03	4.466835921509630e-03
17722	4.357651205140645e-03	4.365158322401661e-03
17949	4.259935924222469e-03	4.265795188015926e-03
18206	4.168030215100149e-03	4.168693834703355e-03
18517	4.068023327153392e-03	4.073802778041126e-03
18855	3.978083661423826e-03	3.981071705534973e-03
19284	3.887654525528417e-03	3.890451449942805e-03
19797	3.799153626166230e-03	3.801893963205613e-03
20370	3.715131651977455e-03	3.715352290971724e-03
20938	3.630519154161127e-03	3.630780547701014e-03
21509	3.547766298456989e-03	3.548133892335753e-03
22235	3.466314513809632e-03	3.467368504525317e-03
23118	3.387515736330782e-03	3.388441561392024e-03
24325	3.310768463628322e-03	3.311311214825911e-03
25901	3.235551061604225e-03	3.235936569296281e-03
27036	3.162047753075492e-03	3.162277660168379e-03
28609	3.090224217543347e-03	3.090295432513592e-03
30990	3.019712092350857e-03	3.019951720402016e-03
34660	2.951183727268547e-03	2.951209226666387e-03
37230	2.883937010157545e-03	2.884031503126605e-03
40865	2.818355880526591e-03	2.818382931264455e-03
48652	2.754227271633991e-03	2.754228703338166e-03
86610	2.676674704618409e-03	2.691534803926917e-03
86615	2.527071280641557e-03	2.570395782768865e-03
86620	2.301135807808330e-03	2.344228815319923e-03
86625	2.031278353262223e-03	2.041737944669530e-03
86630	1.744764457516368e-03	1.778279410038923e-03
86635	1.464157128741594e-03	1.479108388168207e-03
86640	1.207714047985475e-03	1.230268770812381e-03
86645	1.140163537438066e-03	1.148153621496883e-03
89440	1.070684515163900e-03	1.071519305237606e-03
89457	1.027264800491867e-03	1.047128548050900e-03
89458	9.753569756733027e-04	9.772372209558111e-04
89459	8.462494332102111e-04	8.511380382023768e-04
89460	7.636177169391134e-04	7.762471166286919e-04
89468	7.576131440364398e-04	7.585775750291835e-04
89495	7.301694266473868e-04	7.413102413009177e-04
89517	7.190416835984870e-04	7.244359600749898e-04
93456	6.806211579171162e-04	6.918309709189362e-04
93927	5.673133496750804e-04	5.754399373371566e-04
100547	5.317942256805042e-04	5.370317963702527e-04
103046	5.168359605751682e-04	5.248074602497728e-04
103051	4.636176288609350e-04	4.677351412871981e-04
103056	4.188670575551168e-04	4.265795188015926e-04
114397	4.118121564240518e-04	4.168693834703355e-04
114402	3.987586470880489e-04	4.073802778041126e-04
114420	3.788802039448314e-04	3.801893963205612e-04
114427	3.620405825842665e-04	3.630780547701014e-04
114438	3.494971393946944e-04	3.548133892335753e-04
114453	3.109115101640469e-04	3.162277660168379e-04
114454	2.952650956451475e-04	3.019951720402016e-04
114455	2.925242964981756e-04	2.951209226666387e-04
114475	2.777255696709835e-04	2.818382931264455e-04
114476	2.693205186532488e-04	2.754228703338166e-04
114477	2.668842964690388e-04	2.691534803926917e-04
114498	2.591112774643634e-04	2.630267991895381e-04
114499	2.556858690100361e-04	2.570395782768865e-04
114535	2.504179795257411e-04	2.511886431509580e-04
115012	2.387242783690180e-04	2.398832919019490e-04
115018	2.315783217219369e-04	2.344228815319923e-04
127271	2.207898254320551e-04	2.238721138568340e-04
130217	2.178073949856696e-04	2.187761623949552e-04
130560	2.112286376562134e-04	2.137962089502232e-04
133283	2.085188732925403e-04	2.089296130854039e-04
135678	2.041648837951549e-04	2.041737944669530e-04
140123	1.991560861155373e-04	1.995262314968879e-04
148001	1.949000987752081e-04	1.949844599758046e-04
162570	1.905459227795614e-04	1.905460717963246e-04
200000	1.871252907107435e-04	1.905460717963246e-04
%
% index = 530, name = bbob_f013_i13_d02__bbob_f014_i14_d02
% instance = 6, reference value = 9.337575116248770e-01
% function evaluation | indicator value | target hit
1	1.164929643325377e+00	1.174897554939530e+00
23	1.139332906184377e+00	1.148153621496883e+00
33	1.097023775490377e+00	1.122018454301963e+00
38	1.069573679976877e+00	1.071519305237606e+00
43	1.042188828143877e+00	1.047128548050900e+00
48	1.014867634836877e+00	1.023292992280754e+00
53	9.876078131553770e-01	1.000000000000000e+00
58	9.604066963323769e-01	9.772372209558107e-01
63	9.333059243698797e-01	9.549925860214360e-01
68	9.321289904935053e-01	9.332543007969910e-01
113	9.115672084761161e-01	9.120108393559098e-01
382	8.763710089647407e-01	8.912509381337456e-01
422	8.506083793204648e-01	8.511380382023764e-01
462	8.245015835006734e-01	8.317637711026710e-01
501	7.984103460571010e-01	8.128305161640993e-01
539	7.724412673176191e-01	7.762471166286917e-01
572	7.466233498753274e-01	7.585775750291838e-01
609	7.209655529090264e-01	7.244359600749900e-01
641	6.954700089122922e-01	7.079457843841379e-01
678	6.701362925034507e-01	6.760829753919817e-01
709	6.449630894766805e-01	6.456542290346555e-01
740	6.199487574980220e-01	6.309573444801932e-01
771	5.950916069990910e-01	6.025595860743578e-01
811	5.703900501558121e-01	5.754399373371569e-01
846	5.458425787741199e-01	5.495408738576245e-01
871	5.214477427343073e-01	5.248074602497725e-01
900	4.972043048187266e-01	5.011872336272722e-01
929	4.731109927572353e-01	4.786300923226383e-01
954	4.491667212333562e-01	4.570881896148750e-01
983	4.253704255967319e-01	4.265795188015927e-01
1012	4.017211219584915e-01	4.073802778041127e-01
1040	3.782179348368601e-01	3.801893963205612e-01
1069	3.548599167543011e-01	3.630780547701014e-01
1113	3.316462601194675e-01	3.388441561392025e-01
1142	3.085762014815244e-01	3.090295432513591e-01
1171	2.856489716668283e-01	2.884031503126606e-01
1215	2.628638008819121e-01	2.630267991895382e-01
1244	2.402200421489424e-01	2.454708915685030e-01
1272	2.177170200172649e-01	2.187761623949552e-01
1296	1.953540509681412e-01	1.995262314968880e-01
1320	1.731305139034843e-01	1.737800828749375e-01
1343	1.510457662430551e-01	1.513561248436208e-01
1367	1.290992472189966e-01	1.318256738556407e-01
1457	1.072903405326517e-01	1.096478196143185e-01
1490	8.561848886461676e-02	8.709635899560805e-02
1523	6.408310349365132e-02	6.456542290346556e-02
1551	4.268366150287284e-02	4.365158322401658e-02
1574	2.141959085942835e-02	2.187761623949553e-02
1602	1.270331044478223e-02	1.288249551693134e-02
1617	1.256068140819944e-02	1.258925411794167e-02
1619	1.213276052147749e-02	1.230268770812382e-02
1620	1.156212053647809e-02	1.174897554939530e-02
1621	1.042057044354705e-02	1.047128548050900e-02
1622	8.136390201055388e-03	8.317637711026709e-03
1623	8.125809178386123e-03	8.128305161640995e-03
1668	7.939828428193629e-03	7.943282347242814e-03
1670	7.512348451263251e-03	7.585775750291836e-03
1671	6.942296443135709e-03	7.079457843841380e-03
1732	6.912495417639830e-03	6.918309709189363e-03
1736	6.686785222436264e-03	6.760829753919818e-03
4731	6.441533191050786e-03	6.456542290346556e-03
4741	6.285966766027662e-03	6.309573444801930e-03
4766	5.611382149388056e-03	5.623413251903491e-03
4776	4.683681837915121e-03	4.786300923226385e-03
4786	3.635021018254969e-03	3.715352290971724e-03
4796	3.401121597657708e-03	3.467368504525317e-03
4806	3.176319166615427e-03	3.235936569296281e-03
4816	3.104577297743938e-03	3.162277660168379e-03
4841	2.928236630859504e-03	2.951209226666387e-03
5034	2.881659308682338e-03	2.884031503126605e-03
5643	2.799774545588107e-03	2.818382931264455e-03
5696	2.754067263165405e-03	2.754228703338166e-03
5784	2.685927458216719e-03	2.691534803926917e-03
5877	2.618206786635602e-03	2.630267991895381e-03
5958	2.550922897421537e-03	2.570395782768865e-03
6005	2.506344993620568e-03	2.511886431509579e-03
6071	2.439940266142360e-03	2.454708915685031e-03
6136	2.396061649124093e-03	2.398832919019490e-03
6224	2.330715326202326e-03	2.344228815319923e-03
6276	2.287363458136626e-03	2.290867652767772e-03
6368	2.222686219532588e-03	2.238721138568340e-03
6453	2.179891187850225e-03	2.187761623949552e-03
6521	2.135628817827806e-03	2.137962089502233e-03
6666	2.088824934344036e-03	2.089296130854039e-03
6916	2.037423007189676e-03	2.041737944669530e-03
7106	1.992171868396175e-03	1.995262314968879e-03
7331	1.947273856715559e-03	1.949844599758046e-03
7591	1.902818799102701e-03	1.905460717963246e-03
7791	1.858952783598267e-03	1.862087136662868e-03
8083	1.815534821999587e-03	1.819700858609983e-03
8270	1.777861771987466e-03	1.778279410038923e-03
8515	1.736617143521024e-03	1.737800828749376e-03
9056	1.697526345528888e-03	1.698243652461744e-03
9734	1.659242683797357e-03	1.659586907437561e-03
10372	1.621522598082459e-03	1.621810097358930e-03
10789	1.584540405737411e-03	1.584893192461114e-03
11123	1.548174229317967e-03	1.548816618912481e-03
12102	1.513215828813030e-03	1.513561248436209e-03
13577	1.478957950486248e-03	1.479108388168207e-03
14263	1.445411624379500e-03	1.445439770745928e-03
16070	1.412504188956887e-03	1.412537544622754e-03
17303	1.380339477167758e-03	1.380384264602885e-03
20350	1.348951418968958e-03	1.348962882591653e-03
81548	1.289748004872027e-03	1.318256738556408e-03
81558	1.134142175440944e-03	1.148153621496883e-03
81593	1.031976906404886e-03	1.047128548050900e-03
82436	1.014847741282798e-03	1.023292992280754e-03
82999	8.155585526177234e-04	8.317637711026709e-04
83012	7.804444844318192e-04	7.943282347242813e-04
83023	7.697121519292249e-04	7.762471166286919e-04
83098	5.814090040744402e-04	5.888436553555889e-04
83110	5.711718491713258e-04	5.754399373371566e-04
83155	5.591926651974388e-04	5.623413251903491e-04
83165	5.194773664629615e-04	5.248074602497728e-04
83212	5.091201893079322e-04	5.128613839913648e-04
83222	4.856366049661442e-04	4.897788193684461e-04
83269	4.543272049596370e-04	4.570881896148752e-04
83334	4.461915934251826e-04	4.466835921509630e-04
83369	4.347648105001989e-04	4.365158322401661e-04
83471	4.264953338056765e-04	4.265795188015926e-04
84138	4.163415847689977e-04	4.168693834703355e-04
92282	4.041674486222613e-04	4.073802778041126e-04
97981	3.543637208872630e-04	3.548133892335753e-04
99005	3.075335559952208e-04	3.090295432513592e-04
104613	2.839960664339225e-04	2.884031503126605e-04
104699	2.701617415582502e-04	2.754228703338166e-04
105336	2.678209298971890e-04	2.691534803926917e-04
108752	2.342809484698893e-04	2.344228815319923e-04
109556	2.258189447242875e-04	2.290867652767772e-04
113776	2.183888302674797e-04	2.187761623949552e-04
116112	2.127242316705136e-04	2.137962089502232e-04
116212	2.063636170706040e-04	2.089296130854039e-04
116302	2.033501673196492e-04	2.041737944669530e-04
116402	1.981051127730726e-04	1.995262314968879e-04
116502	1.947799852737297e-04	1.949844599758046e-04
116907	1.902547366402496e-04	1.905460717963246e-04
116978	1.857017110535875e-04	1.862087136662868e-04
117034	1.815159770596209e-04	1.819700858609983e-04
117089	1.776473758843267e-04	1.778279410038923e-04
117202	1.736637816324160e-04	1.737800828749376e-04
117336	1.697125637505348e-04	1.698243652461744e-04
117468	1.658840733482769e-04	1.659586907437562e-04
117600	1.620831211893714e-04	1.621810097358930e-04
117806	1.584528506188843e-04	1.584893192461114e-04
118118	1.548679658825991e-04	1.548816618912481e-04
118604	1.513380777635742e-04	1.513561248436209e-04
120079	1.479085737882135e-04	1.479108388168207e-04
124554	1.442614904724193e-04	1.445439770745928e-04
124578	1.299610265371731e-04	1.318256738556407e-04
124584	1.129960566162991e-04	1.148153621496883e-04
124706	1.056902543370430e-04	1.071519305237606e-04
124718	1.008865700997674e-04	1.023292992280754e-04
124731	8.641205849768685e-05	8.709635899560814e-05
124743	7.734270559056622e-05	7.762471166286911e-05
124756	7.463980051858332e-05	7.585775750291836e-05
124768	7.049790363866659e-05	7.079457843841373e-05
124823	6.749502951530761e-05	6.760829753919819e-05
124835	6.587156986648246e-05	6.606934480075965e-05
124854	6.341238797857862e-05	6.456542290346549e-05
124873	6.198846701011007e-05	6.309573444801929e-05
124994	5.878692391292351e-05	5.888436553555884e-05
124995	5.511540196578846e-05	5.623413251903491e-05
124996	5.200335331700945e-05	5.248074602497723e-05
124997	4.853761473111451e-05	4.897788193684466e-05
124998	4.547023987211407e-05	4.570881896148752e-05
124999	4.271131698940778e-05	4.365158322401657e-05
125000	4.180766706229910e-05	4.265795188015926e-05
125001	3.997165908176115e-05	4.073802778041130e-05
125002	3.843456911845067e-05	3.890451449942805e-05
125003	3.732923665544785e-05	3.801893963205612e-05
125004	3.647324260891427e-05	3.715352290971728e-05
125005	3.557023562150707e-05	3.630780547701010e-05
125006	3.466963713805171e-05	3.467368504525317e-05
125008	3.305006897835749e-05	3.311311214825908e-05
125009	3.217452553638811e-05	3.235936569296281e-05
125010	3.132375363645856e-05	3.162277660168380e-05
125011	3.050401883841758e-05	3.090295432513592e-05
125012	2.972219410857235e-05	3.019951720402019e-05
125013	2.936815765230971e-05	2.951209226666384e-05
125014	2.867334424772050e-05	2.884031503126606e-05
125015	2.798549426419328e-05	2.818382931264455e-05
125016	2.735201704773260e-05	2.754228703338169e-05
125018	2.647188566973213e-05	2.691534803926914e-05
125019	2.594790900312116e-05	2.630267991895381e-05
125020	2.549628214199018e-05	2.570395782768864e-05
125021	2.505475212111197e-05	2.511886431509582e-05
125023	2.417290313072584e-05	2.454708915685029e-05
125024	2.378198555852418e-05	2.398832919019490e-05
125026	2.325271431991016e-05	2.344228815319923e-05
125028	2.288501406677579e-05	2.290867652767775e-05
125031	2.221886261011274e-05	2.238721138568338e-05
125033	2.177678378023629e-05	2.187761623949552e-05
125035	2.133765168732538e-05	2.137962089502232e-05
125038	2.068791403342374e-05	2.089296130854041e-05
125040	2.025035035424505e-05	2.041737944669527e-05
125042	1.983256657045462e-05	1.995262314968879e-05
125044	1.943024654604830e-05	1.949844599758046e-05
125046	1.904682697995153e-05	1.905460717963248e-05
125049	1.852041811500893e-05	1.862087136662866e-05
125051	1.817741916643190e-05	1.819700858609983e-05
125054	1.772619377116147e-05	1.778279410038923e-05
125057	1.735616370790449e-05	1.737800828749376e-05
125061	1.689785894609663e-05	1.698243652461746e-05
125064	1.657345228922580e-05	1.659586907437560e-05
125068	1.615768469331869e-05	1.621810097358930e-05
125072	1.578001042379373e-05	1.584893192461114e-05
125077	1.543728259056909e-05	1.548816618912483e-05
125083	1.510675801141836e-05	1.513561248436207e-05
125089	1.477770962465819e-05	1.479108388168207e-05
125095	1.445184297776958e-05	1.445439770745928e-05
125102	1.407932488106667e-05	1.412537544622755e-05
125108	1.377293096449517e-05	1.380384264602884e-05
125115	1.345572510136339e-05	1.348962882591653e-05
125122	1.314637295535270e-05	1.318256738556407e-05
125129	1.287131042160272e-05	1.288249551693135e-05
125138	1.257121102082870e-05	1.258925411794166e-05
125148	1.228957695187383e-05	1.230268770812381e-05
200000	1.206431048861312e-05	1.230268770812381e-05
%
% index = 531, name = bbob_f013_i15_d02__bbob_f014_i16_d02
% instance = 7, reference value = 9.377782398624530e-01
% function evaluation | indicator value | target hit
1	1.074778237450945e+01	1.096478196143185e+01
18	1.069660511424645e+01	1.071519305237607e+01
21	1.034423852754395e+01	1.047128548050900e+01
22	9.954057375667952e+00	1.000000000000000e+01
23	9.213383936600954e+00	9.332543007969910e+00
28	8.420542073999453e+00	8.511380382023766e+00
49	8.186089967216454e+00	8.317637711026711e+00
54	6.877940828677954e+00	6.918309709189364e+00
75	5.795648894412953e+00	5.888436553555890e+00
96	5.593506360771953e+00	5.623413251903491e+00
101	4.649129072532453e+00	4.677351412871983e+00
122	3.860640854703953e+00	3.890451449942806e+00
143	3.184527267840953e+00	3.235936569296283e+00
159	3.159218338632453e+00	3.162277660168380e+00
164	2.605775420150453e+00	2.630267991895382e+00
180	2.564769764743953e+00	2.570395782768863e+00
185	2.109034712422453e+00	2.137962089502232e+00
201	2.054604899141953e+00	2.089296130854040e+00
206	1.679113015396453e+00	1.698243652461744e+00
222	1.614439217610453e+00	1.621810097358930e+00
227	1.301808275476453e+00	1.318256738556407e+00
232	1.274965727671453e+00	1.288249551693134e+00
237	1.184074734184953e+00	1.202264434617413e+00
242	1.093887846903453e+00	1.096478196143185e+00
247	8.865686238051248e-01	8.912509381337456e-01
263	7.247368460946780e-01	7.413102413009175e-01
264	7.133581066149591e-01	7.244359600749900e-01
274	6.754666270466695e-01	6.760829753919817e-01
279	6.085443788982641e-01	6.165950018614822e-01
284	4.529767512650684e-01	4.570881896148750e-01
289	4.243530208612242e-01	4.265795188015927e-01
294	3.434511486185315e-01	3.467368504525316e-01
299	3.010308409258413e-01	3.019951720402016e-01
304	1.721865695382235e-01	1.737800828749375e-01
309	1.593689264725131e-01	1.621810097358930e-01
314	1.489499970374988e-01	1.513561248436208e-01
412	1.469668721379040e-01	1.479108388168208e-01
454	1.414070193012463e-01	1.445439770745928e-01
478	1.394960275767868e-01	1.412537544622754e-01
496	1.354187838328955e-01	1.380384264602885e-01
502	7.646387247566677e-02	7.762471166286916e-02
503	7.372277251004400e-02	7.413102413009177e-02
722	7.158281099522945e-02	7.244359600749903e-02
748	7.006129229073976e-02	7.079457843841380e-02
780	3.659944640439439e-02	3.715352290971726e-02
798	3.616138451400153e-02	3.630780547701014e-02
820	2.270329724464493e-02	2.290867652767773e-02
836	2.223825216680930e-02	2.238721138568340e-02
837	2.179309972920807e-02	2.187761623949553e-02
838	2.097668400504649e-02	2.137962089502233e-02
839	1.975028193150108e-02	1.995262314968880e-02
840	1.899566487677651e-02	1.905460717963247e-02
855	1.859111532355018e-02	1.862087136662868e-02
876	1.627252625380460e-02	1.659586907437561e-02
890	1.619046639162836e-02	1.621810097358930e-02
893	1.562340023790521e-02	1.584893192461113e-02
894	1.504089231535910e-02	1.513561248436208e-02
901	1.477347895217895e-02	1.479108388168207e-02
964	1.442214055611413e-02	1.445439770745927e-02
1102	1.412041058987834e-02	1.412537544622754e-02
4364	1.356381307440635e-02	1.380384264602885e-02
4522	1.251865721624967e-02	1.258925411794167e-02
4532	1.070905411066125e-02	1.071519305237606e-02
4920	1.039116720033773e-02	1.047128548050900e-02
5143	9.758589527611328e-03	9.772372209558112e-03
5705	9.427920232983888e-03	9.549925860214359e-03
5710	9.313833174875441e-03	9.332543007969915e-03
6099	8.511232680745828e-03	8.511380382023767e-03
6131	7.386011259158609e-03	7.413102413009177e-03
6162	6.615515506593894e-03	6.760829753919818e-03
6197	6.126358820775835e-03	6.165950018614822e-03
6222	5.761745590262435e-03	5.888436553555890e-03
6251	5.464413002662649e-03	5.495408738576248e-03
6275	5.301341425762218e-03	5.370317963702527e-03
6304	5.056238966978044e-03	5.128613839913648e-03
6328	4.857124231002041e-03	4.897788193684461e-03
6351	4.680664742406360e-03	4.786300923226385e-03
6374	4.536081916046486e-03	4.570881896148752e-03
6397	4.409794740090178e-03	4.466835921509630e-03
6420	4.300010837087753e-03	4.365158322401661e-03
6443	4.205166551796147e-03	4.265795188015926e-03
6465	4.115306969022070e-03	4.168693834703355e-03
6491	4.035057720376489e-03	4.073802778041126e-03
6513	3.959456233512904e-03	3.981071705534973e-03
6556	3.864208257899682e-03	3.890451449942805e-03
6578	3.793717547952880e-03	3.801893963205613e-03
6621	3.697540630241192e-03	3.715352290971724e-03
6664	3.582067452681859e-03	3.630780547701014e-03
6706	3.517895534549176e-03	3.548133892335753e-03
6749	3.424539423040995e-03	3.467368504525317e-03
6770	3.377319362044218e-03	3.388441561392024e-03
6812	3.303692876439834e-03	3.311311214825911e-03
6853	3.232089034927776e-03	3.235936569296281e-03
6913	3.141968926999694e-03	3.162277660168379e-03
6975	3.069693996937350e-03	3.090295432513592e-03
7055	3.003570859646976e-03	3.019951720402016e-03
7135	2.942628861223540e-03	2.951209226666387e-03
7214	2.872852873780696e-03	2.884031503126605e-03
7294	2.815344607180248e-03	2.818382931264455e-03
7372	2.750542161913949e-03	2.754228703338166e-03
7488	2.680247216081622e-03	2.691534803926917e-03
7587	2.618481485881841e-03	2.630267991895381e-03
7684	2.564199480152851e-03	2.570395782768865e-03
7795	2.508888132702669e-03	2.511886431509579e-03
7959	2.451879671297341e-03	2.454708915685031e-03
8139	2.397653722489901e-03	2.398832919019490e-03
8346	2.340537361132711e-03	2.344228815319923e-03
8557	2.289484905411254e-03	2.290867652767772e-03
8800	2.236653213430917e-03	2.238721138568340e-03
9081	2.186333812754682e-03	2.187761623949552e-03
9390	2.136314129257522e-03	2.137962089502233e-03
9756	2.089238835748075e-03	2.089296130854039e-03
10135	2.041233627253058e-03	2.041737944669530e-03
10604	1.994518339685003e-03	1.995262314968879e-03
11012	1.949185376192708e-03	1.949844599758046e-03
11402	1.905361313587650e-03	1.905460717963246e-03
11701	1.861900006368766e-03	1.862087136662868e-03
11885	1.819612309426177e-03	1.819700858609983e-03
12278	1.778274601016094e-03	1.778279410038923e-03
13399	1.737798552840064e-03	1.737800828749376e-03
59930	1.658528846931295e-03	1.659586907437561e-03
61987	1.521337423760039e-03	1.548816618912481e-03
77566	1.433053794977379e-03	1.445439770745928e-03
97747	1.373644849300137e-03	1.380384264602885e-03
151554	1.329444223681309e-03	1.348962882591653e-03
164391	1.190850475187077e-03	1.202264434617413e-03
164411	9.698726001056146e-04	9.772372209558111e-04
200000	9.616473529627800e-04	9.772372209558111e-04
%
% index = 532, name = bbob_f013_i17_d02__bbob_f014_i18_d02
% instance = 8, reference value = 7.738305670334270e-01
% function evaluation | indicator value | target hit
1	3.576007834866673e-01	3.630780547701014e-01
236	3.527608937450470e-01	3.548133892335755e-01
361	3.382178324937768e-01	3.388441561392025e-01
389	3.188552128229978e-01	3.235936569296283e-01
434	2.930838167519550e-01	2.951209226666385e-01
475	2.701359420002308e-01	2.754228703338166e-01
531	2.503568779686481e-01	2.511886431509580e-01
577	2.327919644091685e-01	2.344228815319922e-01
606	2.167444951529111e-01	2.187761623949552e-01
649	2.018172860841818e-01	2.041737944669530e-01
682	1.877789637843187e-01	1.905460717963247e-01
709	1.744866099826595e-01	1.778279410038923e-01
741	1.618511275732821e-01	1.621810097358930e-01
772	1.498146429883843e-01	1.513561248436208e-01
813	1.383415983555852e-01	1.412537544622754e-01
844	1.274108843424040e-01	1.288249551693134e-01
874	1.170120153338754e-01	1.174897554939529e-01
899	1.071419926984150e-01	1.071519305237607e-01
924	9.780362518605401e-02	1.000000000000000e-01
959	8.900487920313738e-02	8.912509381337455e-02
983	8.075605812825470e-02	8.128305161640990e-02
1007	7.307137261990260e-02	7.413102413009177e-02
1045	6.596634392645762e-02	6.606934480075961e-02
1073	5.945909039544317e-02	6.025595860743578e-02
1116	5.356897505445579e-02	5.370317963702527e-02
1149	4.831696759512594e-02	4.897788193684462e-02
1176	4.372494111222858e-02	4.466835921509630e-02
1209	3.981598766274363e-02	4.073802778041128e-02
1235	3.661405574779286e-02	3.715352290971726e-02
1261	3.414397933818847e-02	3.467368504525317e-02
1293	3.243137460191070e-02	3.311311214825911e-02
1335	3.213248349750741e-02	3.235936569296283e-02
1546	3.161917172425277e-02	3.162277660168379e-02
1678	3.051943078106656e-02	3.090295432513590e-02
1713	2.944306632332105e-02	2.951209226666385e-02
1749	2.746109274866282e-02	2.754228703338166e-02
1807	2.411281393046882e-02	2.454708915685030e-02
1837	2.061220319913348e-02	2.089296130854040e-02
1868	1.808540293225613e-02	1.819700858609984e-02
1964	1.617720057063887e-02	1.621810097358930e-02
2044	1.464361567083483e-02	1.479108388168207e-02
2072	1.336332681390273e-02	1.348962882591653e-02
2114	1.227222030211694e-02	1.230268770812382e-02
2163	1.133534975902906e-02	1.148153621496883e-02
2198	1.053580595363401e-02	1.071519305237606e-02
2252	9.870116209924618e-03	1.000000000000000e-02
2302	9.345095311725005e-03	9.549925860214359e-03
2338	8.970177559678105e-03	9.120108393559097e-03
2374	8.741333307365373e-03	8.912509381337459e-03
2409	8.628615627405578e-03	8.709635899560805e-03
5297	8.474422448889518e-03	8.511380382023767e-03
6129	8.306181437388926e-03	8.317637711026709e-03
6154	8.103595910463834e-03	8.128305161640995e-03
6440	7.884262598154002e-03	7.943282347242814e-03
6488	7.704230824726488e-03	7.762471166286920e-03
6512	7.532653379950238e-03	7.585775750291836e-03
6530	7.367201231508247e-03	7.413102413009177e-03
6554	7.207724525300829e-03	7.244359600749898e-03
6575	7.054057133820346e-03	7.079457843841380e-03
6604	6.906042999363815e-03	6.918309709189363e-03
6624	6.759060380863935e-03	6.760829753919818e-03
6763	6.479287265398370e-03	6.606934480075957e-03
6818	6.341632160908106e-03	6.456542290346556e-03
6855	6.214399214255040e-03	6.309573444801930e-03
6876	6.091832415581866e-03	6.165950018614822e-03
6912	5.973702518476620e-03	6.025595860743574e-03
6939	5.855259423230952e-03	5.888436553555890e-03
6965	5.741289373891845e-03	5.754399373371567e-03
7029	5.527930269992876e-03	5.623413251903491e-03
7055	5.424356200799951e-03	5.495408738576248e-03
7083	5.323317763395008e-03	5.370317963702527e-03
7121	5.222346881726070e-03	5.248074602497728e-03
7181	5.123743463949171e-03	5.128613839913648e-03
7229	4.933189390334602e-03	5.011872336272725e-03
7275	4.850372955161886e-03	4.897788193684461e-03
7308	4.774307626442709e-03	4.786300923226385e-03
7367	4.647498691023544e-03	4.677351412871981e-03
7408	4.567852506718872e-03	4.570881896148752e-03
7446	4.438608328159899e-03	4.466835921509630e-03
7483	4.356274376814517e-03	4.365158322401661e-03
7552	4.236562787937159e-03	4.265795188015926e-03
7581	4.160108439618670e-03	4.168693834703355e-03
7642	4.047626687816330e-03	4.073802778041126e-03
7732	3.975364789302382e-03	3.981071705534973e-03
7838	3.870422132914997e-03	3.890451449942805e-03
7921	3.769182171139640e-03	3.801893963205613e-03
7965	3.705918624019144e-03	3.715352290971724e-03
8044	3.615035430239888e-03	3.630780547701014e-03
8169	3.527650994714859e-03	3.548133892335753e-03
8258	3.444147734394276e-03	3.467368504525317e-03
8387	3.363882567977594e-03	3.388441561392024e-03
8483	3.286505105614790e-03	3.311311214825911e-03
8542	3.235662668683914e-03	3.235936569296281e-03
8652	3.161326201258197e-03	3.162277660168379e-03
8723	3.088451375166668e-03	3.090295432513592e-03
8811	3.018512546297036e-03	3.019951720402016e-03
8889	2.932880286076189e-03	2.951209226666387e-03
8971	2.875637561660538e-03	2.884031503126605e-03
9130	2.813424857938451e-03	2.818382931264455e-03
9255	2.745730669031610e-03	2.754228703338166e-03
9385	2.685836868477343e-03	2.691534803926917e-03
9441	2.629950434045791e-03	2.630267991895381e-03
9447	2.566624521760708e-03	2.570395782768865e-03
9519	2.505767817608251e-03	2.511886431509579e-03
9622	2.447698035234147e-03	2.454708915685031e-03
9753	2.391655297684037e-03	2.398832919019490e-03
9937	2.337735912177896e-03	2.344228815319923e-03
10078	2.283844743827146e-03	2.290867652767772e-03
10186	2.233565893105971e-03	2.238721138568340e-03
10349	2.186157633817243e-03	2.187761623949552e-03
10500	2.133418264634646e-03	2.137962089502233e-03
10653	2.083106440945781e-03	2.089296130854039e-03
10932	2.035507104379719e-03	2.041737944669530e-03
11127	1.990019813328581e-03	1.995262314968879e-03
11349	1.945814613206753e-03	1.949844599758046e-03
11520	1.902782035667849e-03	1.905460717963246e-03
11660	1.860968923949602e-03	1.862087136662868e-03
11699	1.816530713292019e-03	1.819700858609983e-03
11957	1.776529564975315e-03	1.778279410038923e-03
12227	1.734973251194316e-03	1.737800828749376e-03
12512	1.694798545931575e-03	1.698243652461744e-03
12892	1.658842768413105e-03	1.659586907437561e-03
12980	1.620033028192025e-03	1.621810097358930e-03
13043	1.583600211314096e-03	1.584893192461114e-03
13256	1.548784103930445e-03	1.548816618912481e-03
13438	1.513282175363284e-03	1.513561248436209e-03
13667	1.477210596352196e-03	1.479108388168207e-03
13836	1.444602314606191e-03	1.445439770745928e-03
14107	1.412153325753729e-03	1.412537544622754e-03
14415	1.379324459705678e-03	1.380384264602885e-03
14785	1.348650562997489e-03	1.348962882591653e-03
15146	1.318248664303634e-03	1.318256738556408e-03
15533	1.287808447995920e-03	1.288249551693134e-03
15914	1.258477049798756e-03	1.258925411794167e-03
16195	1.228939922794936e-03	1.230268770812381e-03
16444	1.201168225312021e-03	1.202264434617413e-03
16928	1.173901427879542e-03	1.174897554939529e-03
17795	1.147929913628554e-03	1.148153621496883e-03
18462	1.121702081434583e-03	1.122018454301963e-03
18549	1.096324844567120e-03	1.096478196143185e-03
18952	1.071406481331194e-03	1.071519305237606e-03
19475	1.046959379604084e-03	1.047128548050900e-03
20002	1.022989466209268e-03	1.023292992280754e-03
20687	9.998044549410778e-04	1.000000000000000e-03
21214	9.768089477194541e-04	9.772372209558111e-04
21994	9.549320144903728e-04	9.549925860214359e-04
22650	9.329403433958605e-04	9.332543007969915e-04
23112	9.118623470489862e-04	9.120108393559096e-04
23590	8.910149703573733e-04	8.912509381337459e-04
26162	8.708533580622513e-04	8.709635899560805e-04
27247	8.511035196155925e-04	8.511380382023768e-04
28222	8.316486930464162e-04	8.317637711026709e-04
29367	8.128046305144743e-04	8.128305161640995e-04
30499	7.943256177039837e-04	7.943282347242813e-04
31433	7.761703728655922e-04	7.762471166286919e-04
32221	7.585021576097528e-04	7.585775750291835e-04
33931	7.412435386656702e-04	7.413102413009177e-04
37212	7.244247562652184e-04	7.244359600749898e-04
39086	7.079134414306187e-04	7.079457843841380e-04
41129	6.918127836061938e-04	6.918309709189362e-04
42409	6.760818568447569e-04	6.760829753919819e-04
48338	6.606873259196178e-04	6.606934480075957e-04
52382	6.456497212790069e-04	6.456542290346556e-04
58803	6.309570377832641e-04	6.309573444801930e-04
67642	6.165948308871627e-04	6.165950018614823e-04
90413	6.014147957367211e-04	6.025595860743575e-04
90418	5.742370255087392e-04	5.754399373371566e-04
90423	5.452193784216686e-04	5.495408738576248e-04
90428	5.150693057027755e-04	5.248074602497728e-04
90433	4.844348560577583e-04	4.897788193684461e-04
90438	4.539066962179206e-04	4.570881896148752e-04
90443	4.340308878182375e-04	4.365158322401661e-04
90576	4.102459585051399e-04	4.168693834703355e-04
90581	3.903765348980404e-04	3.981071705534974e-04
90586	3.693644067092050e-04	3.715352290971724e-04
90591	3.477971579375350e-04	3.548133892335753e-04
90596	3.262071900985708e-04	3.311311214825911e-04
90601	3.050735197892562e-04	3.090295432513592e-04
90606	2.860030912726907e-04	2.884031503126605e-04
90931	2.808690502609235e-04	2.818382931264455e-04
91226	1.877636174780761e-04	1.905460717963246e-04
91236	1.759594665080577e-04	1.778279410038923e-04
91241	1.701914564592455e-04	1.737800828749376e-04
91795	1.652504715299319e-04	1.659586907437562e-04
91800	1.609499240511347e-04	1.621810097358930e-04
92956	1.364535037786663e-04	1.380384264602885e-04
92977	1.345978320640429e-04	1.348962882591653e-04
92983	1.313842398174003e-04	1.318256738556407e-04
93006	1.267720275390793e-04	1.288249551693134e-04
93040	1.258185545791601e-04	1.258925411794167e-04
94201	1.229729990730455e-04	1.230268770812381e-04
96446	1.190476963028875e-04	1.202264434617413e-04
96451	1.153341904229777e-04	1.174897554939529e-04
96464	1.133833595969858e-04	1.148153621496883e-04
96476	1.116584685232347e-04	1.122018454301963e-04
96490	1.094654358795299e-04	1.096478196143185e-04
96491	1.065587580152405e-04	1.071519305237606e-04
96492	1.042891827213177e-04	1.047128548050900e-04
96513	1.006931398115363e-04	1.023292992280754e-04
96515	9.809499875113037e-05	1.000000000000000e-04
96516	9.748198339709635e-05	9.772372209558111e-05
96549	9.458549344154576e-05	9.549925860214369e-05
96574	9.329350291675809e-05	9.332543007969905e-05
96604	9.091526399274130e-05	9.120108393559096e-05
96932	8.833982928757589e-05	8.912509381337459e-05
97320	8.677049187166830e-05	8.709635899560814e-05
97326	8.369421486442707e-05	8.511380382023759e-05
97332	8.077190952204827e-05	8.128305161640995e-05
97338	7.485599000178755e-05	7.585775750291836e-05
97400	6.325246359517589e-05	6.456542290346549e-05
97414	6.283251016969693e-05	6.309573444801929e-05
97462	5.479215985448871e-05	5.495408738576248e-05
98285	5.274658831544432e-05	5.370317963702532e-05
98286	5.073742863825892e-05	5.128613839913648e-05
98287	4.888842783423719e-05	4.897788193684466e-05
98289	4.704818598377791e-05	4.786300923226380e-05
98290	4.623468715403423e-05	4.677351412871981e-05
98304	4.524054220944596e-05	4.570881896148752e-05
98306	4.421596761583491e-05	4.466835921509635e-05
98308	4.326670653320708e-05	4.365158322401657e-05
98310	4.248687248531446e-05	4.265795188015926e-05
98312	4.165211490325671e-05	4.168693834703355e-05
98336	4.072003809596492e-05	4.073802778041130e-05
98344	3.969793177227565e-05	3.981071705534969e-05
98352	3.888489996350941e-05	3.890451449942805e-05
98404	3.800293418143585e-05	3.801893963205612e-05
98440	3.714506422880515e-05	3.715352290971728e-05
98717	3.630666700049634e-05	3.630780547701010e-05
100239	3.094370631884225e-05	3.162277660168380e-05
102127	3.044102139992955e-05	3.090295432513592e-05
105963	3.015461551458820e-05	3.019951720402019e-05
110518	2.893302920337071e-05	2.951209226666384e-05
110523	2.773822647927915e-05	2.818382931264455e-05
111814	2.619935079584135e-05	2.630267991895381e-05
115473	2.547156127041816e-05	2.570395782768864e-05
122851	2.492637005313547e-05	2.511886431509582e-05
131604	2.450697324818396e-05	2.454708915685029e-05
145956	2.322608913996049e-05	2.344228815319923e-05
146848	2.269659808851188e-05	2.290867652767775e-05
152997	2.146401587799218e-05	2.187761623949552e-05
161855	2.131320225562394e-05	2.137962089502232e-05
170143	2.036887363787709e-05	2.041737944669527e-05
178006	1.995256799358636e-05	1.995262314968879e-05
200000	1.975010382626596e-05	1.995262314968879e-05
%
% index = 533, name = bbob_f013_i19_d02__bbob_f014_i21_d02
% instance = 9, reference value = 8.915991504760820e-01
% function evaluation | indicator value | target hit
1	7.535715360249919e-01	7.585775750291838e-01
22	7.379251179109765e-01	7.413102413009175e-01
23	7.216644027398815e-01	7.244359600749900e-01
28	7.022633850736026e-01	7.079457843841379e-01
33	6.649916957581550e-01	6.760829753919817e-01
38	6.277239253702172e-01	6.309573444801932e-01
43	5.923309081780539e-01	6.025595860743578e-01
48	5.601451985991279e-01	5.623413251903491e-01
53	5.314175175533360e-01	5.370317963702527e-01
58	5.056981811170662e-01	5.128613839913648e-01
63	4.824470253258193e-01	4.897788193684462e-01
68	4.612699884697280e-01	4.677351412871982e-01
73	4.504225642867937e-01	4.570881896148750e-01
78	3.911027901304178e-01	3.981071705534972e-01
83	3.882506260935484e-01	3.890451449942806e-01
88	3.756865541426848e-01	3.801893963205612e-01
93	3.637232855633398e-01	3.715352290971726e-01
98	3.525243493981297e-01	3.548133892335755e-01
103	3.422433859404225e-01	3.467368504525316e-01
108	2.772168135898586e-01	2.818382931264454e-01
113	2.752900235024476e-01	2.754228703338166e-01
118	2.650553667572247e-01	2.691534803926916e-01
123	2.559324592538539e-01	2.570395782768864e-01
128	2.481075503457690e-01	2.511886431509580e-01
133	2.417446645719209e-01	2.454708915685030e-01
138	2.369799270304507e-01	2.398832919019490e-01
143	2.339166249889636e-01	2.344228815319922e-01
238	1.489627864771111e-01	1.513561248436208e-01
239	1.458014047036292e-01	1.479108388168208e-01
386	1.445036105895291e-01	1.445439770745928e-01
437	1.223128479294975e-01	1.230268770812381e-01
470	7.732909428865331e-02	7.762471166286916e-02
504	4.973834756236128e-02	5.011872336272722e-02
538	3.510159318092931e-02	3.548133892335755e-02
572	2.880666968729695e-02	2.884031503126606e-02
606	2.689012998522389e-02	2.691534803926915e-02
4890	2.413020130260213e-02	2.454708915685030e-02
4910	2.298799104862304e-02	2.344228815319923e-02
4915	2.284636555329378e-02	2.290867652767773e-02
4935	2.193504265248336e-02	2.238721138568340e-02
4940	2.185109076398628e-02	2.187761623949553e-02
4965	2.096924009873857e-02	2.137962089502233e-02
5020	2.072959879785041e-02	2.089296130854040e-02
5025	2.014002650459801e-02	2.041737944669529e-02
5030	1.977892042271090e-02	1.995262314968880e-02
5212	1.933460088389893e-02	1.949844599758046e-02
5217	1.859987533368501e-02	1.862087136662868e-02
5422	1.800513816490912e-02	1.819700858609984e-02
5443	1.752158005676474e-02	1.778279410038923e-02
5480	1.686794239378397e-02	1.698243652461744e-02
5501	1.653325279459650e-02	1.659586907437561e-02
5617	1.595541754175556e-02	1.621810097358930e-02
5622	1.581848010897857e-02	1.584893192461113e-02
5905	1.538763287275557e-02	1.548816618912481e-02
6072	1.500522858725861e-02	1.513561248436208e-02
6558	1.283513625464117e-02	1.288249551693134e-02
6585	1.174669589941191e-02	1.174897554939530e-02
6611	1.108534290096375e-02	1.122018454301964e-02
6636	1.051073212933384e-02	1.071519305237606e-02
6660	9.995567962358565e-03	1.000000000000000e-02
6684	9.550981470648368e-03	9.772372209558112e-03
6708	9.376281870341452e-03	9.549925860214359e-03
6731	9.042728762604146e-03	9.120108393559097e-03
6754	8.755903325235348e-03	8.912509381337459e-03
6777	8.491740568403294e-03	8.511380382023767e-03
6800	8.263175797967204e-03	8.317637711026709e-03
6824	8.050608518720193e-03	8.128305161640995e-03
6848	7.872551830907737e-03	7.943282347242814e-03
6871	7.724427984703075e-03	7.762471166286920e-03
6917	7.462682837694579e-03	7.585775750291836e-03
6940	7.332043382489162e-03	7.413102413009177e-03
6962	7.210039132825696e-03	7.244359600749898e-03
7008	6.992009947161648e-03	7.079457843841380e-03
7053	6.839662893962539e-03	6.918309709189363e-03
7074	6.747083161032230e-03	6.760829753919818e-03
7139	6.550691308076284e-03	6.606934480075957e-03
7182	6.418298801785460e-03	6.456542290346556e-03
7225	6.295297666775612e-03	6.309573444801930e-03
7289	6.129980097692278e-03	6.165950018614822e-03
7351	5.993263164048801e-03	6.025595860743574e-03
7413	5.885921004556205e-03	5.888436553555890e-03
7515	5.725874835033951e-03	5.754399373371567e-03
7596	5.603450135917565e-03	5.623413251903491e-03
7697	5.479686678488749e-03	5.495408738576248e-03
7833	5.351612231059955e-03	5.370317963702527e-03
7951	5.242720791089228e-03	5.248074602497728e-03
8105	5.119924436183476e-03	5.128613839913648e-03
8278	5.004717504182299e-03	5.011872336272725e-03
8514	4.893116241136863e-03	4.897788193684461e-03
8791	4.780493924964491e-03	4.786300923226385e-03
9124	4.674281937578018e-03	4.677351412871981e-03
9522	4.569503147692888e-03	4.570881896148752e-03
10037	4.466168504966173e-03	4.466835921509630e-03
10810	4.364205465487658e-03	4.365158322401661e-03
11699	4.265149814005831e-03	4.265795188015926e-03
12604	4.168549610868988e-03	4.168693834703355e-03
13301	4.073628774922233e-03	4.073802778041126e-03
14482	3.981061821676679e-03	3.981071705534973e-03
51294	3.822615492092507e-03	3.890451449942805e-03
51828	3.777798113742015e-03	3.801893963205613e-03
52100	3.699745180245295e-03	3.715352290971724e-03
52917	3.543608793387887e-03	3.548133892335753e-03
53367	3.167878010427505e-03	3.235936569296281e-03
53724	3.112540030133060e-03	3.162277660168379e-03
54238	3.006421989145136e-03	3.019951720402016e-03
54358	2.935607989137057e-03	2.951209226666387e-03
55368	2.563681926777139e-03	2.570395782768865e-03
55389	2.478603802911983e-03	2.511886431509579e-03
55465	2.424628036554854e-03	2.454708915685031e-03
55609	2.392285893352830e-03	2.398832919019490e-03
55729	2.341056697510613e-03	2.344228815319923e-03
180996	2.290400775206924e-03	2.290867652767772e-03
181500	2.174137627944162e-03	2.187761623949552e-03
181580	2.121661132142072e-03	2.137962089502233e-03
183517	2.078618342413741e-03	2.089296130854039e-03
183704	1.995357156654110e-03	2.041737944669530e-03
183739	1.990096200785496e-03	1.995262314968879e-03
184612	1.882110231260614e-03	1.905460717963246e-03
184782	1.856017262812149e-03	1.862087136662868e-03
185059	1.816443928564060e-03	1.819700858609983e-03
185178	1.777857919567305e-03	1.778279410038923e-03
187101	1.708288716281037e-03	1.737800828749376e-03
187107	1.648109889487603e-03	1.659586907437561e-03
187113	1.555472251076884e-03	1.584893192461114e-03
187133	1.513784383655348e-03	1.548816618912481e-03
187152	1.509814537377308e-03	1.513561248436209e-03
187164	1.446080440643094e-03	1.479108388168207e-03
187170	1.430842153568923e-03	1.445439770745928e-03
187176	1.407419009756272e-03	1.412537544622754e-03
187289	1.368451617227096e-03	1.380384264602885e-03
187291	1.342509094512723e-03	1.348962882591653e-03
187293	1.313647570989063e-03	1.318256738556408e-03
187297	1.288162967653772e-03	1.288249551693134e-03
187305	1.256019814961817e-03	1.258925411794167e-03
187312	1.228085825115910e-03	1.230268770812381e-03
187336	1.201616769587188e-03	1.202264434617413e-03
187386	1.174577801291599e-03	1.174897554939529e-03
187702	1.148144023918163e-03	1.148153621496883e-03
190155	1.104558041415515e-03	1.122018454301963e-03
193499	1.074554914257564e-03	1.096478196143185e-03
193524	1.044142657372404e-03	1.047128548050900e-03
194746	1.001783773769471e-03	1.023292992280754e-03
194846	9.558199303479897e-04	9.772372209558111e-04
195497	9.388664118578083e-04	9.549925860214359e-04
196805	9.289792074305137e-04	9.332543007969915e-04
198051	8.477796167892793e-04	8.511380382023768e-04
198076	7.672763109427549e-04	7.762471166286919e-04
199262	7.200253929958711e-04	7.244359600749898e-04
200000	7.200253853154592e-04	7.244359600749898e-04
%
% index = 534, name = bbob_f013_i21_d02__bbob_f014_i22_d02
% instance = 10, reference value = 9.345056779660860e-01
% function evaluation | indicator value | target hit
1	2.663430956231125e+00	2.691534803926916e+00
21	2.601959708290099e+00	2.630267991895382e+00
22	2.541452852918734e+00	2.570395782768863e+00
23	2.423326922742325e+00	2.454708915685031e+00
28	2.291392482260322e+00	2.344228815319922e+00
33	2.059112853007086e+00	2.089296130854040e+00
38	1.843033703804086e+00	1.862087136662868e+00
43	1.642418662893586e+00	1.659586907437561e+00
48	1.456710826499586e+00	1.479108388168207e+00
53	1.285358180243086e+00	1.288249551693134e+00
58	1.127814736210586e+00	1.148153621496883e+00
63	9.835420063770860e-01	1.000000000000000e+00
68	9.048829948163915e-01	9.120108393559098e-01
73	8.526225983160686e-01	8.709635899560807e-01
78	7.945908586485699e-01	8.128305161640993e-01
83	7.322445911572575e-01	7.413102413009175e-01
88	6.669477570783149e-01	6.760829753919817e-01
93	5.999793518593890e-01	6.025595860743578e-01
98	5.325403184400204e-01	5.370317963702527e-01
103	4.657554414153621e-01	4.677351412871982e-01
108	4.006618234876400e-01	4.073802778041127e-01
113	3.381700323838167e-01	3.388441561392025e-01
118	2.789828682727001e-01	2.818382931264454e-01
123	2.234731904071272e-01	2.238721138568339e-01
128	1.715676358190409e-01	1.737800828749375e-01
133	1.227398117637570e-01	1.230268770812381e-01
138	1.156420072011801e-01	1.174897554939529e-01
148	1.147086884715063e-01	1.148153621496883e-01
336	1.109659584259693e-01	1.122018454301964e-01
357	1.095479668940657e-01	1.096478196143185e-01
615	1.039042255559207e-01	1.047128548050900e-01
639	9.944223187129575e-02	1.000000000000000e-01
663	9.510211589925521e-02	9.549925860214359e-02
689	9.088151925438936e-02	9.120108393559097e-02
715	8.678116713189754e-02	8.709635899560805e-02
740	8.280184013090530e-02	8.317637711026708e-02
765	7.894436242966363e-02	7.943282347242814e-02
791	7.520967484247965e-02	7.585775750291836e-02
817	7.159880956711329e-02	7.244359600749903e-02
843	6.811292785503176e-02	6.918309709189366e-02
870	6.475330012691616e-02	6.606934480075961e-02
897	6.152143089435669e-02	6.165950018614822e-02
929	5.841900691706836e-02	5.888436553555890e-02
960	5.544797054478734e-02	5.623413251903491e-02
992	5.261065265743037e-02	5.370317963702527e-02
1023	4.990982498617058e-02	5.011872336272722e-02
1056	4.734888501894330e-02	4.786300923226382e-02
1089	4.493209435615764e-02	4.570881896148749e-02
1121	4.266496151680410e-02	4.365158322401658e-02
1153	4.055485936999981e-02	4.073802778041128e-02
1186	3.861204972817933e-02	3.890451449942807e-02
1220	3.685180678823952e-02	3.715352290971726e-02
1255	3.529787152422348e-02	3.548133892335755e-02
1294	3.398995101070346e-02	3.467368504525317e-02
1334	3.299313213182398e-02	3.311311214825911e-02
1415	3.212840374435122e-02	3.235936569296283e-02
9950	3.159075025756330e-02	3.162277660168379e-02
10555	3.089325608472893e-02	3.090295432513590e-02
15154	3.019941446774299e-02	3.019951720402016e-02
76371	2.737219985422357e-02	2.754228703338166e-02
76376	2.244912680053279e-02	2.290867652767773e-02
76381	1.716356240342265e-02	1.737800828749375e-02
76386	1.153451451327214e-02	1.174897554939530e-02
76391	1.109684773886566e-02	1.122018454301964e-02
76406	1.025209802392213e-02	1.047128548050900e-02
76411	9.024616672216434e-03	9.120108393559097e-03
76416	7.472329455883608e-03	7.585775750291836e-03
76421	7.179312247024505e-03	7.244359600749898e-03
76441	6.419653502355849e-03	6.456542290346556e-03
76446	5.453742138841089e-03	5.495408738576248e-03
76451	5.264891996146659e-03	5.370317963702527e-03
76476	5.046721341490756e-03	5.128613839913648e-03
76481	4.498230322805163e-03	4.570881896148752e-03
76719	3.690850664605061e-03	3.715352290971724e-03
76754	3.600651500952678e-03	3.630780547701014e-03
76784	3.343151659992549e-03	3.388441561392024e-03
76814	3.139554190879745e-03	3.162277660168379e-03
76844	3.058153112909134e-03	3.090295432513592e-03
76849	2.992315765629527e-03	3.019951720402016e-03
76879	2.948555195034563e-03	2.951209226666387e-03
78029	2.756527525155206e-03	2.818382931264455e-03
78059	2.639936047493352e-03	2.691534803926917e-03
78094	2.608620581967536e-03	2.630267991895381e-03
79682	2.548231739413653e-03	2.570395782768865e-03
79747	2.495043672810282e-03	2.511886431509579e-03
79777	2.248520332097437e-03	2.290867652767772e-03
79807	2.195115669845205e-03	2.238721138568340e-03
79812	2.185561509255862e-03	2.187761623949552e-03
79847	2.137189345338575e-03	2.137962089502233e-03
80470	2.000806980452352e-03	2.041737944669530e-03
80487	1.868303781371039e-03	1.905460717963246e-03
80504	1.751557509752977e-03	1.778279410038923e-03
80521	1.674119656677409e-03	1.698243652461744e-03
80586	1.653185507542010e-03	1.659586907437561e-03
80635	1.617111233466195e-03	1.621810097358930e-03
80755	1.574817105341797e-03	1.584893192461114e-03
80829	1.546244080746773e-03	1.548816618912481e-03
81108	1.513063645042667e-03	1.513561248436209e-03
83507	1.472967541779280e-03	1.479108388168207e-03
83588	1.402684351832884e-03	1.412537544622754e-03
83618	1.332748850522814e-03	1.348962882591653e-03
83633	1.275130769347044e-03	1.288249551693134e-03
83639	1.205149724085808e-03	1.230268770812381e-03
83645	1.135408623227252e-03	1.148153621496883e-03
83651	1.066490273020415e-03	1.071519305237606e-03
83657	1.028180622180130e-03	1.047128548050900e-03
83663	1.017067823703144e-03	1.023292992280754e-03
83705	9.922270549519441e-04	1.000000000000000e-03
83750	9.772124493233614e-04	9.772372209558111e-04
83859	9.491869374574913e-04	9.549925860214359e-04
83862	9.270914010688358e-04	9.332543007969915e-04
83866	9.090774957717374e-04	9.120108393559096e-04
83875	8.900411693966159e-04	8.912509381337459e-04
83893	8.705564308091329e-04	8.709635899560805e-04
83968	8.510769676700614e-04	8.511380382023768e-04
87975	7.231978786760296e-04	7.244359600749898e-04
88263	6.598230491957624e-04	6.606934480075957e-04
90729	6.347111166724595e-04	6.456542290346556e-04
91435	6.153786645982651e-04	6.165950018614823e-04
92392	5.850390270162320e-04	5.888436553555889e-04
94116	5.648893436258628e-04	5.754399373371566e-04
97983	5.113698193324190e-04	5.128613839913648e-04
105903	4.995274097873148e-04	5.011872336272725e-04
114401	4.739743495364435e-04	4.786300923226385e-04
123618	4.619239912906359e-04	4.677351412871981e-04
124434	4.512017825745174e-04	4.570881896148752e-04
125372	4.357840315091233e-04	4.365158322401661e-04
127207	4.238311190672972e-04	4.265795188015926e-04
127267	4.152246296631468e-04	4.168693834703355e-04
128891	4.038579139596932e-04	4.073802778041126e-04
132930	3.975523123659341e-04	3.981071705534974e-04
141987	3.745562752289766e-04	3.801893963205612e-04
152875	3.706540769147226e-04	3.715352290971724e-04
154281	3.575081198552432e-04	3.630780547701014e-04
160744	3.532583858514293e-04	3.548133892335753e-04
166668	3.452056818855631e-04	3.467368504525317e-04
178974	3.377052150618232e-04	3.388441561392024e-04
180366	3.258173455130686e-04	3.311311214825911e-04
184842	3.233722403097605e-04	3.235936569296281e-04
193009	3.134158377214868e-04	3.162277660168379e-04
194062	3.083332943072392e-04	3.090295432513592e-04
194953	2.976829537546521e-04	3.019951720402016e-04
197152	2.898540009674822e-04	2.951209226666387e-04
198493	2.863600607055927e-04	2.884031503126605e-04
200000	2.863599329113731e-04	2.884031503126605e-04
