%
% index = 510, name = bbob_f013_i02_d02__bbob_f013_i04_d02
% instance = 1, reference value = 9.281650233777330e-01
% function evaluation | indicator value | target hit
1	4.771520799148734e+00	4.786300923226384e+00
22	4.669992969537732e+00	4.677351412871983e+00
23	4.569040695298233e+00	4.570881896148751e+00
28	4.452660554767233e+00	4.466835921509632e+00
33	4.237565007548733e+00	4.265795188015927e+00
38	4.024705135126233e+00	4.073802778041127e+00
43	3.814079545268233e+00	3.890451449942806e+00
48	3.605686646989733e+00	3.630780547701014e+00
53	3.399524640217733e+00	3.467368504525317e+00
58	3.195591507057733e+00	3.235936569296283e+00
63	2.993885019378233e+00	3.019951720402016e+00
68	2.794402721672733e+00	2.818382931264454e+00
73	2.597141935289233e+00	2.630267991895382e+00
78	2.505801630086233e+00	2.511886431509580e+00
83	2.382025844881233e+00	2.398832919019490e+00
88	2.188490585917233e+00	2.238721138568339e+00
93	2.102159008879233e+00	2.137962089502232e+00
98	1.980777323738733e+00	1.995262314968880e+00
103	1.790853535091233e+00	1.819700858609983e+00
108	1.709195262543233e+00	1.737800828749375e+00
113	1.590193469762233e+00	1.621810097358930e+00
118	1.403768735570233e+00	1.412537544622754e+00
123	1.326484100753233e+00	1.348962882591654e+00
128	1.209849637589233e+00	1.230268770812382e+00
133	1.026813561848233e+00	1.047128548050900e+00
138	9.536334377752329e-01	9.549925860214360e-01
143	8.413132387178888e-01	8.511380382023764e-01
148	6.653405953858362e-01	6.760829753919817e-01
153	5.920342122713840e-01	6.025595860743578e-01
158	4.829342775343944e-01	4.897788193684462e-01
163	3.099353199431006e-01	3.162277660168379e-01
168	2.403297513569921e-01	2.454708915685030e-01
173	2.011216035344708e-01	2.041737944669530e-01
178	1.815422541182543e-01	1.819700858609984e-01
203	1.646854330965331e-01	1.659586907437560e-01
218	1.605022817540643e-01	1.621810097358930e-01
238	1.464772766999238e-01	1.479108388168208e-01
109494	1.345581274726717e-01	1.348962882591654e-01
109499	1.152623280826661e-01	1.174897554939529e-01
109504	1.121806604928506e-01	1.122018454301964e-01
109509	1.028834751062906e-01	1.047128548050900e-01
109514	9.858657177595997e-02	1.000000000000000e-01
109519	9.245474316029001e-02	9.332543007969910e-02
109524	8.573815142063090e-02	8.709635899560805e-02
109529	8.242859295937432e-02	8.317637711026708e-02
109534	7.364480613600866e-02	7.413102413009177e-02
109539	7.104550181526292e-02	7.244359600749903e-02
109544	6.419690713854276e-02	6.456542290346556e-02
109549	6.119286192017381e-02	6.165950018614822e-02
109554	5.856362569977736e-02	5.888436553555890e-02
109559	4.970275418173198e-02	5.011872336272722e-02
109564	4.856002740966558e-02	4.897788193684462e-02
109569	4.275505745783170e-02	4.365158322401658e-02
109574	4.096273891992963e-02	4.168693834703355e-02
109579	3.968843122221899e-02	3.981071705534973e-02
109584	3.343274577413669e-02	3.388441561392026e-02
109594	3.026210105803706e-02	3.090295432513590e-02
109599	2.945198925110359e-02	2.951209226666385e-02
109609	2.677335245487911e-02	2.691534803926915e-02
200000	2.665890458911047e-02	2.691534803926915e-02
%
% index = 511, name = bbob_f013_i03_d02__bbob_f013_i05_d02
% instance = 2, reference value = 5.024421480704691e-01
% function evaluation | indicator value | target hit
1	3.353381794641846e-01	3.388441561392025e-01
38	3.298794120884666e-01	3.311311214825911e-01
63	3.231201141168716e-01	3.235936569296283e-01
98	3.160649659102428e-01	3.162277660168379e-01
355	3.080998784739666e-01	3.090295432513591e-01
391	3.016019031185364e-01	3.019951720402016e-01
416	2.923886121452912e-01	2.951209226666385e-01
428	2.876882917658480e-01	2.884031503126606e-01
452	2.817481483789845e-01	2.818382931264454e-01
729	2.710560571264370e-01	2.754228703338166e-01
735	2.621845075681374e-01	2.630267991895382e-01
764	2.502210762457001e-01	2.511886431509580e-01
775	2.385459652410749e-01	2.398832919019490e-01
794	2.271591103589184e-01	2.290867652767773e-01
817	2.160607676004691e-01	2.187761623949552e-01
823	2.052508110237301e-01	2.089296130854039e-01
837	1.947291820123112e-01	1.949844599758045e-01
843	1.844959409336759e-01	1.862087136662867e-01
849	1.745510870277789e-01	1.778279410038923e-01
855	1.648946195339611e-01	1.659586907437560e-01
861	1.555265376924255e-01	1.584893192461113e-01
867	1.464468407422253e-01	1.479108388168208e-01
873	1.376555279230249e-01	1.380384264602885e-01
891	1.291526913413422e-01	1.318256738556407e-01
903	1.209381412299411e-01	1.230268770812381e-01
909	1.130119729694225e-01	1.148153621496883e-01
921	1.053742273391038e-01	1.071519305237607e-01
933	9.802481886399705e-02	1.000000000000000e-01
939	9.096378995933280e-02	9.120108393559097e-02
951	8.419117651075264e-02	8.511380382023763e-02
957	7.770693784622529e-02	7.943282347242814e-02
963	7.151107320660666e-02	7.244359600749903e-02
969	6.560358183193510e-02	6.606934480075961e-02
981	5.998440271541994e-02	6.025595860743578e-02
987	5.465360187289436e-02	5.495408738576246e-02
999	4.961123226821096e-02	5.011872336272722e-02
1005	4.485723288874754e-02	4.570881896148749e-02
1011	4.039160297480393e-02	4.073802778041128e-02
1017	3.621434176696797e-02	3.630780547701014e-02
1028	3.232542816316253e-02	3.235936569296283e-02
1034	2.872488500789078e-02	2.884031503126606e-02
1040	2.541271154087454e-02	2.570395782768863e-02
1046	2.238890700170237e-02	2.290867652767773e-02
1052	1.965347062997824e-02	1.995262314968880e-02
1066	1.720642605394768e-02	1.737800828749375e-02
1080	1.504773104003387e-02	1.513561248436208e-02
1086	1.317739865393908e-02	1.318256738556407e-02
1101	1.159542082919696e-02	1.174897554939530e-02
1107	1.030180737183140e-02	1.047128548050900e-02
1113	9.296557521337845e-03	9.332543007969915e-03
1119	8.579670517345706e-03	8.709635899560805e-03
1130	8.151146391078390e-03	8.317637711026709e-03
1136	8.010980333482076e-03	8.128305161640995e-03
1330	7.938443858847344e-03	7.943282347242814e-03
1744	7.757068136282352e-03	7.762471166286920e-03
2644	7.515292841079213e-03	7.585775750291836e-03
2646	7.371105933900390e-03	7.413102413009177e-03
2648	7.226919309938351e-03	7.244359600749898e-03
2651	7.010639959200815e-03	7.079457843841380e-03
2653	6.866454050484583e-03	6.918309709189363e-03
2655	6.722269244767487e-03	6.760829753919818e-03
2657	6.578084699296771e-03	6.606934480075957e-03
2659	6.433900314209984e-03	6.456542290346556e-03
2661	6.289716223941366e-03	6.309573444801930e-03
2663	6.145532493702310e-03	6.165950018614822e-03
2665	6.001348958395158e-03	6.025595860743574e-03
2667	5.857166162048399e-03	5.888436553555890e-03
2669	5.712984121887366e-03	5.754399373371567e-03
2671	5.568802307024612e-03	5.623413251903491e-03
2673	5.424620657064727e-03	5.495408738576248e-03
2674	5.352529881855972e-03	5.370317963702527e-03
2676	5.208348426814113e-03	5.248074602497728e-03
2678	5.064167296505828e-03	5.128613839913648e-03
2679	4.992076876622342e-03	5.011872336272725e-03
2681	4.847896076405400e-03	4.897788193684461e-03
2682	4.775805721585535e-03	4.786300923226385e-03
2684	4.631625111553350e-03	4.677351412871981e-03
2685	4.559534856197922e-03	4.570881896148752e-03
2687	4.415355320298131e-03	4.466835921509630e-03
2688	4.343265909913463e-03	4.365158322401661e-03
2690	4.215070272343802e-03	4.265795188015926e-03
2691	4.162059470197377e-03	4.168693834703355e-03
2694	4.040214189045266e-03	4.073802778041126e-03
2697	3.967714483216700e-03	3.981071705534973e-03
2703	3.887703722199376e-03	3.890451449942805e-03
2708	3.797586924814744e-03	3.801893963205613e-03
2713	3.707470342195429e-03	3.715352290971724e-03
2718	3.617353995270245e-03	3.630780547701014e-03
2722	3.545261064036187e-03	3.548133892335753e-03
2727	3.455145609701282e-03	3.467368504525317e-03
2731	3.383053383910040e-03	3.388441561392024e-03
2735	3.310961239486709e-03	3.311311214825911e-03
2740	3.220846297259772e-03	3.235936569296281e-03
2744	3.148754520274410e-03	3.162277660168379e-03
2748	3.076662808281005e-03	3.090295432513592e-03
2752	3.004571775083231e-03	3.019951720402016e-03
2755	2.950503551461203e-03	2.951209226666387e-03
2759	2.878412692123855e-03	2.884031503126605e-03
2763	2.806321906499931e-03	2.818382931264455e-03
2766	2.752253861717957e-03	2.754228703338166e-03
2770	2.680163207025132e-03	2.691534803926917e-03
2773	2.626095372851356e-03	2.630267991895381e-03
2777	2.554004987204983e-03	2.570395782768865e-03
2780	2.499937234898830e-03	2.511886431509579e-03
2783	2.445869515607046e-03	2.454708915685031e-03
2786	2.391801836892360e-03	2.398832919019490e-03
2789	2.337734516092649e-03	2.344228815319923e-03
2792	2.283667398437328e-03	2.290867652767772e-03
2795	2.229743859074262e-03	2.238721138568340e-03
2798	2.186435715669233e-03	2.187761623949552e-03
2802	2.134438319359888e-03	2.137962089502233e-03
2807	2.085077531247537e-03	2.089296130854039e-03
2813	2.038350930379629e-03	2.041737944669530e-03
2827	1.994985447017594e-03	1.995262314968879e-03
2839	1.947150480498427e-03	1.949844599758046e-03
2849	1.902092128497124e-03	1.905460717963246e-03
2858	1.861539726576100e-03	1.862087136662868e-03
2868	1.816481600982134e-03	1.819700858609983e-03
2877	1.775929508531116e-03	1.778279410038923e-03
2886	1.735377599736632e-03	1.737800828749376e-03
2895	1.694825752382667e-03	1.698243652461744e-03
2903	1.658779734972637e-03	1.659586907437561e-03
2912	1.618228075534467e-03	1.621810097358930e-03
2920	1.582182209058813e-03	1.584893192461114e-03
2928	1.546136528003506e-03	1.548816618912481e-03
2936	1.510091035780370e-03	1.513561248436209e-03
2943	1.478551273378481e-03	1.479108388168207e-03
2951	1.442505874163502e-03	1.445439770745928e-03
2958	1.410966178345685e-03	1.412537544622754e-03
2965	1.379426510033532e-03	1.380384264602885e-03
2972	1.347886907475337e-03	1.348962882591653e-03
2979	1.316347360442949e-03	1.318256738556408e-03
2986	1.284807836414159e-03	1.288249551693134e-03
2992	1.257773975892995e-03	1.258925411794167e-03
2999	1.226234493347467e-03	1.230268770812381e-03
3005	1.199200810860224e-03	1.202264434617413e-03
3011	1.172167229986587e-03	1.174897554939529e-03
3017	1.145169637353005e-03	1.148153621496883e-03
3024	1.119045813589903e-03	1.122018454301963e-03
3031	1.095937749402864e-03	1.096478196143185e-03
3041	1.069732721522554e-03	1.071519305237606e-03
3051	1.046436694069341e-03	1.047128548050900e-03
3068	1.022711556918909e-03	1.023292992280754e-03
3095	9.995792720756125e-04	1.000000000000000e-03
3115	9.770500730784670e-04	9.772372209558111e-04
3135	9.545209277505018e-04	9.549925860214359e-04
3154	9.331182929569470e-04	9.332543007969915e-04
3173	9.117157060302139e-04	9.120108393559096e-04
3192	8.903132900701660e-04	8.912509381337459e-04
3210	8.700373551631113e-04	8.709635899560805e-04
3227	8.508878860513658e-04	8.511380382023768e-04
3244	8.317384674292327e-04	8.317637711026709e-04
3261	8.125890934981284e-04	8.128305161640995e-04
3278	7.934397489056666e-04	7.943282347242813e-04
3294	7.754169938585243e-04	7.762471166286919e-04
3309	7.585206834513913e-04	7.585775750291835e-04
3325	7.404979786095334e-04	7.413102413009177e-04
3340	7.236017086476032e-04	7.244359600749898e-04
3354	7.078318681014162e-04	7.079457843841380e-04
3369	6.909356400023325e-04	6.918309709189362e-04
3383	6.751658658958881e-04	6.760829753919819e-04
3396	6.605225122755520e-04	6.606934480075957e-04
3410	6.447527590236479e-04	6.456542290346556e-04
3423	6.301094243836847e-04	6.309573444801930e-04
3435	6.165925518407667e-04	6.165950018614823e-04
3448	6.019493470725834e-04	6.025595860743575e-04
3460	5.884326280379826e-04	5.888436553555889e-04
3473	5.753920898414755e-04	5.754399373371566e-04
3489	5.617283393908323e-04	5.623413251903491e-04
3507	5.493052190890246e-04	5.495408738576248e-04
3528	5.369028603349202e-04	5.370317963702527e-04
3556	5.248011529398466e-04	5.248074602497728e-04
3604	5.128051849484505e-04	5.128613839913648e-04
3647	5.009589842062123e-04	5.011872336272725e-04
3687	4.896944023682348e-04	4.897788193684461e-04
3727	4.784298542842569e-04	4.786300923226385e-04
3765	4.677285554147703e-04	4.677351412871981e-04
3803	4.570273288559967e-04	4.570881896148752e-04
3840	4.466077489709841e-04	4.466835921509630e-04
3876	4.364697933896267e-04	4.365158322401661e-04
3912	4.263318625602475e-04	4.265795188015926e-04
3946	4.167571745014031e-04	4.168693834703355e-04
3980	4.071824950504510e-04	4.073802778041126e-04
4013	3.978895111044212e-04	3.981071705534974e-04
4045	3.888781452553447e-04	3.890451449942805e-04
4076	3.801483979433140e-04	3.801893963205612e-04
4107	3.714186585481727e-04	3.715352290971724e-04
4137	3.629705301062547e-04	3.630780547701014e-04
4166	3.548040214813586e-04	3.548133892335753e-04
4195	3.466375318983417e-04	3.467368504525317e-04
4223	3.387526497677928e-04	3.388441561392024e-04
4251	3.308677743476540e-04	3.311311214825911e-04
4277	3.235461091626313e-04	3.235936569296281e-04
4303	3.162244805446912e-04	3.162277660168379e-04
4329	3.089028850086217e-04	3.090295432513592e-04
4354	3.018741277222015e-04	3.019951720402016e-04
4384	2.949045423138452e-04	2.951209226666387e-04
4417	2.882611881260821e-04	2.884031503126605e-04
4458	2.817603206974884e-04	2.818382931264455e-04
4503	2.753207900124677e-04	2.754228703338166e-04
4574	2.691160607720677e-04	2.691534803926917e-04
4663	2.629817190203942e-04	2.630267991895381e-04
4748	2.569974030781630e-04	2.570395782768865e-04
4831	2.511539090013226e-04	2.511886431509580e-04
4912	2.454512378001761e-04	2.454708915685031e-04
4992	2.398189928636274e-04	2.398832919019490e-04
5069	2.343979911927363e-04	2.344228815319923e-04
5145	2.290474003561194e-04	2.290867652767772e-04
5219	2.238376251055829e-04	2.238721138568340e-04
5291	2.187686693282398e-04	2.187761623949552e-04
5362	2.137701225886079e-04	2.137962089502232e-04
5431	2.089124157589328e-04	2.089296130854039e-04
5499	2.041251258242394e-04	2.041737944669530e-04
5565	1.994786471483101e-04	1.995262314968879e-04
5629	1.949729749106677e-04	1.949844599758046e-04
5692	1.905377073259107e-04	1.905460717963246e-04
5754	1.861728495020643e-04	1.862087136662868e-04
5814	1.819488034446870e-04	1.819700858609983e-04
5873	1.777951604883254e-04	1.778279410038923e-04
5931	1.737119219601402e-04	1.737800828749376e-04
5987	1.697694875986144e-04	1.698243652461744e-04
6042	1.658974797977830e-04	1.659586907437562e-04
6095	1.621662923079192e-04	1.621810097358930e-04
6150	1.584752341785567e-04	1.584893192461114e-04
6223	1.548385909911909e-04	1.548816618912481e-04
6301	1.513330636067067e-04	1.513561248436209e-04
6394	1.479002620400349e-04	1.479108388168207e-04
6514	1.445320201546307e-04	1.445439770745928e-04
6698	1.412519672037149e-04	1.412537544622754e-04
6881	1.380309950547165e-04	1.380384264602885e-04
7060	1.348804349733390e-04	1.348962882591653e-04
7234	1.318178882104837e-04	1.318256738556407e-04
7405	1.288081556519716e-04	1.288249551693134e-04
7571	1.258864468300924e-04	1.258925411794167e-04
7734	1.230175447181070e-04	1.230268770812381e-04
7893	1.202190522452407e-04	1.202264434617413e-04
8049	1.174733690352259e-04	1.174897554939529e-04
8201	1.147980931922588e-04	1.148153621496883e-04
8349	1.121932422131211e-04	1.122018454301963e-04
8494	1.096411970188393e-04	1.096478196143185e-04
8636	1.071419558601461e-04	1.071519305237606e-04
8775	1.046955180140641e-04	1.047128548050900e-04
8910	1.023194850052755e-04	1.023292992280754e-04
9042	9.999625916112809e-05	1.000000000000000e-04
9172	9.770823534771544e-05	9.772372209558111e-05
9298	9.549061440450313e-05	9.549925860214369e-05
9422	9.330819765995813e-05	9.332543007969905e-05
9542	9.119619500164156e-05	9.120108393559096e-05
9660	8.911940683509201e-05	8.912509381337459e-05
9801	8.709353631497496e-05	8.709635899560814e-05
9960	8.510895570101873e-05	8.511380382023759e-05
10162	8.317227185683507e-05	8.317637711026709e-05
10404	8.128174918831110e-05	8.128305161640995e-05
10804	7.942888917344959e-05	7.943282347242822e-05
11215	7.762141442058113e-05	7.762471166286911e-05
11616	7.585692535549970e-05	7.585775750291836e-05
12009	7.412764353387225e-05	7.413102413009176e-05
12392	7.244237487635807e-05	7.244359600749906e-05
12767	7.079231527085117e-05	7.079457843841373e-05
13133	6.918186029258866e-05	6.918309709189363e-05
13491	6.760661208093932e-05	6.760829753919819e-05
13841	6.606656867391703e-05	6.606934480075965e-05
14183	6.456173953672817e-05	6.456542290346549e-05
14517	6.309211425126193e-05	6.309573444801929e-05
14843	6.165769119126363e-05	6.165950018614822e-05
15162	6.025407052012710e-05	6.025595860743581e-05
15474	5.888125466646521e-05	5.888436553555884e-05
15778	5.754364064980422e-05	5.754399373371566e-05
16076	5.623242858054933e-05	5.623413251903491e-05
16367	5.495202141136968e-05	5.495408738576248e-05
16651	5.370242355418053e-05	5.370317963702532e-05
16957	5.248059348050838e-05	5.248074602497723e-05
17334	5.128565764445092e-05	5.128613839913648e-05
17824	5.011840124780065e-05	5.011872336272725e-05
18526	4.897777159762473e-05	4.897788193684466e-05
19541	4.786262713774025e-05	4.786300923226380e-05
20532	4.677247111906091e-05	4.677351412871981e-05
21499	4.570872073372811e-05	4.570881896148752e-05
22445	4.466807962932862e-05	4.466835921509635e-05
23370	4.365054366173293e-05	4.365158322401657e-05
24273	4.265721220819696e-05	4.265795188015926e-05
25156	4.168588516850757e-05	4.168693834703355e-05
26018	4.073766723244887e-05	4.073802778041130e-05
26861	3.981035186451098e-05	3.981071705534969e-05
27685	3.890393826233574e-05	3.890451449942805e-05
28490	3.801842793449417e-05	3.801893963205612e-05
29277	3.715271934534581e-05	3.715352290971728e-05
30046	3.630681297617233e-05	3.630780547701010e-05
30797	3.548071457226687e-05	3.548133892335753e-05
31663	3.467363457299033e-05	3.467368504525317e-05
32872	3.388410468263547e-05	3.388441561392028e-05
34790	3.311296816599363e-05	3.311311214825908e-05
37533	3.235913444954441e-05	3.235936569296281e-05
40211	3.162264872536014e-05	3.162277660168380e-05
42828	3.090294548635519e-05	3.090295432513592e-05
45386	3.019947168358961e-05	3.019951720402019e-05
47886	2.951195255462835e-05	2.951209226666384e-05
50329	2.884011537784836e-05	2.884031503126606e-05
52716	2.818368021695328e-05	2.818382931264455e-05
55049	2.754209792066309e-05	2.754228703338169e-05
72093	2.660818972965995e-05	2.691534803926914e-05
72098	2.518930428008215e-05	2.570395782768864e-05
72103	2.327568555626769e-05	2.344228815319923e-05
72108	2.109014977624835e-05	2.137962089502232e-05
72113	1.965395475223009e-05	1.995262314968879e-05
109246	1.920586773451749e-05	1.949844599758046e-05
109251	1.822004278362321e-05	1.862087136662866e-05
109256	1.705611608393554e-05	1.737800828749376e-05
109261	1.632762134406995e-05	1.659586907437560e-05
143197	1.585660514025200e-05	1.621810097358930e-05
143202	1.516746773955191e-05	1.548816618912483e-05
143207	1.445983342385215e-05	1.479108388168207e-05
143212	1.384280577976238e-05	1.412537544622755e-05
143217	1.373015282568613e-05	1.380384264602884e-05
145829	1.340129872673401e-05	1.348962882591653e-05
145834	1.314577300459696e-05	1.318256738556407e-05
145858	1.283356961345739e-05	1.288249551693135e-05
168973	1.251741918673055e-05	1.258925411794166e-05
173557	1.229602215113701e-05	1.230268770812381e-05
177492	1.194962776640551e-05	1.202264434617413e-05
200000	1.193870581106538e-05	1.202264434617413e-05
%
% index = 512, name = bbob_f013_i07_d02__bbob_f013_i08_d02
% instance = 3, reference value = 8.754993171551310e-01
% function evaluation | indicator value | target hit
1	3.151617120352750e-01	3.162277660168379e-01
22	3.057996058319322e-01	3.090295432513591e-01
23	2.964400973759532e-01	3.019951720402016e-01
28	2.855732275635000e-01	2.884031503126606e-01
33	2.652952315739560e-01	2.691534803926916e-01
38	2.581003132786991e-01	2.630267991895382e-01
43	2.546576026364846e-01	2.570395782768864e-01
48	2.496687500711208e-01	2.511886431509580e-01
53	2.449640285765997e-01	2.454708915685030e-01
74	2.367143828422288e-01	2.398832919019490e-01
111	2.329160164281492e-01	2.344228815319922e-01
595	2.264431908691704e-01	2.290867652767773e-01
620	2.211008780199509e-01	2.238721138568339e-01
631	2.151604037665088e-01	2.187761623949552e-01
7739	2.104410620318669e-01	2.137962089502232e-01
7744	2.055331242630997e-01	2.089296130854039e-01
7749	2.003369693350574e-01	2.041737944669530e-01
7754	1.936427273076032e-01	1.949844599758045e-01
7759	1.893359789093563e-01	1.905460717963247e-01
7764	1.835426412274017e-01	1.862087136662867e-01
7769	1.795313893958690e-01	1.819700858609984e-01
7774	1.745342957845806e-01	1.778279410038923e-01
7779	1.706547492254085e-01	1.737800828749375e-01
7784	1.664227583736473e-01	1.698243652461744e-01
7789	1.633263485596866e-01	1.659586907437560e-01
7794	1.586160336486917e-01	1.621810097358930e-01
7799	1.527895414936196e-01	1.548816618912481e-01
7804	1.490004076483048e-01	1.513561248436208e-01
7809	1.444432378369693e-01	1.445439770745928e-01
7814	1.410961131082555e-01	1.412537544622754e-01
7819	1.375667241719064e-01	1.380384264602885e-01
7829	1.308687423025582e-01	1.318256738556407e-01
7834	1.256317726006443e-01	1.258925411794167e-01
7839	1.223963890943198e-01	1.230268770812381e-01
7844	1.186241663815261e-01	1.202264434617413e-01
7849	1.160125635759983e-01	1.174897554939529e-01
7854	1.133030196833834e-01	1.148153621496883e-01
7859	1.114981065159207e-01	1.122018454301964e-01
7864	1.077230681646477e-01	1.096478196143185e-01
7869	1.031732860819735e-01	1.047128548050900e-01
7874	1.004943935083165e-01	1.023292992280754e-01
7879	9.745102442320064e-02	9.772372209558107e-02
7889	9.345670637943060e-02	9.549925860214359e-02
7894	9.214427271672110e-02	9.332543007969910e-02
7899	8.880622523264858e-02	8.912509381337455e-02
7904	8.481435468916987e-02	8.511380382023763e-02
7909	8.259025615004578e-02	8.317637711026708e-02
7914	8.010155137412334e-02	8.128305161640990e-02
7919	7.861971437796000e-02	7.943282347242814e-02
7924	7.703250084312629e-02	7.762471166286916e-02
7934	7.312534007272298e-02	7.413102413009177e-02
7939	6.959628702297593e-02	7.079457843841380e-02
7944	6.775148808828435e-02	6.918309709189366e-02
7949	6.567032795979477e-02	6.606934480075961e-02
7954	6.452159139766867e-02	6.456542290346556e-02
7964	6.255796135328218e-02	6.309573444801933e-02
7974	6.135415429288038e-02	6.165950018614822e-02
7979	5.882443916258229e-02	5.888436553555890e-02
7984	5.582029702342506e-02	5.623413251903491e-02
7989	5.431047078648332e-02	5.495408738576246e-02
7994	5.263125311778205e-02	5.370317963702527e-02
7999	5.173852281893554e-02	5.248074602497726e-02
8004	5.078473970406983e-02	5.128613839913648e-02
8014	4.970724923549230e-02	5.011872336272722e-02
8029	4.889177935512401e-02	4.897788193684462e-02
8034	4.673630899204528e-02	4.677351412871981e-02
8050	4.511928414314825e-02	4.570881896148749e-02
8060	4.434130570608263e-02	4.466835921509630e-02
8080	4.178951092028982e-02	4.265795188015926e-02
8098	4.168508245736491e-02	4.168693834703355e-02
8128	4.060384619207114e-02	4.073802778041128e-02
8569	3.963339507467623e-02	3.981071705534973e-02
8693	3.884901597688717e-02	3.890451449942807e-02
8736	3.699290135471600e-02	3.715352290971726e-02
8761	3.279687663861519e-02	3.311311214825911e-02
8767	2.941615571799594e-02	2.951209226666385e-02
8773	2.630089723177220e-02	2.630267991895381e-02
8779	2.345427073973938e-02	2.398832919019490e-02
8785	2.087921216984978e-02	2.089296130854040e-02
8791	1.857842381871699e-02	1.862087136662868e-02
8797	1.655437435085683e-02	1.659586907437561e-02
8803	1.480929879937720e-02	1.513561248436208e-02
8809	1.334519856553329e-02	1.348962882591653e-02
8815	1.216384141893800e-02	1.230268770812382e-02
8821	1.126676149743988e-02	1.148153621496883e-02
8827	1.065525930721378e-02	1.071519305237606e-02
8833	1.033040172271693e-02	1.047128548050900e-02
8839	1.022080326383690e-02	1.023292992280754e-02
17814	9.982957942431203e-03	1.000000000000000e-02
22949	9.495689488097425e-03	9.549925860214359e-03
22954	9.253661082403553e-03	9.332543007969915e-03
22969	8.709790602866252e-03	8.912509381337459e-03
22974	8.599395990104619e-03	8.709635899560805e-03
22989	7.917225730331157e-03	7.943282347242814e-03
23009	7.199180634611335e-03	7.244359600749898e-03
23029	6.916902643239520e-03	6.918309709189363e-03
55375	6.758250344604200e-03	6.760829753919818e-03
55480	6.594538559851149e-03	6.606934480075957e-03
60541	6.413308663414496e-03	6.456542290346556e-03
80409	6.131322720033805e-03	6.165950018614822e-03
80444	5.912302033616035e-03	6.025595860743574e-03
80469	5.873377288212023e-03	5.888436553555890e-03
80479	5.690102556517140e-03	5.754399373371567e-03
80514	5.491840617123933e-03	5.495408738576248e-03
80559	5.324758546161767e-03	5.370317963702527e-03
80635	5.234463988168958e-03	5.248074602497728e-03
81229	5.124942564810442e-03	5.128613839913648e-03
81295	4.972152477951020e-03	5.011872336272725e-03
81313	4.870688174457793e-03	4.897788193684461e-03
81377	4.760471469696714e-03	4.786300923226385e-03
81395	4.658288997703264e-03	4.677351412871981e-03
81443	4.556805274680942e-03	4.570881896148752e-03
81534	4.461716691804396e-03	4.466835921509630e-03
106007	4.355868695106846e-03	4.365158322401661e-03
106157	4.262474100757752e-03	4.265795188015926e-03
106970	4.082982492982778e-03	4.168693834703355e-03
106990	3.964068608283355e-03	3.981071705534973e-03
107045	3.885331465692476e-03	3.890451449942805e-03
107065	3.778899479264131e-03	3.801893963205613e-03
138857	3.699656837220400e-03	3.715352290971724e-03
138862	3.619697255520804e-03	3.630780547701014e-03
138869	3.533130820676189e-03	3.548133892335753e-03
138877	3.450941775980154e-03	3.467368504525317e-03
138882	3.387336260051832e-03	3.388441561392024e-03
139139	3.311028006093064e-03	3.311311214825911e-03
139165	3.233099376816040e-03	3.235936569296281e-03
139187	3.159682364540450e-03	3.162277660168379e-03
139208	3.087087343550232e-03	3.090295432513592e-03
139687	3.019720749381838e-03	3.019951720402016e-03
139742	2.950614599779855e-03	2.951209226666387e-03
139800	2.883913043108977e-03	2.884031503126605e-03
140477	2.818297912623113e-03	2.818382931264455e-03
141320	2.754154989049962e-03	2.754228703338166e-03
143192	2.691534170653487e-03	2.691534803926917e-03
200000	2.660666407582002e-03	2.691534803926917e-03
%
% index = 513, name = bbob_f013_i09_d02__bbob_f013_i10_d02
% instance = 4, reference value = 8.182542531946499e-01
% function evaluation | indicator value | target hit
1	2.504913825224774e+00	2.511886431509580e+00
23	2.415727873847193e+00	2.454708915685031e+00
28	2.364661036930756e+00	2.398832919019490e+00
33	2.270657186130823e+00	2.290867652767773e+00
38	2.178257183064242e+00	2.187761623949553e+00
43	2.087587066130592e+00	2.089296130854040e+00
48	1.998806694256177e+00	2.041737944669529e+00
53	1.912121095368617e+00	1.949844599758045e+00
58	1.827796238016270e+00	1.862087136662868e+00
63	1.746181028070766e+00	1.778279410038923e+00
68	1.667737891866540e+00	1.698243652461744e+00
73	1.593084679330908e+00	1.621810097358930e+00
78	1.521959447077650e+00	1.548816618912481e+00
83	1.451817217715650e+00	1.479108388168207e+00
88	1.382492047103650e+00	1.412537544622754e+00
93	1.313984627882150e+00	1.318256738556407e+00
98	1.246295631658150e+00	1.258925411794167e+00
103	1.179425703858150e+00	1.202264434617413e+00
108	1.113375462900650e+00	1.122018454301963e+00
113	1.048145496312650e+00	1.071519305237606e+00
118	9.837363577306499e-01	1.000000000000000e+00
123	9.201485635811499e-01	9.332543007969910e-01
128	8.573825891981499e-01	8.709635899560807e-01
133	8.042979649252637e-01	8.128305161640993e-01
138	7.628099414775504e-01	7.762471166286917e-01
143	7.160113919335567e-01	7.244359600749900e-01
148	6.641179168539255e-01	6.760829753919817e-01
153	6.073424419019308e-01	6.165950018614822e-01
158	5.458952158691673e-01	5.495408738576245e-01
163	4.799838098697647e-01	4.897788193684462e-01
168	4.218664545238902e-01	4.265795188015927e-01
178	4.116047752645604e-01	4.168693834703354e-01
183	3.635483913980246e-01	3.715352290971726e-01
188	3.625481378741274e-01	3.630780547701014e-01
198	3.494741463621283e-01	3.548133892335755e-01
203	3.431666371978090e-01	3.467368504525316e-01
208	3.376343009050041e-01	3.388441561392025e-01
213	2.907056786798428e-01	2.951209226666385e-01
223	2.845527774672965e-01	2.884031503126606e-01
228	2.792816258601047e-01	2.818382931264454e-01
233	2.741855293887627e-01	2.754228703338166e-01
243	2.244588092707120e-01	2.290867652767773e-01
253	2.196484653550969e-01	2.238721138568339e-01
258	2.155031723243009e-01	2.187761623949552e-01
263	2.115443651040472e-01	2.137962089502232e-01
268	2.082295268226303e-01	2.089296130854039e-01
273	1.649187171810541e-01	1.659586907437560e-01
283	1.613237524554249e-01	1.621810097358930e-01
288	1.582210010570464e-01	1.584893192461113e-01
298	1.524599512656754e-01	1.548816618912481e-01
328	1.484690663539761e-01	1.513561248436208e-01
358	1.470481223282204e-01	1.479108388168208e-01
26702	1.444482638190849e-01	1.445439770745928e-01
26876	1.410640688079845e-01	1.412537544622754e-01
26953	1.357289927293973e-01	1.380384264602885e-01
26959	1.328803431242258e-01	1.348962882591654e-01
26965	1.303443254004524e-01	1.318256738556407e-01
26979	1.281036858116298e-01	1.288249551693134e-01
26991	1.244386406213001e-01	1.258925411794167e-01
27032	1.229726739283979e-01	1.230268770812381e-01
27074	1.198632339789883e-01	1.202264434617413e-01
27680	1.119757557824599e-01	1.122018454301964e-01
130246	1.096472456201927e-01	1.096478196143185e-01
200000	1.093627634453975e-01	1.096478196143185e-01
%
% index = 514, name = bbob_f013_i11_d02__bbob_f013_i12_d02
% instance = 5, reference value = 5.727762242515850e-01
% function evaluation | indicator value | target hit
1	1.270342221901085e+00	1.288249551693134e+00
22	1.254381042703085e+00	1.258925411794167e+00
28	1.220176920652085e+00	1.230268770812382e+00
33	1.186301079857085e+00	1.202264434617413e+00
38	1.152750037155585e+00	1.174897554939530e+00
43	1.119520254621085e+00	1.122018454301963e+00
48	1.086608140123585e+00	1.096478196143185e+00
53	1.054010046655085e+00	1.071519305237606e+00
58	1.021722273265085e+00	1.023292992280754e+00
63	9.897410647570850e-01	1.000000000000000e+00
68	9.580626124795850e-01	9.772372209558107e-01
73	9.266830547150851e-01	9.332543007969910e-01
78	8.955984771880849e-01	9.120108393559098e-01
83	8.648049138440850e-01	8.709635899560807e-01
88	8.342983477455850e-01	8.511380382023764e-01
93	8.040747118570850e-01	8.128305161640993e-01
98	7.741298903615850e-01	7.762471166286917e-01
103	7.444597196725851e-01	7.585775750291838e-01
108	7.150599898675849e-01	7.244359600749900e-01
113	6.859264461075849e-01	6.918309709189365e-01
118	6.570547903105850e-01	6.606934480075960e-01
123	6.284406828550850e-01	6.309573444801932e-01
128	6.000797445315851e-01	6.025595860743578e-01
133	5.720877740905801e-01	5.754399373371569e-01
138	5.474613224621592e-01	5.495408738576245e-01
143	5.213096830757172e-01	5.248074602497725e-01
148	4.936621202762490e-01	5.011872336272722e-01
153	4.645470889038230e-01	4.677351412871982e-01
158	4.387801757796885e-01	4.466835921509631e-01
300	4.357730797907488e-01	4.365158322401660e-01
341	4.234222563214736e-01	4.265795188015927e-01
360	4.095974923897328e-01	4.168693834703354e-01
383	3.909482185570535e-01	3.981071705534972e-01
401	3.727426240489341e-01	3.801893963205612e-01
420	3.549809413323042e-01	3.630780547701014e-01
440	3.376632793008474e-01	3.388441561392025e-01
460	3.207899352797014e-01	3.235936569296283e-01
480	3.043611070723181e-01	3.090295432513591e-01
500	2.883771275527439e-01	2.884031503126606e-01
520	2.728380361897214e-01	2.754228703338166e-01
540	2.577442507580312e-01	2.630267991895382e-01
565	2.430959564001893e-01	2.454708915685030e-01
585	2.288933558101969e-01	2.290867652767773e-01
610	2.151366933222541e-01	2.187761623949552e-01
630	2.018262274346573e-01	2.041737944669530e-01
650	1.889621568150270e-01	1.905460717963247e-01
679	1.765448479514066e-01	1.778279410038923e-01
699	1.645743459633141e-01	1.659586907437560e-01
719	1.530510420185175e-01	1.548816618912481e-01
739	1.419751009824567e-01	1.445439770745928e-01
759	1.313467712409960e-01	1.318256738556407e-01
789	1.211663392335459e-01	1.230268770812381e-01
808	1.114340101266998e-01	1.122018454301964e-01
833	1.021499844896830e-01	1.023292992280754e-01
851	9.331461878506381e-02	9.332543007969910e-02
871	8.492801208081330e-02	8.511380382023763e-02
890	7.699056057234949e-02	7.762471166286916e-02
909	6.950238380985152e-02	7.079457843841380e-02
928	6.246378325541468e-02	6.309573444801933e-02
947	5.587498465757612e-02	5.623413251903491e-02
967	4.973622559414992e-02	5.011872336272722e-02
987	4.404779035296702e-02	4.466835921509630e-02
1007	3.880987596505792e-02	3.890451449942807e-02
1026	3.402275453714909e-02	3.467368504525317e-02
1046	2.968666585043522e-02	3.019951720402016e-02
1070	2.580187434319270e-02	2.630267991895381e-02
1090	2.236860086490289e-02	2.238721138568340e-02
1110	1.938710371406382e-02	1.949844599758046e-02
1130	1.685762630144516e-02	1.698243652461744e-02
1149	1.478042887876729e-02	1.479108388168207e-02
1188	1.436687220848043e-02	1.445439770745927e-02
1190	1.398767544031032e-02	1.412537544622754e-02
1231	1.378812865044698e-02	1.380384264602885e-02
1385	1.344544228982847e-02	1.348962882591653e-02
1425	1.254045363090706e-02	1.258925411794167e-02
1444	1.213101656328330e-02	1.230268770812382e-02
2134	1.193865968208396e-02	1.202264434617413e-02
2144	1.166292615560094e-02	1.174897554939530e-02
2905	1.144090479916149e-02	1.148153621496883e-02
2915	1.121010714998127e-02	1.122018454301964e-02
2925	1.092442143458272e-02	1.096478196143185e-02
2935	1.062536722749752e-02	1.071519305237606e-02
2945	1.034563096431762e-02	1.047128548050900e-02
2955	1.018108755124236e-02	1.023292992280754e-02
3068	9.985626884568166e-03	1.000000000000000e-02
3126	9.699048195772164e-03	9.772372209558112e-03
3150	9.473519321831714e-03	9.549925860214359e-03
3183	9.248254385215482e-03	9.332543007969915e-03
3207	9.023254343283327e-03	9.120108393559097e-03
3224	8.910853257852569e-03	8.912509381337459e-03
3248	8.686248691429088e-03	8.709635899560805e-03
3271	8.461907247146461e-03	8.511380382023767e-03
3300	8.237828554695237e-03	8.317637711026709e-03
3312	8.125887838455359e-03	8.128305161640995e-03
3336	7.902202332309316e-03	7.943282347242814e-03
3362	7.678778773560491e-03	7.762471166286920e-03
3374	7.567164144980598e-03	7.585775750291836e-03
3386	7.344132411150062e-03	7.413102413009177e-03
3392	7.232713955844461e-03	7.244359600749898e-03
3417	7.010072143614710e-03	7.079457843841380e-03
3429	6.898849093948334e-03	6.918309709189363e-03
3457	6.676726519711518e-03	6.760829753919818e-03
3469	6.565762039549505e-03	6.606934480075957e-03
3481	6.454862466383937e-03	6.456542290346556e-03
3513	6.233257138437143e-03	6.309573444801930e-03
3531	6.122550511416747e-03	6.165950018614822e-03
3553	6.011907372886816e-03	6.025595860743574e-03
3590	5.864548174481565e-03	5.888436553555890e-03
3594	5.751643910668403e-03	5.754399373371567e-03
3599	5.610761252698548e-03	5.623413251903491e-03
3604	5.470086733401103e-03	5.495408738576248e-03
3608	5.357694985668848e-03	5.370317963702527e-03
3612	5.245409353820008e-03	5.248074602497728e-03
3617	5.105229174164116e-03	5.128613839913648e-03
3621	4.993231892826633e-03	5.011872336272725e-03
3625	4.881365974504615e-03	4.897788193684461e-03
3629	4.769630742468722e-03	4.786300923226385e-03
3638	4.658026203606114e-03	4.677351412871981e-03
3657	4.546551972466673e-03	4.570881896148752e-03
3660	4.463031039436349e-03	4.466835921509630e-03
3664	4.351784767142042e-03	4.365158322401661e-03
3668	4.240732876670705e-03	4.265795188015926e-03
3671	4.157529424963058e-03	4.168693834703355e-03
3675	4.046703792773054e-03	4.073802778041126e-03
3678	3.963668351541605e-03	3.981071705534973e-03
3681	3.880853061792089e-03	3.890451449942805e-03
3688	3.791829854825512e-03	3.801893963205613e-03
3700	3.713162643436019e-03	3.715352290971724e-03
3712	3.628649348420221e-03	3.630780547701014e-03
3724	3.544284848277846e-03	3.548133892335753e-03
3735	3.467070575614351e-03	3.467368504525317e-03
3747	3.382965573402119e-03	3.388441561392024e-03
3758	3.305998957040202e-03	3.311311214825911e-03
3769	3.229155983747067e-03	3.235936569296281e-03
3779	3.159406184716662e-03	3.162277660168379e-03
3789	3.089758025585199e-03	3.090295432513592e-03
3800	3.013262342266065e-03	3.019951720402016e-03
3809	2.950803062882645e-03	2.951209226666387e-03
3819	2.881499510608676e-03	2.884031503126605e-03
3829	2.812296710341111e-03	2.818382931264455e-03
3841	2.752973869228459e-03	2.754228703338166e-03
3863	2.689821061999109e-03	2.691534803926917e-03
3897	2.629903310467419e-03	2.630267991895381e-03
3931	2.570146339965662e-03	2.570395782768865e-03
3965	2.510524241200685e-03	2.511886431509579e-03
3997	2.454541512965425e-03	2.454708915685031e-03
4029	2.398689584226288e-03	2.398832919019490e-03
4061	2.342968257696754e-03	2.344228815319923e-03
4091	2.290860825604479e-03	2.290867652767772e-03
4122	2.237153727158936e-03	2.238721138568340e-03
4153	2.186890639326977e-03	2.187761623949552e-03
4225	2.137703061146579e-03	2.137962089502233e-03
4336	2.088873106349087e-03	2.089296130854039e-03
4444	2.041544186957345e-03	2.041737944669530e-03
4551	1.994834670603907e-03	1.995262314968879e-03
4655	1.949613123603644e-03	1.949844599758046e-03
4757	1.905449635988377e-03	1.905460717963246e-03
4987	1.861985887953721e-03	1.862087136662868e-03
5373	1.819632161073392e-03	1.819700858609983e-03
5753	1.778221057358143e-03	1.778279410038923e-03
6181	1.737757669935558e-03	1.737800828749376e-03
7575	1.698240475593638e-03	1.698243652461744e-03
9738	1.659584042281503e-03	1.659586907437561e-03
19086	1.621809067409496e-03	1.621810097358930e-03
58457	1.564994844272083e-03	1.584893192461114e-03
58462	1.471114969413101e-03	1.479108388168207e-03
58467	1.434199558522975e-03	1.445439770745928e-03
59861	1.360613914614839e-03	1.380384264602885e-03
59867	1.268571003607555e-03	1.288249551693134e-03
59873	1.185805463254086e-03	1.202264434617413e-03
59879	1.112169115973116e-03	1.122018454301963e-03
59885	1.047444389369212e-03	1.071519305237606e-03
59891	9.913443162526958e-04	1.000000000000000e-03
59897	9.435125348844497e-04	9.549925860214359e-04
59903	9.035232887211198e-04	9.120108393559096e-04
59909	8.708814264705156e-04	8.709635899560805e-04
59915	8.450224021711028e-04	8.511380382023768e-04
59921	8.253122751711306e-04	8.317637711026709e-04
59927	8.110477100459201e-04	8.128305161640995e-04
59945	7.928531113037263e-04	7.943282347242813e-04
60017	7.761254123216377e-04	7.762471166286919e-04
62222	7.279197761870249e-04	7.413102413009177e-04
62227	6.923708932312644e-04	7.079457843841380e-04
62232	6.550934104851969e-04	6.606934480075957e-04
62237	6.186088416552105e-04	6.309573444801930e-04
62242	6.043429563131753e-04	6.165950018614823e-04
62267	6.020697880756432e-04	6.025595860743575e-04
64884	5.583199784670034e-04	5.623413251903491e-04
64889	5.028749179584180e-04	5.128613839913648e-04
64894	4.392007066595927e-04	4.466835921509630e-04
64924	4.360548958286525e-04	4.365158322401661e-04
64929	4.133952668522456e-04	4.168693834703355e-04
64934	3.998279599511934e-04	4.073802778041126e-04
65606	3.827791593087326e-04	3.890451449942805e-04
65611	3.522012028221999e-04	3.548133892335753e-04
65616	3.334983657435897e-04	3.388441561392024e-04
65631	3.229412916608831e-04	3.235936569296281e-04
65636	3.086873593158845e-04	3.090295432513592e-04
65641	2.923278629276549e-04	2.951209226666387e-04
65646	2.759178466703593e-04	2.818382931264455e-04
65651	2.611043151062864e-04	2.630267991895381e-04
65662	2.496359502531798e-04	2.511886431509580e-04
65694	2.435281365993358e-04	2.454708915685031e-04
69581	2.396796966915860e-04	2.398832919019490e-04
158046	2.344228756713251e-04	2.344228815319923e-04
197981	2.274503774178926e-04	2.290867652767772e-04
200000	2.274502693062619e-04	2.290867652767772e-04
%
% index = 515, name = bbob_f013_i13_d02__bbob_f013_i14_d02
% instance = 6, reference value = 9.805458103628319e-01
% function evaluation | indicator value | target hit
1	2.770761236051078e-01	2.818382931264454e-01
20	2.745944971145636e-01	2.754228703338166e-01
22	2.671250175041161e-01	2.691534803926916e-01
23	2.571083450946787e-01	2.630267991895382e-01
28	2.454273875197825e-01	2.454708915685030e-01
33	2.234236721401432e-01	2.238721138568339e-01
38	2.138280516059027e-01	2.187761623949552e-01
43	1.973545227505120e-01	1.995262314968880e-01
48	1.916381510853974e-01	1.949844599758045e-01
53	1.820765320166661e-01	1.862087136662867e-01
58	1.657287272124671e-01	1.659586907437560e-01
63	1.600731081874627e-01	1.621810097358930e-01
68	1.505470123985280e-01	1.513561248436208e-01
73	1.343245034167968e-01	1.348962882591654e-01
78	1.287278005544736e-01	1.288249551693134e-01
83	1.192387398978438e-01	1.202264434617413e-01
88	1.031410925121579e-01	1.047128548050900e-01
93	9.759917135817608e-02	9.772372209558107e-02
98	8.814864446096216e-02	8.912509381337455e-02
103	7.217541825728657e-02	7.244359600749903e-02
108	6.666627150066651e-02	6.760829753919818e-02
113	5.723734331323849e-02	5.754399373371569e-02
118	4.138809201640281e-02	4.168693834703355e-02
123	3.591158964101371e-02	3.630780547701014e-02
128	2.969462553385460e-02	3.019951720402016e-02
133	2.944905975780421e-02	2.951209226666385e-02
138	2.875429977247257e-02	2.884031503126606e-02
188	2.744864868817043e-02	2.754228703338166e-02
67976	1.905706705311205e-02	1.949844599758046e-02
67981	1.897302550090507e-02	1.905460717963247e-02
67996	1.850940928239386e-02	1.862087136662868e-02
68011	1.799364446568785e-02	1.819700858609984e-02
68026	1.746149087654159e-02	1.778279410038923e-02
68041	1.699921833181395e-02	1.737800828749375e-02
68051	1.696806051520561e-02	1.698243652461744e-02
68071	1.644132331101333e-02	1.659586907437561e-02
68166	1.621495490818781e-02	1.621810097358930e-02
154649	1.578824838024773e-02	1.584893192461113e-02
154758	1.539990106485523e-02	1.548816618912481e-02
154776	1.509166861267630e-02	1.513561248436208e-02
154801	1.475284439552360e-02	1.479108388168207e-02
154912	1.439738574800009e-02	1.445439770745927e-02
155036	1.410474076188206e-02	1.412537544622754e-02
155048	1.364109447979733e-02	1.380384264602885e-02
155061	1.324683681424688e-02	1.348962882591653e-02
155073	1.288066597255444e-02	1.288249551693134e-02
155108	1.254151892575250e-02	1.258925411794167e-02
155202	1.222833020663516e-02	1.230268770812382e-02
155208	1.194037819715654e-02	1.202264434617413e-02
155214	1.167643454312395e-02	1.174897554939530e-02
155220	1.143546414595509e-02	1.148153621496883e-02
155226	1.121643055279997e-02	1.122018454301964e-02
155238	1.084002119325067e-02	1.096478196143185e-02
155244	1.068056574876408e-02	1.071519305237606e-02
155256	1.041395602514239e-02	1.047128548050900e-02
155268	1.021010232019637e-02	1.023292992280754e-02
155305	9.957157018843033e-03	1.000000000000000e-02
200000	9.833315978867274e-03	1.000000000000000e-02
%
% index = 516, name = bbob_f013_i15_d02__bbob_f013_i16_d02
% instance = 7, reference value = 9.901090597055090e-01
% function evaluation | indicator value | target hit
1	8.310414795075681e+00	8.317637711026711e+00
28	8.065981882733883e+00	8.128305161640993e+00
33	7.899685604425690e+00	7.943282347242816e+00
38	7.734022035655838e+00	7.762471166286917e+00
43	7.569000679113014e+00	7.585775750291837e+00
48	7.404631610883488e+00	7.413102413009175e+00
53	7.240925602941101e+00	7.244359600749901e+00
58	7.077894213317659e+00	7.079457843841379e+00
63	6.915549948607080e+00	6.918309709189364e+00
68	6.753906414530025e+00	6.760829753919817e+00
73	6.592978479811629e+00	6.606934480075959e+00
78	6.432782499179611e+00	6.456542290346556e+00
83	6.273336568000229e+00	6.309573444801933e+00
88	6.114660780134018e+00	6.165950018614822e+00
93	5.956777571229935e+00	6.025595860743578e+00
98	5.799712100398871e+00	5.888436553555890e+00
103	5.643492713603765e+00	5.754399373371569e+00
108	5.488151474462280e+00	5.495408738576246e+00
113	5.333724817230078e+00	5.370317963702527e+00
118	5.180247201647009e+00	5.248074602497725e+00
123	5.027436101890509e+00	5.128613839913648e+00
128	4.875124324187009e+00	4.897788193684462e+00
133	4.723310169538509e+00	4.786300923226384e+00
138	4.571991792374010e+00	4.677351412871983e+00
143	4.421167226332010e+00	4.466835921509632e+00
148	4.270834365789010e+00	4.365158322401660e+00
153	4.120990989913509e+00	4.168693834703354e+00
158	3.971634769111509e+00	3.981071705534972e+00
163	3.822763267611509e+00	3.890451449942806e+00
168	3.674373957825509e+00	3.715352290971725e+00
173	3.526464222010509e+00	3.548133892335755e+00
178	3.379031361248509e+00	3.388441561392026e+00
183	3.232072605850509e+00	3.235936569296283e+00
188	3.085585117955509e+00	3.090295432513591e+00
193	2.939565995807509e+00	2.951209226666386e+00
198	2.794012287839009e+00	2.818382931264454e+00
203	2.648920994560009e+00	2.691534803926916e+00
208	2.504289068158509e+00	2.511886431509580e+00
213	2.360113426291509e+00	2.398832919019490e+00
218	2.224472015831009e+00	2.238721138568339e+00
223	2.081905960859509e+00	2.089296130854040e+00
228	1.947107066670009e+00	1.949844599758045e+00
233	1.806136060072009e+00	1.819700858609983e+00
238	1.672205874676509e+00	1.698243652461744e+00
243	1.532811455688009e+00	1.548816618912481e+00
248	1.399776904856509e+00	1.412537544622754e+00
253	1.261937220287009e+00	1.288249551693134e+00
258	1.129825966801509e+00	1.148153621496883e+00
263	9.935162682280089e-01	1.000000000000000e+00
268	8.695978364898131e-01	8.709635899560807e-01
273	7.457318106366366e-01	7.585775750291838e-01
278	6.143247172086600e-01	6.165950018614822e-01
283	4.902489120198789e-01	5.011872336272722e-01
288	3.555992019853338e-01	3.630780547701014e-01
293	2.316156050349232e-01	2.344228815319922e-01
298	9.503770965580882e-02	9.549925860214359e-02
303	8.436941340303084e-02	8.511380382023763e-02
308	2.801515969670354e-02	2.818382931264454e-02
348	2.687857251452608e-02	2.691534803926915e-02
368	2.295516088353267e-02	2.344228815319923e-02
388	1.921817475267262e-02	1.949844599758046e-02
418	1.903214939853237e-02	1.905460717963247e-02
513	1.857904274908773e-02	1.862087136662868e-02
34515	1.810445134010985e-02	1.819700858609984e-02
51313	1.772341779805164e-02	1.778279410038923e-02
51319	1.629369869871378e-02	1.659586907437561e-02
51331	1.411156717983009e-02	1.412537544622754e-02
51370	1.223716457545887e-02	1.230268770812382e-02
51376	1.129601559347593e-02	1.148153621496883e-02
51382	1.096904514522834e-02	1.122018454301964e-02
51388	1.094441293633752e-02	1.096478196143185e-02
59495	1.006733574682606e-02	1.023292992280754e-02
99480	9.909348282102215e-03	1.000000000000000e-02
99482	9.701753226283749e-03	9.772372209558112e-03
99486	9.519925891777192e-03	9.549925860214359e-03
99495	9.327027142557953e-03	9.332543007969915e-03
99607	9.120045491608497e-03	9.120108393559097e-03
167543	6.584165300313582e-03	6.606934480075957e-03
167588	5.970918577177908e-03	6.025595860743574e-03
200000	5.970914116701365e-03	6.025595860743574e-03
%
% index = 517, name = bbob_f013_i17_d02__bbob_f013_i18_d02
% instance = 8, reference value = 5.850943818378970e-01
% function evaluation | indicator value | target hit
1	6.451076081143970e-01	6.456542290346555e-01
33	6.286949289163969e-01	6.309573444801932e-01
43	6.163897032248969e-01	6.165950018614822e-01
58	5.996214684528970e-01	6.025595860743578e-01
73	5.848073129627270e-01	5.888436553555889e-01
88	5.464467894764498e-01	5.495408738576245e-01
108	5.345461417841292e-01	5.370317963702527e-01
128	4.954703022204920e-01	5.011872336272722e-01
148	4.876417415723765e-01	4.897788193684462e-01
163	4.545717579776785e-01	4.570881896148750e-01
193	4.203484346357210e-01	4.265795188015927e-01
212	4.160360896891813e-01	4.168693834703354e-01
821	4.066320134592405e-01	4.073802778041127e-01
833	3.914628731299188e-01	3.981071705534972e-01
839	3.839969980203055e-01	3.890451449942806e-01
845	3.766134911373568e-01	3.801893963205612e-01
851	3.693147603422586e-01	3.715352290971726e-01
857	3.621031974592057e-01	3.630780547701014e-01
869	3.479510625414888e-01	3.548133892335755e-01
875	3.410151939692227e-01	3.467368504525316e-01
881	3.341759002364942e-01	3.388441561392025e-01
887	3.274354929813280e-01	3.311311214825911e-01
893	3.207962678064348e-01	3.235936569296283e-01
899	3.142605042775275e-01	3.162277660168379e-01
905	3.078304659225125e-01	3.090295432513591e-01
911	3.015084002327047e-01	3.019951720402016e-01
923	2.891970966290040e-01	2.951209226666385e-01
929	2.832122735131418e-01	2.884031503126606e-01
935	2.773442526577649e-01	2.818382931264454e-01
941	2.715952013691951e-01	2.754228703338166e-01
947	2.659672709167346e-01	2.691534803926916e-01
953	2.604625965326858e-01	2.630267991895382e-01
959	2.550832974126716e-01	2.570395782768864e-01
965	2.498314767146116e-01	2.511886431509580e-01
971	2.447092215594302e-01	2.454708915685030e-01
977	2.397186030323408e-01	2.398832919019490e-01
989	2.301404800117068e-01	2.344228815319922e-01
995	2.255570375021482e-01	2.290867652767773e-01
1011	2.234929210718211e-01	2.238721138568339e-01
1429	2.177884712210142e-01	2.187761623949552e-01
1444	2.125086650364594e-01	2.137962089502232e-01
1459	2.077711830774358e-01	2.089296130854039e-01
1474	2.036134181886339e-01	2.041737944669530e-01
1494	1.991084834648816e-01	1.995262314968880e-01
1524	1.947834544397257e-01	1.949844599758045e-01
2155	1.894283294701514e-01	1.905460717963247e-01
2201	1.799806307708176e-01	1.819700858609984e-01
2225	1.679218080449625e-01	1.698243652461744e-01
2250	1.521469112731045e-01	1.548816618912481e-01
2278	1.372403582465323e-01	1.380384264602885e-01
2306	1.231912356865517e-01	1.258925411794167e-01
2334	1.100026606320449e-01	1.122018454301964e-01
2362	9.767802643921097e-02	9.772372209558107e-02
2389	8.622117357916464e-02	8.709635899560805e-02
2422	7.563615244399313e-02	7.585775750291836e-02
2449	6.592729652579632e-02	6.606934480075961e-02
2477	5.709905890395195e-02	5.754399373371569e-02
2510	4.915601716055618e-02	5.011872336272722e-02
2538	4.210271223423101e-02	4.265795188015926e-02
2570	3.594364272808925e-02	3.630780547701014e-02
2602	3.068306427409184e-02	3.090295432513590e-02
2645	2.632497753333507e-02	2.691534803926915e-02
2674	2.287296981913800e-02	2.290867652767773e-02
2703	2.033012898368980e-02	2.041737944669529e-02
2732	1.869896359400824e-02	1.905460717963247e-02
2761	1.798130269633347e-02	1.819700858609984e-02
2978	1.774573449064321e-02	1.778279410038923e-02
3022	1.702799904430496e-02	1.737800828749375e-02
3044	1.626387633911142e-02	1.659586907437561e-02
3073	1.501086801645224e-02	1.513561248436208e-02
3099	1.367577046657631e-02	1.380384264602885e-02
3125	1.266798401911096e-02	1.288249551693134e-02
3156	1.196597795367427e-02	1.202264434617413e-02
3183	1.154721586713647e-02	1.174897554939530e-02
3210	1.134886899958465e-02	1.148153621496883e-02
3346	1.121149357381934e-02	1.122018454301964e-02
4152	1.095987832115275e-02	1.096478196143185e-02
4694	1.071041332967670e-02	1.071519305237606e-02
4949	1.046478536258788e-02	1.047128548050900e-02
5360	1.023232143279262e-02	1.023292992280754e-02
5391	9.988145819344263e-03	1.000000000000000e-02
5416	9.763888442023694e-03	9.772372209558112e-03
5442	9.541246103549783e-03	9.549925860214359e-03
5468	9.320274893753533e-03	9.332543007969915e-03
5494	9.101020496877776e-03	9.120108393559097e-03
5519	8.883518094988552e-03	8.912509381337459e-03
5544	8.667788350723793e-03	8.709635899560805e-03
5569	8.455629082241956e-03	8.511380382023767e-03
5594	8.245245772858345e-03	8.317637711026709e-03
5624	8.038348166625076e-03	8.128305161640995e-03
5649	7.834798219660155e-03	7.943282347242814e-03
5674	7.632853190577715e-03	7.762471166286920e-03
5698	7.432462331170453e-03	7.585775750291836e-03
5723	7.233227376239437e-03	7.244359600749898e-03
5747	7.034343156630984e-03	7.079457843841380e-03
5772	6.836257898633957e-03	6.918309709189363e-03
5797	6.639115195717027e-03	6.760829753919818e-03
5821	6.455832939473161e-03	6.456542290346556e-03
5892	6.308738734699726e-03	6.309573444801930e-03
5915	6.156457013583361e-03	6.165950018614822e-03
5970	5.930841469982462e-03	6.025595860743574e-03
5998	5.826899129321994e-03	5.888436553555890e-03
6022	5.725945247899156e-03	5.754399373371567e-03
6093	5.588551666937391e-03	5.623413251903491e-03
6139	5.475882320099545e-03	5.495408738576248e-03
6187	5.363983726086152e-03	5.370317963702527e-03
6259	5.197746494123523e-03	5.248074602497728e-03
6306	5.087908103445948e-03	5.128613839913648e-03
6366	4.978934053543993e-03	5.011872336272725e-03
6411	4.870838172483682e-03	4.897788193684461e-03
6462	4.764068994959181e-03	4.786300923226385e-03
6513	4.658635987168425e-03	4.677351412871981e-03
6563	4.554509808264773e-03	4.570881896148752e-03
6609	4.452085823702934e-03	4.466835921509630e-03
6655	4.350898185060736e-03	4.365158322401661e-03
6701	4.250497056108471e-03	4.265795188015926e-03
6746	4.150770309504392e-03	4.168693834703355e-03
6792	4.051436910878170e-03	4.073802778041126e-03
6837	3.952350774796831e-03	3.981071705534973e-03
6883	3.853714231333627e-03	3.890451449942805e-03
6932	3.756170085002952e-03	3.801893963205613e-03
6954	3.707907934029309e-03	3.715352290971724e-03
7006	3.618615925851554e-03	3.630780547701014e-03
7103	3.533920318029016e-03	3.548133892335753e-03
7151	3.455974106139847e-03	3.467368504525317e-03
7201	3.387515821692832e-03	3.388441561392024e-03
7268	3.300838441009368e-03	3.311311214825911e-03
7334	3.222905948115584e-03	3.235936569296281e-03
7400	3.145799317996523e-03	3.162277660168379e-03
7474	3.080004944920334e-03	3.090295432513592e-03
7564	3.012500835647192e-03	3.019951720402016e-03
7650	2.944811531518376e-03	2.951209226666387e-03
7758	2.874851628643982e-03	2.884031503126605e-03
7870	2.805587882537819e-03	2.818382931264455e-03
7966	2.750449426431767e-03	2.754228703338166e-03
8056	2.682240187848461e-03	2.691534803926917e-03
8150	2.628136796973823e-03	2.630267991895381e-03
8271	2.561358964171534e-03	2.570395782768865e-03
8355	2.508694034685122e-03	2.511886431509579e-03
8454	2.448249724460783e-03	2.454708915685031e-03
8546	2.396881545417950e-03	2.398832919019490e-03
8650	2.333642077968712e-03	2.344228815319923e-03
8739	2.283487808303897e-03	2.290867652767772e-03
8820	2.233669935721716e-03	2.238721138568340e-03
8903	2.184048932421190e-03	2.187761623949552e-03
8990	2.134550664993018e-03	2.137962089502233e-03
9080	2.085275394015595e-03	2.089296130854039e-03
9164	2.036544843765475e-03	2.041737944669530e-03
9242	1.988371794959143e-03	1.995262314968879e-03
9330	1.947492322092237e-03	1.949844599758046e-03
9467	1.901772519488643e-03	1.905460717963246e-03
9524	1.853923373568822e-03	1.862087136662868e-03
9605	1.817043388144923e-03	1.819700858609983e-03
9699	1.774430260454651e-03	1.778279410038923e-03
9789	1.735282045608910e-03	1.737800828749376e-03
9906	1.696334517300779e-03	1.698243652461744e-03
10024	1.657437295427444e-03	1.659586907437561e-03
10123	1.619861337208595e-03	1.621810097358930e-03
10229	1.581276778643170e-03	1.584893192461114e-03
10346	1.548566316244782e-03	1.548816618912481e-03
10527	1.510569405943074e-03	1.513561248436209e-03
10716	1.479074716131734e-03	1.479108388168207e-03
10925	1.444361283159945e-03	1.445439770745928e-03
11129	1.409944250354123e-03	1.412537544622754e-03
11323	1.379272655904540e-03	1.380384264602885e-03
11471	1.348837788779589e-03	1.348962882591653e-03
11677	1.315465432431995e-03	1.318256738556408e-03
11842	1.285830559876078e-03	1.288249551693134e-03
12021	1.256613735743595e-03	1.258925411794167e-03
12170	1.227871634972511e-03	1.230268770812381e-03
12333	1.199439227434373e-03	1.202264434617413e-03
12495	1.174373657857442e-03	1.174897554939529e-03
12674	1.146373243161247e-03	1.148153621496883e-03
12827	1.121580365120556e-03	1.122018454301963e-03
13027	1.093772431191020e-03	1.096478196143185e-03
13172	1.069174800714556e-03	1.071519305237606e-03
13336	1.044927244628346e-03	1.047128548050900e-03
13494	1.020882512298149e-03	1.023292992280754e-03
13632	9.986740460332655e-04	1.000000000000000e-03
13843	9.753777943296571e-04	9.772372209558111e-04
13944	9.536036554980143e-04	9.549925860214359e-04
14027	9.325047789766616e-04	9.332543007969915e-04
14131	9.117300461342071e-04	9.120108393559096e-04
14256	8.902051465504712e-04	8.912509381337459e-04
14429	8.707319420953041e-04	8.709635899560805e-04
14608	8.496588959981954e-04	8.511380382023768e-04
14764	8.312286315249606e-04	8.317637711026709e-04
14858	8.127946613620818e-04	8.128305161640995e-04
15041	7.942207077120678e-04	7.943282347242813e-04
15254	7.753387064393102e-04	7.762471166286919e-04
15463	7.577356996583129e-04	7.585775750291835e-04
15710	7.411746463883429e-04	7.413102413009177e-04
15982	7.238917061865857e-04	7.244359600749898e-04
16236	7.076115212168999e-04	7.079457843841380e-04
16477	6.914766165434516e-04	6.918309709189362e-04
16727	6.754918569960022e-04	6.760829753919819e-04
16921	6.605800144693363e-04	6.606934480075957e-04
17116	6.450086375462405e-04	6.456542290346556e-04
17343	6.305033620688238e-04	6.309573444801930e-04
17544	6.161950188896537e-04	6.165950018614823e-04
17758	6.020084610146581e-04	6.025595860743575e-04
17965	5.887426065275259e-04	5.888436553555889e-04
18179	5.747785760442659e-04	5.754399373371566e-04
18359	5.616266806639514e-04	5.623413251903491e-04
18532	5.492978001431226e-04	5.495408738576248e-04
18725	5.363006613774424e-04	5.370317963702527e-04
18877	5.242490827100932e-04	5.248074602497728e-04
19051	5.121558942066118e-04	5.128613839913648e-04
19252	5.010111285058683e-04	5.011872336272725e-04
19371	4.897584657088672e-04	4.897788193684461e-04
19541	4.783701923236627e-04	4.786300923226385e-04
19654	4.676538566427135e-04	4.677351412871981e-04
19811	4.567201244591867e-04	4.570881896148752e-04
19929	4.464580785501493e-04	4.466835921509630e-04
20119	4.363207788065093e-04	4.365158322401661e-04
20292	4.261944651644534e-04	4.265795188015926e-04
20412	4.165482104044882e-04	4.168693834703355e-04
20503	4.072258353990943e-04	4.073802778041126e-04
20621	3.979934538258512e-04	3.981071705534974e-04
20693	3.890020263829230e-04	3.890451449942805e-04
20820	3.800091378235448e-04	3.801893963205612e-04
20929	3.715231107339623e-04	3.715352290971724e-04
21055	3.628935883871476e-04	3.630780547701014e-04
21133	3.547648347451693e-04	3.548133892335753e-04
21226	3.467096074027953e-04	3.467368504525317e-04
21344	3.387284481254360e-04	3.388441561392024e-04
21437	3.310933339698563e-04	3.311311214825911e-04
21545	3.235343182628192e-04	3.235936569296281e-04
21612	3.160867735911843e-04	3.162277660168379e-04
21669	3.089555221732487e-04	3.090295432513592e-04
21725	3.018890110123573e-04	3.019951720402016e-04
21760	2.950732803507217e-04	2.951209226666387e-04
21825	2.882916350532838e-04	2.884031503126605e-04
21869	2.817211112908780e-04	2.818382931264455e-04
21917	2.753601085185853e-04	2.754228703338166e-04
21950	2.690747419213935e-04	2.691534803926917e-04
21983	2.628679705112269e-04	2.630267991895381e-04
22015	2.569321758244536e-04	2.570395782768865e-04
22056	2.510155211896681e-04	2.511886431509580e-04
22090	2.453208880401903e-04	2.454708915685031e-04
22127	2.397966039620059e-04	2.398832919019490e-04
22169	2.344179825000126e-04	2.344228815319923e-04
22214	2.290712864790878e-04	2.290867652767772e-04
22263	2.238330928779897e-04	2.238721138568340e-04
22313	2.187651127518730e-04	2.187761623949552e-04
22363	2.137021846783105e-04	2.137962089502232e-04
22412	2.088598390381780e-04	2.089296130854039e-04
22467	2.041726177498537e-04	2.041737944669530e-04
22567	1.995059559860568e-04	1.995262314968879e-04
22650	1.949565168056777e-04	1.949844599758046e-04
22731	1.905065855218879e-04	1.905460717963246e-04
22810	1.862064207049929e-04	1.862087136662868e-04
22889	1.819418012698470e-04	1.819700858609983e-04
22966	1.778217469908805e-04	1.778279410038923e-04
23043	1.737386158756626e-04	1.737800828749376e-04
23118	1.697973412101428e-04	1.698243652461744e-04
23193	1.659203835966405e-04	1.659586907437562e-04
23267	1.621327381776672e-04	1.621810097358930e-04
23340	1.584584334345385e-04	1.584893192461114e-04
23413	1.548354550691133e-04	1.548816618912481e-04
23484	1.513471742623507e-04	1.513561248436209e-04
23555	1.478875047211670e-04	1.479108388168207e-04
23624	1.445437323196463e-04	1.445439770745928e-04
23693	1.412087464088829e-04	1.412537544622754e-04
23759	1.380323690379770e-04	1.380384264602885e-04
23825	1.348843115867027e-04	1.348962882591653e-04
23891	1.317792900834558e-04	1.318256738556407e-04
23955	1.288099179571622e-04	1.288249551693134e-04
24031	1.258678264407509e-04	1.258925411794167e-04
24097	1.230241339402749e-04	1.230268770812381e-04
24172	1.201921172204745e-04	1.202264434617413e-04
24252	1.174888653652228e-04	1.174897554939529e-04
24341	1.148120583638335e-04	1.148153621496883e-04
24436	1.121905690462111e-04	1.122018454301963e-04
24537	1.096306237496902e-04	1.096478196143185e-04
24635	1.071490007684694e-04	1.071519305237606e-04
24733	1.047090226193870e-04	1.047128548050900e-04
24838	1.023271172237994e-04	1.023292992280754e-04
24990	9.998932146526585e-05	1.000000000000000e-04
25169	9.772123548035250e-05	9.772372209558111e-05
25330	9.549136781816792e-05	9.549925860214369e-05
25489	9.332121490301937e-05	9.332543007969905e-05
25646	9.119790427636332e-05	9.120108393559096e-05
25801	8.911991901383587e-05	8.912509381337459e-05
25954	8.708645757715683e-05	8.709635899560814e-05
26104	8.511110877562622e-05	8.511380382023759e-05
26253	8.317559526571650e-05	8.317637711026709e-05
26401	8.127716748029812e-05	8.128305161640995e-05
26547	7.943178268809969e-05	7.943282347242822e-05
26692	7.762380089382237e-05	7.762471166286911e-05
26836	7.585037770219127e-05	7.585775750291836e-05
26977	7.412848255139437e-05	7.413102413009176e-05
27116	7.244225463809428e-05	7.244359600749906e-05
27253	7.078552909856040e-05	7.079457843841373e-05
27386	6.918283137691272e-05	6.918309709189363e-05
27518	6.759972453496133e-05	6.760829753919819e-05
27648	6.606780053586281e-05	6.606934480075965e-05
27778	6.455434432484086e-05	6.456542290346549e-05
27919	6.309408491667057e-05	6.309573444801929e-05
28046	6.165303094796126e-05	6.165950018614822e-05
28190	6.025215243854465e-05	6.025595860743581e-05
28340	5.887605573151600e-05	5.888436553555884e-05
28512	5.754169905047846e-05	5.754399373371566e-05
28690	5.623223976025660e-05	5.623413251903491e-05
28891	5.494789019400148e-05	5.495408738576248e-05
29088	5.370028927043080e-05	5.370317963702532e-05
29282	5.247528988838734e-05	5.248074602497723e-05
29479	5.128444246094155e-05	5.128613839913648e-05
29711	5.011554861111822e-05	5.011872336272725e-05
30052	4.897576413132043e-05	4.897788193684466e-05
30374	4.786215867003119e-05	4.786300923226380e-05
30692	4.677287747156811e-05	4.677351412871981e-05
31006	4.570590688912635e-05	4.570881896148752e-05
31314	4.466807880709744e-05	4.466835921509635e-05
31619	4.364924665822834e-05	4.365158322401657e-05
31919	4.265600341113451e-05	4.265795188015926e-05
32215	4.168482706379262e-05	4.168693834703355e-05
32509	4.073660175696325e-05	4.073802778041130e-05
32799	3.981065653557714e-05	3.981071705534969e-05
33088	3.890172375675682e-05	3.890451449942805e-05
33373	3.801853543849987e-05	3.801893963205612e-05
33655	3.715280766480866e-05	3.715352290971728e-05
33933	3.630630126605361e-05	3.630780547701010e-05
34206	3.547946572624028e-05	3.548133892335753e-05
34473	3.467287593938995e-05	3.467368504525317e-05
34736	3.388162650974635e-05	3.388441561392028e-05
34994	3.311165842934116e-05	3.311311214825908e-05
35250	3.235860271710855e-05	3.235936569296281e-05
35502	3.162171854553808e-05	3.162277660168380e-05
35772	3.090267661154389e-05	3.090295432513592e-05
36021	3.019939346537992e-05	3.019951720402019e-05
36308	2.951057233302468e-05	2.951209226666384e-05
36604	2.883871509617997e-05	2.884031503126606e-05
36943	2.818235915702516e-05	2.818382931264455e-05
37294	2.754067203947219e-05	2.754228703338169e-05
37688	2.691388080700019e-05	2.691534803926914e-05
38075	2.630118343804888e-05	2.630267991895381e-05
38454	2.570290201220349e-05	2.570395782768864e-05
38840	2.511764817214601e-05	2.511886431509582e-05
39285	2.454656143136003e-05	2.454708915685029e-05
39900	2.398772207590216e-05	2.398832919019490e-05
40525	2.344160528533479e-05	2.344228815319923e-05
41147	2.290855769182532e-05	2.290867652767775e-05
41761	2.238648113983555e-05	2.238721138568338e-05
42365	2.187708812906308e-05	2.187761623949552e-05
42960	2.137946343205854e-05	2.137962089502232e-05
43547	2.089280276140748e-05	2.089296130854041e-05
44126	2.041696540822091e-05	2.041737944669527e-05
44700	1.995211324645751e-05	1.995262314968879e-05
45267	1.949796966371764e-05	1.949844599758046e-05
45829	1.905451133188407e-05	1.905460717963248e-05
46386	1.862060269597343e-05	1.862087136662866e-05
46937	1.819641103528724e-05	1.819700858609983e-05
47479	1.778253027384658e-05	1.778279410038923e-05
48013	1.737743538365866e-05	1.737800828749376e-05
48536	1.698200896871338e-05	1.698243652461746e-05
49049	1.659529363717827e-05	1.659586907437560e-05
49552	1.621785828642697e-05	1.621810097358930e-05
50051	1.584855054270751e-05	1.584893192461114e-05
50543	1.548752224944661e-05	1.548816618912483e-05
51026	1.513510577744182e-05	1.513561248436207e-05
51531	1.479062016995769e-05	1.479108388168207e-05
52032	1.445396435273416e-05	1.445439770745928e-05
52588	1.412529478517222e-05	1.412537544622755e-05
53169	1.380361300151733e-05	1.380384264602884e-05
53830	1.348933867473256e-05	1.348962882591653e-05
54519	1.318219752810545e-05	1.318256738556407e-05
55275	1.288246120567660e-05	1.288249551693135e-05
56016	1.258918563129541e-05	1.258925411794166e-05
56742	1.230260153572971e-05	1.230268770812381e-05
57478	1.202262687827194e-05	1.202264434617413e-05
58315	1.174884622756611e-05	1.174897554939530e-05
59412	1.148150219076882e-05	1.148153621496882e-05
60592	1.122010555254516e-05	1.122018454301963e-05
61778	1.096461624272571e-05	1.096478196143185e-05
62949	1.071503460636780e-05	1.071519305237607e-05
64103	1.047109199281415e-05	1.047128548050899e-05
65239	1.023288109636145e-05	1.023292992280754e-05
66359	9.999933588078491e-06	1.000000000000000e-05
67463	9.772205409097623e-06	9.772372209558111e-06
68552	9.549745434322965e-06	9.549925860214369e-06
69632	9.332396944339294e-06	9.332543007969906e-06
70697	9.120066528756077e-06	9.120108393559096e-06
71753	8.912488000722973e-06	8.912509381337459e-06
200000	8.790729663310515e-06	8.912509381337459e-06
%
% index = 518, name = bbob_f013_i19_d02__bbob_f013_i21_d02
% instance = 9, reference value = 8.124121566356119e-01
% function evaluation | indicator value | target hit
1	1.937879579718967e+00	1.949844599758045e+00
22	1.891862097007123e+00	1.905460717963247e+00
23	1.847812473448367e+00	1.862087136662868e+00
28	1.799589784034680e+00	1.819700858609983e+00
33	1.718963802425612e+00	1.737800828749375e+00
38	1.643193208964612e+00	1.659586907437561e+00
43	1.567642800880612e+00	1.584893192461114e+00
48	1.492312673335112e+00	1.513561248436208e+00
53	1.417202921506612e+00	1.445439770745927e+00
58	1.342313641083612e+00	1.348962882591654e+00
63	1.267644928294612e+00	1.288249551693134e+00
68	1.193196879330612e+00	1.202264434617413e+00
73	1.118969590867612e+00	1.122018454301963e+00
78	1.044963159719112e+00	1.047128548050900e+00
93	1.020378770891612e+00	1.023292992280754e+00
103	9.982661975296119e-01	1.000000000000000e+00
108	9.252768724641118e-01	9.332543007969910e-01
123	9.022266312716118e-01	9.120108393559098e-01
133	8.814443961211120e-01	8.912509381337456e-01
143	8.612721909711119e-01	8.709635899560807e-01
153	7.836970170888953e-01	7.943282347242815e-01
163	7.731779000727724e-01	7.762471166286917e-01
173	7.542206360727339e-01	7.585775750291838e-01
183	7.347736373941945e-01	7.413102413009175e-01
193	7.149463617316191e-01	7.244359600749900e-01
198	7.064853229047260e-01	7.079457843841379e-01
203	6.442799852575161e-01	6.456542290346555e-01
218	6.259849359301498e-01	6.309573444801932e-01
228	6.084900181519436e-01	6.165950018614822e-01
233	5.996879843471339e-01	6.025595860743578e-01
243	5.829378413846412e-01	5.888436553555889e-01
248	5.234540862798495e-01	5.248074602497725e-01
263	5.080751507155088e-01	5.128613839913648e-01
268	5.007509455733851e-01	5.011872336272722e-01
278	4.861220971919758e-01	4.897788193684462e-01
288	4.715869331437737e-01	4.786300923226383e-01
293	4.657058500968949e-01	4.677351412871982e-01
298	4.090389530217464e-01	4.168693834703354e-01
308	4.026128690302022e-01	4.073802778041127e-01
313	3.967360653318288e-01	3.981071705534972e-01
323	3.851096716309315e-01	3.890451449942806e-01
328	3.793772430082581e-01	3.801893963205612e-01
338	3.683159659507946e-01	3.715352290971726e-01
343	3.157064493789922e-01	3.162277660168379e-01
358	3.061864253782068e-01	3.090295432513591e-01
363	3.016944327375273e-01	3.019951720402016e-01
373	2.929442023923020e-01	2.951209226666385e-01
383	2.845502096929472e-01	2.884031503126606e-01
388	2.811781886503580e-01	2.818382931264454e-01
393	2.328588504272856e-01	2.344228815319922e-01
408	2.261652383200657e-01	2.290867652767773e-01
413	2.230476396527317e-01	2.238721138568339e-01
423	2.171119074595931e-01	2.187761623949552e-01
433	2.116078218768658e-01	2.137962089502232e-01
443	1.661314219346770e-01	1.698243652461744e-01
453	1.639770527220143e-01	1.659586907437560e-01
458	1.620056250790773e-01	1.621810097358930e-01
468	1.583823540407239e-01	1.584893192461113e-01
483	1.537944389086560e-01	1.548816618912481e-01
493	1.149957717174629e-01	1.174897554939529e-01
503	1.139778640091325e-01	1.148153621496883e-01
518	1.116232254156473e-01	1.122018454301964e-01
543	7.848808864419898e-02	7.943282347242814e-02
653	7.741499644508398e-02	7.762471166286916e-02
712	6.761541071840638e-02	6.918309709189366e-02
713	6.758773714054422e-02	6.760829753919818e-02
881	6.491353584126069e-02	6.606934480075961e-02
902	5.504044532808783e-02	5.623413251903491e-02
925	4.561332309167332e-02	4.570881896148749e-02
943	4.386846884694184e-02	4.466835921509630e-02
944	4.207723457580326e-02	4.265795188015926e-02
951	4.148888566274134e-02	4.168693834703355e-02
999	4.051819703831250e-02	4.073802778041128e-02
1202	3.979488367587991e-02	3.981071705534973e-02
1287	3.871473897297917e-02	3.890451449942807e-02
1322	3.793308289509967e-02	3.801893963205612e-02
1435	3.689300186941691e-02	3.715352290971726e-02
1778	3.622231764701767e-02	3.630780547701014e-02
2131	3.520150517165821e-02	3.548133892335755e-02
2141	3.459231408935437e-02	3.467368504525317e-02
2151	3.326521759176182e-02	3.388441561392026e-02
2156	3.251988769960268e-02	3.311311214825911e-02
2161	3.172951815204761e-02	3.235936569296283e-02
2166	3.090093444929232e-02	3.090295432513590e-02
2171	3.004073386679740e-02	3.019951720402016e-02
2176	2.915528523585276e-02	2.951209226666385e-02
2181	2.825072904313075e-02	2.884031503126606e-02
2186	2.733297739929808e-02	2.754228703338166e-02
2191	2.640771411779608e-02	2.691534803926915e-02
2196	2.548039464304197e-02	2.570395782768863e-02
2216	2.495210730641673e-02	2.511886431509579e-02
2226	2.422775935782973e-02	2.454708915685030e-02
2231	2.385504645116898e-02	2.398832919019490e-02
2241	2.310895462639573e-02	2.344228815319923e-02
2246	2.274305530686138e-02	2.290867652767773e-02
2251	2.238652631400484e-02	2.238721138568340e-02
2261	2.171402649723064e-02	2.187761623949553e-02
2271	2.111406646153335e-02	2.137962089502233e-02
2276	2.084735596208098e-02	2.089296130854040e-02
2559	2.025041483587919e-02	2.041737944669529e-02
2569	1.978452832837485e-02	1.995262314968880e-02
2579	1.927659842696561e-02	1.949844599758046e-02
2644	1.903543485607262e-02	1.905460717963247e-02
3070	1.856570433379745e-02	1.862087136662868e-02
3150	1.815391800068389e-02	1.819700858609984e-02
3871	1.778091235420098e-02	1.778279410038923e-02
4145	1.737750784457504e-02	1.737800828749375e-02
56601	1.682193363338258e-02	1.698243652461744e-02
56674	1.655988503484729e-02	1.659586907437561e-02
56706	1.613216918629723e-02	1.621810097358930e-02
56785	1.583242299892440e-02	1.584893192461113e-02
58605	1.545487958019487e-02	1.548816618912481e-02
58744	1.509356786380922e-02	1.513561248436208e-02
58774	1.478614396928102e-02	1.479108388168207e-02
59972	1.445420270009801e-02	1.445439770745927e-02
112923	1.352518601239061e-02	1.380384264602885e-02
112933	1.341503487964091e-02	1.348962882591653e-02
112963	1.315772561769013e-02	1.318256738556407e-02
112973	1.267526378095918e-02	1.288249551693134e-02
112978	1.238335409986235e-02	1.258925411794167e-02
112998	1.222399404631092e-02	1.230268770812382e-02
113008	1.196259983861536e-02	1.202264434617413e-02
113018	1.162406841681163e-02	1.174897554939530e-02
113023	1.143626632739381e-02	1.148153621496883e-02
113033	1.121518094492391e-02	1.122018454301964e-02
113073	1.094286100755593e-02	1.096478196143185e-02
113998	1.055056672270749e-02	1.071519305237606e-02
114003	1.038719273837863e-02	1.047128548050900e-02
114048	1.016669863392461e-02	1.023292992280754e-02
114098	9.919765029300365e-03	1.000000000000000e-02
114143	9.761221652034968e-03	9.772372209558112e-03
114193	9.519532654164498e-03	9.549925860214359e-03
114653	9.322944393042487e-03	9.332543007969915e-03
121123	9.119856389962711e-03	9.120108393559097e-03
123998	8.859889151815126e-03	8.912509381337459e-03
124048	8.698757682665037e-03	8.709635899560805e-03
186363	7.609876633799861e-03	7.762471166286920e-03
186458	7.438209761031933e-03	7.585775750291836e-03
186503	7.410418704047461e-03	7.413102413009177e-03
186553	7.205514710643790e-03	7.244359600749898e-03
189289	7.066485479378382e-03	7.079457843841380e-03
189879	6.916787370709998e-03	6.918309709189363e-03
190182	6.759311833110071e-03	6.760829753919818e-03
190510	6.488139216309308e-03	6.606934480075957e-03
190555	6.349384431694305e-03	6.456542290346556e-03
190560	6.014189223890298e-03	6.025595860743574e-03
190650	5.865013730031676e-03	5.888436553555890e-03
194138	5.738962530010827e-03	5.754399373371567e-03
196382	5.483136700002222e-03	5.495408738576248e-03
196724	4.586632573374438e-03	4.677351412871981e-03
196819	4.519480817793298e-03	4.570881896148752e-03
196914	4.433424365917871e-03	4.466835921509630e-03
197345	4.204083269754744e-03	4.265795188015926e-03
197440	4.123972137360599e-03	4.168693834703355e-03
197585	4.071698528796297e-03	4.073802778041126e-03
200000	4.071698422676628e-03	4.073802778041126e-03
%
% index = 519, name = bbob_f013_i21_d02__bbob_f013_i22_d02
% instance = 10, reference value = 9.975318629268840e-01
% function evaluation | indicator value | target hit
1	6.346673172227302e+00	6.456542290346556e+00
20	6.286882128664630e+00	6.309573444801933e+00
22	6.108432881561408e+00	6.165950018614822e+00
23	5.872801188528142e+00	5.888436553555890e+00
28	5.603469297555843e+00	5.623413251903491e+00
33	5.113721419013921e+00	5.128613839913648e+00
38	4.644106663729938e+00	4.677351412871983e+00
43	4.202107814828470e+00	4.265795188015927e+00
48	3.799251533182995e+00	3.801893963205611e+00
53	3.453086868676595e+00	3.467368504525317e+00
58	3.188623655682384e+00	3.235936569296283e+00
63	2.973112579933384e+00	3.019951720402016e+00
68	2.757988226753884e+00	2.818382931264454e+00
73	2.539685824093384e+00	2.570395782768863e+00
78	2.325356726717384e+00	2.344228815319922e+00
83	2.108488211511884e+00	2.137962089502232e+00
88	1.894951489239884e+00	1.905460717963247e+00
93	1.679510013187884e+00	1.698243652461744e+00
98	1.466762783034384e+00	1.479108388168207e+00
103	1.252741504332884e+00	1.258925411794167e+00
108	1.040780879834384e+00	1.047128548050900e+00
113	9.028334853325195e-01	9.120108393559098e-01
118	6.456643579227610e-01	6.606934480075960e-01
123	5.258986539381882e-01	5.370317963702527e-01
128	2.487656304452956e-01	2.511886431509580e-01
133	1.421450562736933e-01	1.445439770745928e-01
138	1.169928297507393e-01	1.174897554939529e-01
143	7.636774432661320e-02	7.762471166286916e-02
148	7.438093441521265e-02	7.585775750291836e-02
153	2.032606569721740e-02	2.041737944669529e-02
163	8.597810340217560e-03	8.709635899560805e-03
203	8.461155967339207e-03	8.511380382023767e-03
243	7.166880961296807e-03	7.244359600749898e-03
1550	7.069343410107121e-03	7.079457843841380e-03
1585	5.904137704945245e-03	6.025595860743574e-03
1600	5.815447310109856e-03	5.888436553555890e-03
1605	5.584660426971921e-03	5.623413251903491e-03
1625	5.008130948526257e-03	5.011872336272725e-03
94456	4.843034082568365e-03	4.897788193684461e-03
144149	4.761178109639830e-03	4.786300923226385e-03
200000	4.761114022217350e-03	4.786300923226385e-03
