%
% index = 2685, name = bbob_f002_i02_d10__bbob_f014_i04_d10
% instance = 1, reference value = 9.650142524349390e-01
% function evaluation | indicator value | target hit
1	8.770614379622055e+00	8.912509381337454e+00
37	8.701042550184759e+00	8.709635899560805e+00
39	8.496907038657225e+00	8.511380382023766e+00
40	8.234819118792043e+00	8.317637711026711e+00
61	7.881345644038300e+00	7.943282347242816e+00
82	7.315732884371658e+00	7.413102413009175e+00
103	6.784834262680159e+00	6.918309709189364e+00
124	6.275090599898062e+00	6.309573444801933e+00
145	5.775483345575918e+00	5.888436553555890e+00
166	5.278554977565034e+00	5.370317963702527e+00
187	4.781520057382340e+00	4.786300923226384e+00
208	4.287197993351708e+00	4.365158322401660e+00
229	3.804238624407633e+00	3.890451449942806e+00
250	3.346005246954002e+00	3.388441561392026e+00
271	2.927769499269695e+00	2.951209226666386e+00
292	2.562606434088562e+00	2.570395782768863e+00
313	2.257254576229505e+00	2.290867652767773e+00
334	2.009627927056432e+00	2.041737944669529e+00
355	1.809174965600218e+00	1.819700858609983e+00
376	1.640629876301170e+00	1.659586907437561e+00
397	1.494972791810225e+00	1.513561248436208e+00
418	1.394910117263939e+00	1.412537544622754e+00
439	1.316221758095439e+00	1.318256738556407e+00
460	1.241099607923939e+00	1.258925411794167e+00
481	1.170538157721439e+00	1.174897554939530e+00
502	1.105230898549939e+00	1.122018454301963e+00
523	1.042772838484439e+00	1.047128548050900e+00
544	9.882930925609390e-01	1.000000000000000e+00
565	9.474488585117341e-01	9.549925860214360e-01
586	9.112325095496945e-01	9.120108393559098e-01
607	8.749614245397374e-01	8.912509381337456e-01
628	8.418876022100341e-01	8.511380382023764e-01
649	8.135519864858833e-01	8.317637711026710e-01
670	7.832604360200072e-01	7.943282347242815e-01
691	7.551446383284394e-01	7.585775750291838e-01
712	7.241277142156671e-01	7.244359600749900e-01
733	6.840959030577402e-01	6.918309709189365e-01
754	6.545000325539544e-01	6.606934480075960e-01
775	6.271897300102227e-01	6.309573444801932e-01
796	5.991829838691507e-01	6.025595860743578e-01
817	5.719590889795834e-01	5.754399373371569e-01
838	5.434602445630952e-01	5.495408738576245e-01
859	5.151887542809380e-01	5.248074602497725e-01
880	4.915704441748154e-01	5.011872336272722e-01
901	4.662786499090632e-01	4.677351412871982e-01
922	4.410192148319850e-01	4.466835921509631e-01
943	4.157660238081486e-01	4.168693834703354e-01
964	3.969349631000281e-01	3.981071705534972e-01
985	3.762553411837758e-01	3.801893963205612e-01
1006	3.562388116665348e-01	3.630780547701014e-01
1027	3.398649408137391e-01	3.467368504525316e-01
1048	3.241736472655732e-01	3.311311214825911e-01
1069	2.995986738026195e-01	3.019951720402016e-01
1090	2.837015811998419e-01	2.884031503126606e-01
1111	2.715802074127249e-01	2.754228703338166e-01
1132	2.421744018208793e-01	2.454708915685030e-01
1153	2.315003171594446e-01	2.344228815319922e-01
1174	2.235368391213534e-01	2.238721138568339e-01
1195	2.149341975104657e-01	2.187761623949552e-01
1216	2.049107076805304e-01	2.089296130854039e-01
1237	1.971233071007753e-01	1.995262314968880e-01
1258	1.931063155988009e-01	1.949844599758045e-01
1300	1.808108419243641e-01	1.819700858609984e-01
1321	1.717170603505005e-01	1.737800828749375e-01
1342	1.654601063118964e-01	1.659586907437560e-01
1363	1.592695816526112e-01	1.621810097358930e-01
1384	1.562821457186973e-01	1.584893192461113e-01
1426	1.541922006902345e-01	1.548816618912481e-01
1447	1.477631791153532e-01	1.479108388168208e-01
1468	1.390271999319572e-01	1.412537544622754e-01
1489	1.370462381094515e-01	1.380384264602885e-01
1531	1.345447026398128e-01	1.348962882591654e-01
1552	1.315183533523560e-01	1.318256738556407e-01
1615	1.282619450142687e-01	1.288249551693134e-01
1678	1.255752164395160e-01	1.258925411794167e-01
1699	1.217617178017392e-01	1.230268770812381e-01
1720	1.140822016849378e-01	1.148153621496883e-01
1783	1.118441936243071e-01	1.122018454301964e-01
1867	1.095488151831034e-01	1.096478196143185e-01
2224	1.071352790936815e-01	1.071519305237607e-01
2329	9.884909092190997e-02	1.000000000000000e-01
2350	9.614888956625622e-02	9.772372209558107e-02
2392	9.547738592422539e-02	9.549925860214359e-02
2623	9.319166940706936e-02	9.332543007969910e-02
42231	9.042408322370432e-02	9.120108393559097e-02
42768	8.788760522439276e-02	8.912509381337455e-02
57108	8.664008659415878e-02	8.709635899560805e-02
57603	8.442531735422631e-02	8.511380382023763e-02
58057	8.039918050263550e-02	8.128305161640990e-02
58575	7.289098733494370e-02	7.413102413009177e-02
58656	7.223503651467544e-02	7.244359600749903e-02
82377	6.876322660265266e-02	6.918309709189366e-02
82853	6.141044326583078e-02	6.165950018614822e-02
83479	5.510812617693672e-02	5.623413251903491e-02
83514	5.495357297768833e-02	5.495408738576246e-02
83539	5.303311272980371e-02	5.370317963702527e-02
176656	5.021236187207423e-02	5.128613839913648e-02
176692	5.010693965080415e-02	5.011872336272722e-02
232322	4.887373276656826e-02	4.897788193684462e-02
232649	4.603809421271421e-02	4.677351412871981e-02
233062	4.110437623696450e-02	4.168693834703355e-02
233478	3.416771834923937e-02	3.467368504525317e-02
233705	3.382870099776814e-02	3.388441561392026e-02
234078	3.142415910543639e-02	3.162277660168379e-02
234138	3.002382286058713e-02	3.019951720402016e-02
261191	2.802631567129354e-02	2.818382931264454e-02
261563	2.396953628874998e-02	2.398832919019490e-02
261978	1.956967220760863e-02	1.995262314968880e-02
262036	1.948407518125284e-02	1.949844599758046e-02
262499	1.807737984962521e-02	1.819700858609984e-02
263063	1.735214441549582e-02	1.737800828749375e-02
263102	1.692885076931050e-02	1.698243652461744e-02
263817	1.607430620533357e-02	1.621810097358930e-02
264487	1.568175829143759e-02	1.584893192461113e-02
330631	1.548811950266438e-02	1.548816618912481e-02
510523	1.512268175970055e-02	1.513561248436208e-02
602520	1.478465360745862e-02	1.479108388168207e-02
704166	1.444213223474378e-02	1.445439770745927e-02
748731	1.408922462498619e-02	1.412537544622754e-02
762977	1.309041017577761e-02	1.318256738556407e-02
770034	1.267359499974641e-02	1.288249551693134e-02
770035	1.255015300749185e-02	1.258925411794167e-02
778367	1.167784271606609e-02	1.174897554939530e-02
782294	1.080538874760795e-02	1.096478196143185e-02
783768	1.070913280877639e-02	1.071519305237606e-02
786863	1.035606938290046e-02	1.047128548050900e-02
787181	1.020324551728946e-02	1.023292992280754e-02
951018	9.926092621660221e-03	1.000000000000000e-02
954270	9.023803728051560e-03	9.120108393559097e-03
957279	8.089805611363632e-03	8.128305161640995e-03
963587	7.235435445641869e-03	7.244359600749898e-03
967988	6.457741058521260e-03	6.606934480075957e-03
968019	6.456507658594846e-03	6.456542290346556e-03
972974	5.825193526240224e-03	5.888436553555890e-03
979858	5.337625056697659e-03	5.370317963702527e-03
985881	4.934322804427738e-03	5.011872336272725e-03
991565	4.647409392203428e-03	4.677351412871981e-03
1000000	4.646569532485323e-03	4.677351412871981e-03
%
% index = 2686, name = bbob_f002_i03_d10__bbob_f014_i05_d10
% instance = 2, reference value = 9.921352693771420e-01
% function evaluation | indicator value | target hit
1	1.347768764705142e+00	1.348962882591654e+00
38	1.317506430854642e+00	1.318256738556407e+00
39	1.287750566705142e+00	1.288249551693134e+00
40	1.229746780292142e+00	1.230268770812382e+00
61	1.151094504701642e+00	1.174897554939530e+00
82	1.025726811302642e+00	1.047128548050900e+00
103	9.183478299319130e-01	9.332543007969910e-01
124	8.201664592492035e-01	8.317637711026710e-01
145	7.301452304343417e-01	7.413102413009175e-01
166	6.490669069450652e-01	6.606934480075960e-01
187	5.784103090963353e-01	5.888436553555889e-01
208	5.169645486192402e-01	5.248074602497725e-01
229	4.636036557226558e-01	4.677351412871982e-01
250	4.152909071477144e-01	4.168693834703354e-01
271	3.729826844804830e-01	3.801893963205612e-01
292	3.419233490003692e-01	3.467368504525316e-01
313	3.149602236441900e-01	3.162277660168379e-01
334	2.943031561315339e-01	2.951209226666385e-01
355	2.752311752787164e-01	2.754228703338166e-01
376	2.591352278235743e-01	2.630267991895382e-01
397	2.492418953363793e-01	2.511886431509580e-01
418	2.433318945411905e-01	2.454708915685030e-01
439	2.343170756812648e-01	2.344228815319922e-01
460	2.223838414047308e-01	2.238721138568339e-01
481	2.140902608554276e-01	2.187761623949552e-01
502	2.089001072199991e-01	2.089296130854039e-01
523	1.996658120554184e-01	2.041737944669530e-01
544	1.894673367899139e-01	1.905460717963247e-01
565	1.815575503515264e-01	1.819700858609984e-01
586	1.768708024324136e-01	1.778279410038923e-01
607	1.700529301862389e-01	1.737800828749375e-01
628	1.610738347789534e-01	1.621810097358930e-01
649	1.517024649207096e-01	1.548816618912481e-01
670	1.451925306391193e-01	1.479108388168208e-01
691	1.419178566128485e-01	1.445439770745928e-01
712	1.373014917735170e-01	1.380384264602885e-01
733	1.298114728628840e-01	1.318256738556407e-01
754	1.225210001586584e-01	1.230268770812381e-01
775	1.172940001115053e-01	1.174897554939529e-01
796	1.117564456365172e-01	1.122018454301964e-01
817	1.093058616833712e-01	1.096478196143185e-01
838	1.038833927781909e-01	1.047128548050900e-01
859	9.889982466404756e-02	1.000000000000000e-01
880	9.292629116841455e-02	9.332543007969910e-02
901	8.960455406507550e-02	9.120108393559097e-02
922	8.762711947183466e-02	8.912509381337455e-02
943	8.341241373312414e-02	8.511380382023763e-02
964	7.936493079595908e-02	7.943282347242814e-02
985	7.702027078922791e-02	7.762471166286916e-02
1006	7.547157591215037e-02	7.585775750291836e-02
1048	7.136140379289435e-02	7.244359600749903e-02
1069	6.672009531340983e-02	6.760829753919818e-02
1090	6.407758943821973e-02	6.456542290346556e-02
1111	6.212202953295620e-02	6.309573444801933e-02
1132	6.121266158493055e-02	6.165950018614822e-02
1174	5.925178712494816e-02	6.025595860743578e-02
1195	5.623525430495435e-02	5.754399373371569e-02
1216	5.369038054324704e-02	5.370317963702527e-02
1279	5.157829171684492e-02	5.248074602497726e-02
1300	4.805899065613872e-02	4.897788193684462e-02
1321	4.748508048943911e-02	4.786300923226382e-02
1384	4.668542843522960e-02	4.677351412871981e-02
1405	4.357752720942865e-02	4.365158322401658e-02
1741	4.265768917658808e-02	4.265795188015926e-02
1804	4.041925601016816e-02	4.073802778041128e-02
1867	3.876727947694059e-02	3.890451449942807e-02
282657	3.801143111021588e-02	3.801893963205612e-02
284820	3.679773734676117e-02	3.715352290971726e-02
285634	3.623602611841048e-02	3.630780547701014e-02
338120	3.496749658298692e-02	3.548133892335755e-02
338723	3.400822358054800e-02	3.467368504525317e-02
339284	3.289186997452465e-02	3.311311214825911e-02
339910	3.197327897138658e-02	3.235936569296283e-02
340557	3.085772236811957e-02	3.090295432513590e-02
356318	2.986470115581230e-02	3.019951720402016e-02
356879	2.916288355549168e-02	2.951209226666385e-02
357420	2.805451426112049e-02	2.818382931264454e-02
358026	2.718740374439677e-02	2.754228703338166e-02
361794	2.643671557040361e-02	2.691534803926915e-02
362401	2.588474867069468e-02	2.630267991895381e-02
363029	2.531531911395657e-02	2.570395782768863e-02
363488	2.450536506522516e-02	2.454708915685030e-02
363989	2.352903267685502e-02	2.398832919019490e-02
364510	2.243171702665059e-02	2.290867652767773e-02
365199	2.130756341046824e-02	2.137962089502233e-02
366037	2.003110386582430e-02	2.041737944669529e-02
367033	1.898884858888827e-02	1.905460717963247e-02
367916	1.758071743681844e-02	1.778279410038923e-02
368840	1.637191864350351e-02	1.659586907437561e-02
369511	1.538597732316871e-02	1.548816618912481e-02
370117	1.444254745802354e-02	1.445439770745927e-02
370659	1.364520772308375e-02	1.380384264602885e-02
371221	1.307374212333456e-02	1.318256738556407e-02
371552	1.273824925899503e-02	1.288249551693134e-02
372551	1.258276911418332e-02	1.258925411794167e-02
788285	1.146312426883023e-02	1.148153621496883e-02
789951	1.043481090850717e-02	1.047128548050900e-02
791663	9.369870461700680e-03	9.549925860214359e-03
793217	8.367565561347323e-03	8.511380382023767e-03
794767	7.503212365826073e-03	7.585775750291836e-03
798356	6.799809082045916e-03	6.918309709189363e-03
800392	6.246016679468114e-03	6.309573444801930e-03
804512	5.808634748720620e-03	5.888436553555890e-03
814813	5.451561949283645e-03	5.495408738576248e-03
920102	5.324425544572908e-03	5.370317963702527e-03
923780	4.807639094656979e-03	4.897788193684461e-03
929204	4.135616421502841e-03	4.168693834703355e-03
934600	3.552966314800066e-03	3.630780547701014e-03
941885	3.140322418201058e-03	3.162277660168379e-03
1000000	3.110537605925612e-03	3.162277660168379e-03
%
% index = 2687, name = bbob_f002_i07_d10__bbob_f014_i08_d10
% instance = 3, reference value = 9.913630953749150e-01
% function evaluation | indicator value | target hit
1	2.361497463442915e+00	2.398832919019490e+00
36	2.341488516220915e+00	2.344228815319922e+00
38	2.280571989717915e+00	2.290867652767773e+00
39	2.197060378188915e+00	2.238721138568339e+00
40	2.021544268175415e+00	2.041737944669529e+00
61	1.759249761992915e+00	1.778279410038923e+00
82	1.330411728285415e+00	1.348962882591654e+00
103	1.037506545725415e+00	1.047128548050900e+00
124	9.303281370582147e-01	9.332543007969910e-01
145	8.535477652578665e-01	8.709635899560807e-01
166	7.776335724629141e-01	7.943282347242815e-01
187	7.156905485002736e-01	7.244359600749900e-01
208	6.616856123973247e-01	6.760829753919817e-01
229	6.075089589532376e-01	6.165950018614822e-01
250	5.493288835316327e-01	5.495408738576245e-01
271	4.841489651504273e-01	4.897788193684462e-01
292	4.160659060052732e-01	4.168693834703354e-01
313	3.571175646579249e-01	3.630780547701014e-01
334	3.152784135151040e-01	3.162277660168379e-01
355	2.863175494833147e-01	2.884031503126606e-01
376	2.607516081683408e-01	2.630267991895382e-01
397	2.387732509127138e-01	2.398832919019490e-01
418	2.221750891391161e-01	2.238721138568339e-01
439	2.091918521371711e-01	2.137962089502232e-01
460	1.960908929188836e-01	1.995262314968880e-01
481	1.844779718407180e-01	1.862087136662867e-01
502	1.801107630506170e-01	1.819700858609984e-01
523	1.739417541314690e-01	1.778279410038923e-01
544	1.632822306665129e-01	1.659586907437560e-01
565	1.538932479473066e-01	1.548816618912481e-01
586	1.489670301830339e-01	1.513561248436208e-01
607	1.449460412121122e-01	1.479108388168208e-01
628	1.417981799330207e-01	1.445439770745928e-01
649	1.358943358764053e-01	1.380384264602885e-01
670	1.286782962266093e-01	1.288249551693134e-01
691	1.219762950453236e-01	1.230268770812381e-01
712	1.177256614185741e-01	1.202264434617413e-01
733	1.149072563342094e-01	1.174897554939529e-01
754	1.095528545170317e-01	1.096478196143185e-01
775	1.017226985366999e-01	1.023292992280754e-01
796	9.893292931921949e-02	1.000000000000000e-01
817	9.601527407060939e-02	9.772372209558107e-02
838	9.180809293464864e-02	9.332543007969910e-02
859	8.610655896384289e-02	8.709635899560805e-02
880	7.948676843109881e-02	8.128305161640990e-02
901	7.776356740495594e-02	7.943282347242814e-02
922	7.506472520262308e-02	7.585775750291836e-02
943	7.118865718306888e-02	7.244359600749903e-02
964	6.651804686761764e-02	6.760829753919818e-02
985	6.507576062158382e-02	6.606934480075961e-02
1006	6.401355096717232e-02	6.456542290346556e-02
1027	6.262388821373077e-02	6.309573444801933e-02
1048	6.102906819968690e-02	6.165950018614822e-02
1069	5.959334845384789e-02	6.025595860743578e-02
1090	5.875519928499318e-02	5.888436553555890e-02
1111	5.690653050680861e-02	5.754399373371569e-02
1132	5.513289578529845e-02	5.623413251903491e-02
1153	5.252963778542374e-02	5.370317963702527e-02
1174	4.838052701781936e-02	4.897788193684462e-02
1195	4.670298509086857e-02	4.677351412871981e-02
1237	4.546922587173186e-02	4.570881896148749e-02
1279	4.223758592806248e-02	4.265795188015926e-02
1300	4.149551842017285e-02	4.168693834703355e-02
1405	3.968567618571528e-02	3.981071705534973e-02
1426	3.724105255394017e-02	3.801893963205612e-02
1447	3.693649848864666e-02	3.715352290971726e-02
1615	3.410227500760943e-02	3.467368504525317e-02
1720	3.384007252627153e-02	3.388441561392026e-02
1993	3.244471557726036e-02	3.311311214825911e-02
2056	3.234815238878386e-02	3.235936569296283e-02
10985	2.761163371087583e-02	2.818382931264454e-02
11020	2.749866309563187e-02	2.754228703338166e-02
12693	2.417694324242869e-02	2.454708915685030e-02
13750	1.925378272247780e-02	1.949844599758046e-02
15532	1.718963183038125e-02	1.737800828749375e-02
15567	1.696251645370850e-02	1.698243652461744e-02
19368	1.617624700837317e-02	1.621810097358930e-02
22267	1.558750000000941e-02	1.584893192461113e-02
27299	1.519851684107099e-02	1.548816618912481e-02
31976	1.490095925536705e-02	1.513561248436208e-02
40002	1.474805143569902e-02	1.479108388168207e-02
58657	1.434557032017758e-02	1.445439770745927e-02
137136	1.397657438484468e-02	1.412537544622754e-02
166824	1.365503118303446e-02	1.380384264602885e-02
179203	1.348626120531282e-02	1.348962882591653e-02
224262	1.314072591683080e-02	1.318256738556407e-02
303949	1.282058101024885e-02	1.288249551693134e-02
304249	1.250347389085127e-02	1.258925411794167e-02
304616	1.188134103097915e-02	1.202264434617413e-02
305006	1.069066570893396e-02	1.071519305237606e-02
305523	8.550623259159562e-03	8.709635899560805e-03
306125	5.852053470181029e-03	5.888436553555890e-03
306750	3.798346779590123e-03	3.801893963205613e-03
307417	2.407118281319454e-03	2.454708915685031e-03
307452	2.396837305493560e-03	2.398832919019490e-03
308043	1.636806011422687e-03	1.659586907437561e-03
308079	1.619937805511729e-03	1.621810097358930e-03
309236	1.339181912005105e-03	1.348962882591653e-03
309271	1.315960090927826e-03	1.318256738556408e-03
309294	1.288246393670200e-03	1.288249551693134e-03
312484	1.258407009342877e-03	1.258925411794167e-03
312585	1.228719913075271e-03	1.230268770812381e-03
402323	1.169075708302492e-03	1.174897554939529e-03
403455	1.146201248970247e-03	1.148153621496883e-03
443499	1.097106719511021e-03	1.122018454301963e-03
444016	1.076769434665836e-03	1.096478196143185e-03
444874	1.009938191598558e-03	1.023292992280754e-03
445836	9.932774086578444e-04	1.000000000000000e-03
446396	9.515498931970123e-04	9.549925860214359e-04
446873	9.184256869763097e-04	9.332543007969915e-04
448880	9.102999683637814e-04	9.120108393559096e-04
452638	8.896599138891181e-04	8.912509381337459e-04
728940	8.672852912868789e-04	8.709635899560805e-04
913114	8.060117822674684e-04	8.128305161640995e-04
935308	7.710820441925170e-04	7.762471166286919e-04
957365	7.333812111199878e-04	7.413102413009177e-04
979381	7.166672267803209e-04	7.244359600749898e-04
1000000	7.157859783447629e-04	7.244359600749898e-04
%
% index = 2688, name = bbob_f002_i09_d10__bbob_f014_i10_d10
% instance = 4, reference value = 9.946054659454250e-01
% function evaluation | indicator value | target hit
1	5.079652635874425e+00	5.128613839913648e+00
36	4.995729404591425e+00	5.011872336272722e+00
38	4.747245791455425e+00	4.786300923226384e+00
39	4.427618724601925e+00	4.466835921509632e+00
40	3.851034108196425e+00	3.890451449942806e+00
61	3.236159599442925e+00	3.311311214825911e+00
82	2.747285667604425e+00	2.754228703338166e+00
103	2.591248603872925e+00	2.630267991895382e+00
124	1.944383259704925e+00	1.949844599758045e+00
145	1.249189968424925e+00	1.258925411794167e+00
166	1.121169744490425e+00	1.122018454301963e+00
187	8.848746160607441e-01	8.912509381337456e-01
208	8.028615795242748e-01	8.128305161640993e-01
229	7.385146598565290e-01	7.413102413009175e-01
250	6.936631652977594e-01	7.079457843841379e-01
271	6.564928253497070e-01	6.606934480075960e-01
292	6.224003124559929e-01	6.309573444801932e-01
313	5.854584542721217e-01	5.888436553555889e-01
334	5.514899404146326e-01	5.623413251903491e-01
355	5.217468555533566e-01	5.248074602497725e-01
376	4.981464615407879e-01	5.011872336272722e-01
397	4.818487486187262e-01	4.897788193684462e-01
418	4.440161874841679e-01	4.466835921509631e-01
439	4.164443062142791e-01	4.168693834703354e-01
460	3.915941673974561e-01	3.981071705534972e-01
481	3.701062643455368e-01	3.715352290971726e-01
502	3.521614666867835e-01	3.548133892335755e-01
523	3.409806103618227e-01	3.467368504525316e-01
544	3.078476993589905e-01	3.090295432513591e-01
565	2.781091406632560e-01	2.818382931264454e-01
586	2.503649609483649e-01	2.511886431509580e-01
607	2.219618494141397e-01	2.238721138568339e-01
628	1.930244398659134e-01	1.949844599758045e-01
649	1.852333330496727e-01	1.862087136662867e-01
670	1.809817377049927e-01	1.819700858609984e-01
691	1.747435496561854e-01	1.778279410038923e-01
712	1.667981817648740e-01	1.698243652461744e-01
733	1.482539036690126e-01	1.513561248436208e-01
754	1.377774030671107e-01	1.380384264602885e-01
775	1.340689532748266e-01	1.348962882591654e-01
796	1.309752625309115e-01	1.318256738556407e-01
838	1.278775877724476e-01	1.288249551693134e-01
859	1.258119340251490e-01	1.258925411794167e-01
901	1.205188843812780e-01	1.230268770812381e-01
922	1.190644404850262e-01	1.202264434617413e-01
964	1.173357283504597e-01	1.174897554939529e-01
1006	1.125922594075862e-01	1.148153621496883e-01
1027	1.113899445928253e-01	1.122018454301964e-01
1090	1.089518183326934e-01	1.096478196143185e-01
1132	1.054207120548426e-01	1.071519305237607e-01
1174	1.044648578630012e-01	1.047128548050900e-01
1237	1.020055978878980e-01	1.023292992280754e-01
1405	9.957503005575796e-02	1.000000000000000e-01
9427	9.756930625929428e-02	9.772372209558107e-02
30759	9.534460164409531e-02	9.549925860214359e-02
35579	9.286796928808050e-02	9.332543007969910e-02
127053	9.108896933063837e-02	9.120108393559097e-02
543149	8.693049576833822e-02	8.709635899560805e-02
544004	6.116475729190873e-02	6.165950018614822e-02
544041	5.999413979120061e-02	6.025595860743578e-02
545850	4.391609380238315e-02	4.466835921509630e-02
547281	2.719338470777022e-02	2.754228703338166e-02
547316	2.686623016054768e-02	2.691534803926915e-02
550105	1.828260541192128e-02	1.862087136662868e-02
552296	1.088228902936283e-02	1.096478196143185e-02
555551	6.927104152736563e-03	7.079457843841380e-03
555606	6.904789737072869e-03	6.918309709189363e-03
576630	6.455515369240272e-03	6.456542290346556e-03
584006	5.467015278982745e-03	5.495408738576248e-03
587017	4.101499655404517e-03	4.168693834703355e-03
587333	4.068888534204063e-03	4.073802778041126e-03
592286	3.485553774374206e-03	3.548133892335753e-03
614788	3.208112754789272e-03	3.235936569296281e-03
624335	2.778195737714650e-03	2.818382931264455e-03
638817	2.498717607079981e-03	2.511886431509579e-03
651107	2.261277744950774e-03	2.290867652767772e-03
661730	2.110902534061765e-03	2.137962089502233e-03
672255	1.875620923894705e-03	1.905460717963246e-03
683673	1.731980810940503e-03	1.737800828749376e-03
704779	1.627736695246185e-03	1.659586907437561e-03
726786	1.567902436829360e-03	1.584893192461114e-03
744214	1.540796216359941e-03	1.548816618912481e-03
755897	1.494065283786483e-03	1.513561248436209e-03
760260	1.436929793520059e-03	1.445439770745928e-03
777803	1.326846083823052e-03	1.348962882591653e-03
799929	1.287625017621030e-03	1.288249551693134e-03
886365	1.257312857911863e-03	1.258925411794167e-03
1000000	1.245046302378761e-03	1.258925411794167e-03
%
% index = 2689, name = bbob_f002_i11_d10__bbob_f014_i12_d10
% instance = 5, reference value = 9.853278466029460e-01
% function evaluation | indicator value | target hit
1	3.107677709460446e+00	3.162277660168380e+00
37	3.081249550214946e+00	3.090295432513591e+00
39	3.002633992743446e+00	3.019951720402016e+00
40	2.898664307654446e+00	2.951209226666386e+00
61	2.752743296445446e+00	2.754228703338166e+00
82	2.499317801533446e+00	2.511886431509580e+00
103	2.240068512155946e+00	2.290867652767773e+00
124	1.984359206483946e+00	1.995262314968880e+00
145	1.748993990084446e+00	1.778279410038923e+00
166	1.549725644682946e+00	1.584893192461114e+00
187	1.393185977723946e+00	1.412537544622754e+00
208	1.273892236032946e+00	1.288249551693134e+00
229	1.176301983375946e+00	1.202264434617413e+00
250	1.079907939806446e+00	1.096478196143185e+00
271	9.677717985928955e-01	9.772372209558107e-01
292	8.507976407134925e-01	8.511380382023764e-01
313	7.207037618136239e-01	7.244359600749900e-01
334	6.097958391178746e-01	6.165950018614822e-01
355	5.379057761309363e-01	5.495408738576245e-01
376	4.998491482292183e-01	5.011872336272722e-01
397	4.745647689642727e-01	4.786300923226383e-01
418	4.518661734490144e-01	4.570881896148750e-01
439	4.186764826121879e-01	4.265795188015927e-01
460	3.470637161315885e-01	3.548133892335755e-01
481	2.818780395661739e-01	2.884031503126606e-01
502	2.545937851204522e-01	2.570395782768864e-01
523	2.301155369418649e-01	2.344228815319922e-01
544	2.085964009665726e-01	2.089296130854039e-01
565	1.937483725438305e-01	1.949844599758045e-01
586	1.808981443173776e-01	1.819700858609984e-01
607	1.485328733986260e-01	1.513561248436208e-01
628	1.350445577561679e-01	1.380384264602885e-01
649	1.244773884346204e-01	1.258925411794167e-01
670	1.176753754394299e-01	1.202264434617413e-01
691	1.128592681365007e-01	1.148153621496883e-01
712	1.092624353812086e-01	1.096478196143185e-01
733	1.053038248209229e-01	1.071519305237607e-01
754	1.043086928854738e-01	1.047128548050900e-01
796	1.002239988084787e-01	1.023292992280754e-01
817	9.913193814148147e-02	1.000000000000000e-01
859	9.620297366640984e-02	9.772372209558107e-02
880	8.896848547515723e-02	8.912509381337455e-02
922	8.654613195392380e-02	8.709635899560805e-02
943	8.410226519376596e-02	8.511380382023763e-02
964	8.199426560636658e-02	8.317637711026708e-02
1027	8.018049194919763e-02	8.128305161640990e-02
1048	7.751738244642437e-02	7.762471166286916e-02
1321	7.583948647774341e-02	7.585775750291836e-02
31608	7.234210618864645e-02	7.244359600749903e-02
32911	6.986679498997916e-02	7.079457843841380e-02
35038	6.739264966777747e-02	6.760829753919818e-02
36680	6.430161612080854e-02	6.456542290346556e-02
38745	6.061664192902494e-02	6.165950018614822e-02
40447	5.631250262411747e-02	5.754399373371569e-02
42170	5.238307040317824e-02	5.248074602497726e-02
44880	4.993287802050084e-02	5.011872336272722e-02
47577	4.848486419504006e-02	4.897788193684462e-02
50951	4.779107387462200e-02	4.786300923226382e-02
117911	4.675103355522015e-02	4.677351412871981e-02
206746	4.561024011425230e-02	4.570881896148749e-02
379411	4.461278902780053e-02	4.466835921509630e-02
638137	4.358587491861321e-02	4.365158322401658e-02
639131	4.120453059684537e-02	4.168693834703355e-02
639837	3.837353768680740e-02	3.890451449942807e-02
640460	3.468343829688170e-02	3.548133892335755e-02
640494	3.467326560098316e-02	3.467368504525317e-02
641004	3.005680475870620e-02	3.019951720402016e-02
641672	2.527596564811418e-02	2.570395782768863e-02
641709	2.507524157100682e-02	2.511886431509579e-02
646916	2.454634781061604e-02	2.454708915685030e-02
647521	2.332049848784234e-02	2.344228815319923e-02
648170	2.149627513572805e-02	2.187761623949553e-02
648671	2.019011126149550e-02	2.041737944669529e-02
649382	1.911391764810744e-02	1.949844599758046e-02
649904	1.685653121358099e-02	1.698243652461744e-02
649942	1.647488047063328e-02	1.659586907437561e-02
649964	1.538624525165710e-02	1.548816618912481e-02
734418	1.513460017066137e-02	1.513561248436208e-02
734904	1.407133647945913e-02	1.412537544622754e-02
735362	1.308903617631418e-02	1.318256738556407e-02
735672	1.201456152068203e-02	1.202264434617413e-02
735964	1.001355079983501e-02	1.023292992280754e-02
735999	9.999353412593948e-03	1.000000000000000e-02
736255	8.448916028887310e-03	8.511380382023767e-03
736650	7.801701221407664e-03	7.943282347242814e-03
850083	7.757181744917019e-03	7.762471166286920e-03
998317	7.579857283030123e-03	7.585775750291836e-03
998898	7.154810169279102e-03	7.244359600749898e-03
999483	6.421718910599838e-03	6.456542290346556e-03
1000000	6.418966506641754e-03	6.456542290346556e-03
%
% index = 2690, name = bbob_f002_i13_d10__bbob_f014_i14_d10
% instance = 6, reference value = 9.853113340714890e-01
% function evaluation | indicator value | target hit
1	1.892364534565489e+00	1.905460717963247e+00
39	1.834906212776489e+00	1.862087136662868e+00
40	1.776816702190989e+00	1.778279410038923e+00
61	1.694114916247489e+00	1.698243652461744e+00
82	1.553975312068989e+00	1.584893192461114e+00
103	1.419261237477489e+00	1.445439770745927e+00
124	1.293975865002489e+00	1.318256738556407e+00
145	1.180832096613489e+00	1.202264434617413e+00
166	1.080979884403489e+00	1.096478196143185e+00
187	9.939646408909890e-01	1.000000000000000e+00
208	9.336042502694524e-01	9.549925860214360e-01
229	8.786627401442808e-01	8.912509381337456e-01
250	8.254386687618863e-01	8.317637711026710e-01
271	7.722637110225937e-01	7.762471166286917e-01
292	7.180377867880189e-01	7.244359600749900e-01
313	6.627765242219459e-01	6.760829753919817e-01
334	6.077179017209490e-01	6.165950018614822e-01
355	5.549420538707442e-01	5.623413251903491e-01
376	5.066906210823862e-01	5.128613839913648e-01
397	4.647049842129244e-01	4.677351412871982e-01
418	4.297890040152911e-01	4.365158322401660e-01
439	4.015664043386957e-01	4.073802778041127e-01
460	3.783800290507696e-01	3.801893963205612e-01
481	3.573824891810889e-01	3.630780547701014e-01
502	3.350063714671198e-01	3.388441561392025e-01
523	3.078459468039235e-01	3.090295432513591e-01
544	2.743607839672908e-01	2.754228703338166e-01
565	2.369895435817433e-01	2.398832919019490e-01
586	2.014070925269481e-01	2.041737944669530e-01
607	1.732122166304420e-01	1.737800828749375e-01
628	1.542155285404185e-01	1.548816618912481e-01
649	1.433838245612730e-01	1.445439770745928e-01
670	1.363506748731758e-01	1.380384264602885e-01
691	1.301514924656846e-01	1.318256738556407e-01
712	1.243652251131242e-01	1.258925411794167e-01
733	1.187962012414224e-01	1.202264434617413e-01
754	1.136852712741210e-01	1.148153621496883e-01
775	1.098705581836750e-01	1.122018454301964e-01
796	1.068602721844836e-01	1.071519305237607e-01
817	9.779857994499597e-02	1.000000000000000e-01
838	8.535015325517137e-02	8.709635899560805e-02
859	7.733338629561282e-02	7.762471166286916e-02
880	7.384196933050091e-02	7.413102413009177e-02
3039	7.237994965069527e-02	7.244359600749903e-02
4666	7.022259943381037e-02	7.079457843841380e-02
5287	6.782389767564700e-02	6.918309709189366e-02
6058	6.400221856861865e-02	6.456542290346556e-02
6918	5.969052214511472e-02	6.025595860743578e-02
8303	5.582513149301727e-02	5.623413251903491e-02
13463	5.475561739809942e-02	5.495408738576246e-02
14367	5.336118327337125e-02	5.370317963702527e-02
15294	5.185320043859143e-02	5.248074602497726e-02
15332	5.099637692904957e-02	5.128613839913648e-02
15374	4.865960422370819e-02	4.897788193684462e-02
16546	4.757819825773923e-02	4.786300923226382e-02
45105	4.650765948587865e-02	4.677351412871981e-02
45479	4.561381769045803e-02	4.570881896148749e-02
45917	4.419572433464025e-02	4.466835921509630e-02
46313	4.251698522862268e-02	4.265795188015926e-02
98578	4.167231465985610e-02	4.168693834703355e-02
131396	4.045590921361419e-02	4.073802778041128e-02
132669	3.938461352942524e-02	3.981071705534973e-02
133170	3.889352294070758e-02	3.890451449942807e-02
133566	3.793012546595387e-02	3.801893963205612e-02
133920	3.648069015928623e-02	3.715352290971726e-02
134274	3.465605090610335e-02	3.467368504525317e-02
134627	3.251214573382999e-02	3.311311214825911e-02
134938	3.044429829755901e-02	3.090295432513590e-02
135249	2.860305439119704e-02	2.884031503126606e-02
135560	2.680213125963005e-02	2.691534803926915e-02
135829	2.519734452287370e-02	2.570395782768863e-02
136139	2.382592172608833e-02	2.398832919019490e-02
136428	2.273454726964852e-02	2.290867652767773e-02
136822	2.195253555341092e-02	2.238721138568340e-02
137153	2.148443061689220e-02	2.187761623949553e-02
137611	2.131069771884575e-02	2.137962089502233e-02
244213	1.943912676433635e-02	1.949844599758046e-02
245195	1.709389665947936e-02	1.737800828749375e-02
246055	1.402946279254791e-02	1.412537544622754e-02
246093	1.341213398692498e-02	1.348962882591653e-02
246991	1.315544381616729e-02	1.318256738556407e-02
247028	1.280915341465660e-02	1.288249551693134e-02
247029	1.252552269603280e-02	1.258925411794167e-02
318505	1.054818815033554e-02	1.071519305237606e-02
319678	8.926145364986482e-03	9.120108393559097e-03
319712	8.902194390156049e-03	8.912509381337459e-03
323261	7.920114568917169e-03	7.943282347242814e-03
439921	7.557622703170619e-03	7.585775750291836e-03
442298	6.822100801555986e-03	6.918309709189363e-03
448384	6.567478878472199e-03	6.606934480075957e-03
483254	6.366792556035006e-03	6.456542290346556e-03
485571	6.183446209421795e-03	6.309573444801930e-03
487958	5.876904783768122e-03	5.888436553555890e-03
489632	5.357237112172730e-03	5.370317963702527e-03
493664	4.885954184627228e-03	4.897788193684461e-03
497223	4.459407075150690e-03	4.466835921509630e-03
502094	4.350972204932524e-03	4.365158322401661e-03
778883	4.265794536768341e-03	4.265795188015926e-03
878632	4.107491653041473e-03	4.168693834703355e-03
1000000	4.107194569484940e-03	4.168693834703355e-03
%
% index = 2691, name = bbob_f002_i15_d10__bbob_f014_i16_d10
% instance = 7, reference value = 9.568523443837980e-01
% function evaluation | indicator value | target hit
1	3.084844891214237e+00	3.090295432513591e+00
39	2.978190167143234e+00	3.019951720402016e+00
40	2.869710100820416e+00	2.884031503126606e+00
61	2.713681243477858e+00	2.754228703338166e+00
82	2.442449461723931e+00	2.454708915685031e+00
103	2.171876274880975e+00	2.187761623949553e+00
124	1.911421011118346e+00	1.949844599758045e+00
145	1.670712634585812e+00	1.698243652461744e+00
166	1.458648478962467e+00	1.479108388168207e+00
187	1.285724941013887e+00	1.288249551693134e+00
208	1.157978649545298e+00	1.174897554939530e+00
229	1.048614287532798e+00	1.071519305237606e+00
250	9.543027164056728e-01	9.549925860214360e-01
271	9.167829795597003e-01	9.332543007969910e-01
292	8.630300633655593e-01	8.709635899560807e-01
313	7.965923417919378e-01	8.128305161640993e-01
334	7.250426954626377e-01	7.413102413009175e-01
355	6.579271378123390e-01	6.606934480075960e-01
376	6.022224960471597e-01	6.025595860743578e-01
397	5.585172871205593e-01	5.623413251903491e-01
418	5.204092552242066e-01	5.248074602497725e-01
439	4.789722185846966e-01	4.897788193684462e-01
460	4.313148790089092e-01	4.365158322401660e-01
481	3.849739516985957e-01	3.890451449942806e-01
502	3.484636654863601e-01	3.548133892335755e-01
523	3.242956573560025e-01	3.311311214825911e-01
544	3.099087408178031e-01	3.162277660168379e-01
565	2.987359868145392e-01	3.019951720402016e-01
586	2.895939458363286e-01	2.951209226666385e-01
607	2.812621203726192e-01	2.818382931264454e-01
628	2.710628754353960e-01	2.754228703338166e-01
649	2.510233444791949e-01	2.511886431509580e-01
670	2.269920653385950e-01	2.290867652767773e-01
691	2.123408756524392e-01	2.137962089502232e-01
712	2.031237424359387e-01	2.041737944669530e-01
733	1.964125451313646e-01	1.995262314968880e-01
754	1.906306080369810e-01	1.949844599758045e-01
775	1.855276708573094e-01	1.862087136662867e-01
796	1.813318131642302e-01	1.819700858609984e-01
817	1.777186390631738e-01	1.778279410038923e-01
859	1.676326441310141e-01	1.698243652461744e-01
880	1.652191630404236e-01	1.659586907437560e-01
901	1.614794518590151e-01	1.621810097358930e-01
985	1.582155229128196e-01	1.584893192461113e-01
1237	1.515130052904761e-01	1.548816618912481e-01
1279	1.513190682961982e-01	1.513561248436208e-01
6098	1.452255297150198e-01	1.479108388168208e-01
113062	1.444876461797957e-01	1.445439770745928e-01
113882	1.405559543909565e-01	1.412537544622754e-01
114422	1.368576073168918e-01	1.380384264602885e-01
211347	1.342639973030999e-01	1.348962882591654e-01
265324	1.309584205458005e-01	1.318256738556407e-01
266014	1.279921190376925e-01	1.288249551693134e-01
266748	1.231021732214160e-01	1.258925411794167e-01
267481	1.179860900027536e-01	1.202264434617413e-01
267981	1.129322658344551e-01	1.148153621496883e-01
268397	1.071356290081834e-01	1.071519305237607e-01
268856	9.888751910035698e-02	1.000000000000000e-01
271534	9.769032450781556e-02	9.772372209558107e-02
447921	9.545749485810362e-02	9.549925860214359e-02
451303	9.293132190212217e-02	9.332543007969910e-02
452543	9.063277202439823e-02	9.120108393559097e-02
453319	8.667933959257312e-02	8.709635899560805e-02
453967	8.214482087120722e-02	8.317637711026708e-02
454362	7.740330238875393e-02	7.762471166286916e-02
454778	7.250537605234941e-02	7.413102413009177e-02
455152	6.662561640590581e-02	6.760829753919818e-02
455656	6.380355667477033e-02	6.456542290346556e-02
460565	6.095056794341303e-02	6.165950018614822e-02
460894	5.577893842670756e-02	5.623413251903491e-02
461245	4.868360111951775e-02	4.897788193684462e-02
461576	4.234742039341199e-02	4.265795188015926e-02
461844	3.680872321610806e-02	3.715352290971726e-02
462113	3.224400652231807e-02	3.235936569296283e-02
462381	2.897304259686617e-02	2.951209226666385e-02
462671	2.695916798940201e-02	2.754228703338166e-02
463024	2.607952145132542e-02	2.630267991895381e-02
634898	2.506455303313559e-02	2.511886431509579e-02
635758	2.306355192614007e-02	2.344228815319923e-02
636470	2.037929080243195e-02	2.041737944669529e-02
637409	1.910317711495546e-02	1.949844599758046e-02
637446	1.901293014880134e-02	1.905460717963247e-02
829933	1.837979134300549e-02	1.862087136662868e-02
830702	1.674255601038377e-02	1.698243652461744e-02
831411	1.433164474657744e-02	1.445439770745927e-02
832625	1.248229052735217e-02	1.258925411794167e-02
833000	1.162274657929929e-02	1.174897554939530e-02
835674	1.091824785109397e-02	1.096478196143185e-02
837020	9.412841659461435e-03	9.549925860214359e-03
838706	8.342753018431903e-03	8.511380382023767e-03
838743	8.316220016074349e-03	8.317637711026709e-03
841698	8.091945921475996e-03	8.128305161640995e-03
1000000	8.080281867728245e-03	8.128305161640995e-03
%
% index = 2692, name = bbob_f002_i17_d10__bbob_f014_i18_d10
% instance = 8, reference value = 9.875309689879650e-01
% function evaluation | indicator value | target hit
1	6.122707284293964e+00	6.165950018614822e+00
38	5.999652931123965e+00	6.025595860743578e+00
39	5.879166191862465e+00	5.888436553555890e+00
40	5.646465920490965e+00	5.754399373371569e+00
61	5.337470083808965e+00	5.370317963702527e+00
82	4.866337242073965e+00	4.897788193684462e+00
103	4.463053383287965e+00	4.466835921509632e+00
124	4.113686496022465e+00	4.168693834703354e+00
145	3.796278497299965e+00	3.801893963205611e+00
166	3.487254624166965e+00	3.548133892335755e+00
187	3.171126311257465e+00	3.235936569296283e+00
208	2.849688610103965e+00	2.884031503126606e+00
229	2.542729042739465e+00	2.570395782768863e+00
250	2.276207254397965e+00	2.290867652767773e+00
271	2.066506680813465e+00	2.089296130854040e+00
292	1.912807028638965e+00	1.949844599758045e+00
313	1.798626805445965e+00	1.819700858609983e+00
334	1.699346196343465e+00	1.737800828749375e+00
355	1.590491210495465e+00	1.621810097358930e+00
376	1.452018822865965e+00	1.479108388168207e+00
397	1.283659244997965e+00	1.288249551693134e+00
418	1.113543191330465e+00	1.122018454301963e+00
439	9.778476452423034e-01	1.000000000000000e+00
460	8.983569869784046e-01	9.120108393559098e-01
481	8.450762951903327e-01	8.511380382023764e-01
502	8.015718787417758e-01	8.128305161640993e-01
523	7.634101647277255e-01	7.762471166286917e-01
544	7.298304343204636e-01	7.413102413009175e-01
565	7.005555517850361e-01	7.079457843841379e-01
586	6.746964723964248e-01	6.760829753919817e-01
607	6.507189076669726e-01	6.606934480075960e-01
628	6.257411992900308e-01	6.309573444801932e-01
649	5.915329303285212e-01	6.025595860743578e-01
670	5.210942609953615e-01	5.248074602497725e-01
691	4.353725273810797e-01	4.365158322401660e-01
712	3.932654071327287e-01	3.981071705534972e-01
733	3.648054006821149e-01	3.715352290971726e-01
754	3.339317238832781e-01	3.388441561392025e-01
775	2.969766413712680e-01	3.019951720402016e-01
796	2.651836083515691e-01	2.691534803926916e-01
817	2.375811299890499e-01	2.398832919019490e-01
838	2.232673186976537e-01	2.238721138568339e-01
859	2.146836483257946e-01	2.187761623949552e-01
880	2.054152112707719e-01	2.089296130854039e-01
901	1.819867229684546e-01	1.862087136662867e-01
922	1.698514827356130e-01	1.737800828749375e-01
943	1.669935011389609e-01	1.698243652461744e-01
964	1.654525111662986e-01	1.659586907437560e-01
1090	1.621458052224591e-01	1.621810097358930e-01
7159	1.584819220068695e-01	1.584893192461113e-01
43542	1.544612772117776e-01	1.548816618912481e-01
48980	1.513478532111001e-01	1.513561248436208e-01
100818	1.476472196063978e-01	1.479108388168208e-01
181278	1.444385343015863e-01	1.445439770745928e-01
287460	1.396737689971864e-01	1.412537544622754e-01
288655	1.343998608341737e-01	1.348962882591654e-01
289617	1.279978089192995e-01	1.288249551693134e-01
291067	1.225690500143682e-01	1.230268770812381e-01
292426	1.182796022523304e-01	1.202264434617413e-01
294683	1.150073583388541e-01	1.174897554939529e-01
297344	1.126701038264271e-01	1.148153621496883e-01
299461	1.086949173049032e-01	1.096478196143185e-01
299559	1.018128824222407e-01	1.023292992280754e-01
368943	9.930696976334508e-02	1.000000000000000e-01
405897	9.512195858152472e-02	9.549925860214359e-02
406688	9.030633565967283e-02	9.120108393559097e-02
407964	8.332172951081263e-02	8.511380382023763e-02
408000	8.312924889765094e-02	8.317637711026708e-02
409200	7.741581757522575e-02	7.762471166286916e-02
417998	7.381641273505246e-02	7.413102413009177e-02
419780	7.104528983199287e-02	7.244359600749903e-02
422198	6.855474211101142e-02	6.918309709189366e-02
424745	6.597550177566991e-02	6.606934480075961e-02
427225	6.388224167899481e-02	6.456542290346556e-02
429164	6.234799082946640e-02	6.309573444801933e-02
430574	5.913880303995167e-02	6.025595860743578e-02
432565	5.568469064252479e-02	5.623413251903491e-02
434596	5.251649220415533e-02	5.370317963702527e-02
437069	4.974283254329537e-02	5.011872336272722e-02
439242	4.701976752226067e-02	4.786300923226382e-02
441572	4.421835196977453e-02	4.466835921509630e-02
443657	4.151504605631440e-02	4.168693834703355e-02
447705	3.906856980696427e-02	3.981071705534973e-02
447848	3.855022678929021e-02	3.890451449942807e-02
447869	3.790851702769948e-02	3.801893963205612e-02
447891	3.663300800802727e-02	3.715352290971726e-02
447912	3.520266218131196e-02	3.548133892335755e-02
494038	3.446063901321228e-02	3.467368504525317e-02
496108	3.177960602115226e-02	3.235936569296283e-02
496296	3.160656953152063e-02	3.162277660168379e-02
604277	3.052790861163046e-02	3.090295432513590e-02
607441	2.792736970797438e-02	2.818382931264454e-02
610967	2.525633487258749e-02	2.570395782768863e-02
614698	2.337338587549009e-02	2.344228815319923e-02
621056	2.169086564128686e-02	2.187761623949553e-02
623984	2.038007227101446e-02	2.041737944669529e-02
626991	1.913663029778967e-02	1.949844599758046e-02
652891	1.847661589368743e-02	1.862087136662868e-02
656604	1.744973986612264e-02	1.778279410038923e-02
661199	1.657556815774230e-02	1.659586907437561e-02
745960	1.541653965043133e-02	1.548816618912481e-02
746066	1.508855045515300e-02	1.513561248436208e-02
746151	1.478393883169460e-02	1.479108388168207e-02
847272	1.322377652332540e-02	1.348962882591653e-02
857390	1.188426060406511e-02	1.202264434617413e-02
864649	1.071985107204065e-02	1.096478196143185e-02
864704	1.071494280393281e-02	1.071519305237606e-02
874822	9.538994723164329e-03	9.549925860214359e-03
896768	9.034404949656127e-03	9.120108393559097e-03
901590	8.079384170879611e-03	8.128305161640995e-03
919537	7.831692084116049e-03	7.943282347242814e-03
922421	7.479440585167585e-03	7.585775750291836e-03
924707	6.930612719053264e-03	7.079457843841380e-03
924742	6.914101335175671e-03	6.918309709189363e-03
931625	6.495706002194623e-03	6.606934480075957e-03
939889	6.108451610097321e-03	6.165950018614822e-03
948812	5.733248884262965e-03	5.754399373371567e-03
955640	5.442391789926004e-03	5.495408738576248e-03
957612	5.294379538953398e-03	5.370317963702527e-03
967016	5.220769659900704e-03	5.248074602497728e-03
1000000	5.137925921616993e-03	5.248074602497728e-03
%
% index = 2693, name = bbob_f002_i19_d10__bbob_f014_i21_d10
% instance = 9, reference value = 9.742499137211940e-01
% function evaluation | indicator value | target hit
1	2.781490820477160e+00	2.818382931264454e+00
38	2.739789586851145e+00	2.754228703338166e+00
40	2.621581588514983e+00	2.630267991895382e+00
61	2.516598843580694e+00	2.570395782768863e+00
82	2.343455637027694e+00	2.344228815319922e+00
103	2.176202687351694e+00	2.187761623949553e+00
124	2.015674320457694e+00	2.041737944669529e+00
145	1.864617453953694e+00	1.905460717963247e+00
166	1.720289422823694e+00	1.737800828749375e+00
187	1.580828143804694e+00	1.584893192461114e+00
208	1.446548355612194e+00	1.479108388168207e+00
229	1.319144981993694e+00	1.348962882591654e+00
250	1.192315623479694e+00	1.202264434617413e+00
271	1.091194960056194e+00	1.096478196143185e+00
292	9.973832486721939e-01	1.000000000000000e+00
313	9.000756249869407e-01	9.120108393559098e-01
334	8.316053632148852e-01	8.317637711026710e-01
355	7.544564746273377e-01	7.585775750291838e-01
376	6.959436991231612e-01	7.079457843841379e-01
397	6.571721673163287e-01	6.606934480075960e-01
418	6.238729860602099e-01	6.309573444801932e-01
439	5.988022173100294e-01	6.025595860743578e-01
460	5.564788918902945e-01	5.623413251903491e-01
481	4.981344412683857e-01	5.011872336272722e-01
502	4.757549134468557e-01	4.786300923226383e-01
523	4.660967751169298e-01	4.677351412871982e-01
544	4.397829014964582e-01	4.466835921509631e-01
565	4.047446849891343e-01	4.073802778041127e-01
586	3.619772694624497e-01	3.630780547701014e-01
607	3.514231335109194e-01	3.548133892335755e-01
628	3.358709143115827e-01	3.388441561392025e-01
649	3.051953706582817e-01	3.090295432513591e-01
670	2.961464110882267e-01	3.019951720402016e-01
691	2.895378269207376e-01	2.951209226666385e-01
712	2.728572563558672e-01	2.754228703338166e-01
733	2.599183830508325e-01	2.630267991895382e-01
754	2.556025538016472e-01	2.570395782768864e-01
775	2.479470011296230e-01	2.511886431509580e-01
796	2.256004739801520e-01	2.290867652767773e-01
817	2.190088404015402e-01	2.238721138568339e-01
838	2.141542115636983e-01	2.187761623949552e-01
859	2.070228130134272e-01	2.089296130854039e-01
880	1.992780485644451e-01	1.995262314968880e-01
901	1.890359758833507e-01	1.905460717963247e-01
943	1.844975959382570e-01	1.862087136662867e-01
964	1.801611854902913e-01	1.819700858609984e-01
985	1.737176778155404e-01	1.737800828749375e-01
1006	1.592889821841518e-01	1.621810097358930e-01
1027	1.570112982384038e-01	1.584893192461113e-01
1069	1.524470007771072e-01	1.548816618912481e-01
1090	1.493354657378929e-01	1.513561248436208e-01
1111	1.447718426816361e-01	1.479108388168208e-01
1132	1.372887246940653e-01	1.380384264602885e-01
1174	1.315487657223260e-01	1.318256738556407e-01
1216	1.282973247842659e-01	1.288249551693134e-01
1237	1.227911060005960e-01	1.230268770812381e-01
1279	1.195184900966549e-01	1.202264434617413e-01
1321	1.157619181110393e-01	1.174897554939529e-01
1363	1.134626357993616e-01	1.148153621496883e-01
1384	1.118268827985314e-01	1.122018454301964e-01
1405	1.065289996278272e-01	1.071519305237607e-01
1468	1.042904877553686e-01	1.047128548050900e-01
1489	9.987086336494710e-02	1.000000000000000e-01
1510	9.581543154819760e-02	9.772372209558107e-02
1552	9.521591496673709e-02	9.549925860214359e-02
1615	9.320602747875939e-02	9.332543007969910e-02
1699	9.110481992272024e-02	9.120108393559097e-02
1783	8.374840477803891e-02	8.511380382023763e-02
1804	8.311069878167143e-02	8.317637711026708e-02
1846	8.003048394610190e-02	8.128305161640990e-02
1888	7.928193347759294e-02	7.943282347242814e-02
2140	7.754053971060260e-02	7.762471166286916e-02
2203	7.544738521292471e-02	7.585775750291836e-02
2287	7.253776393725109e-02	7.413102413009177e-02
2308	7.216967096863691e-02	7.244359600749903e-02
2560	7.018954647636777e-02	7.079457843841380e-02
2917	6.915887590564007e-02	6.918309709189366e-02
61322	6.760760103645735e-02	6.760829753919818e-02
141029	6.572416269346792e-02	6.606934480075961e-02
142756	6.286399566380108e-02	6.309573444801933e-02
143643	5.957099896122098e-02	6.025595860743578e-02
193966	5.829753822138717e-02	5.888436553555890e-02
195431	5.705115704607777e-02	5.754399373371569e-02
197053	5.571581673205073e-02	5.623413251903491e-02
197091	5.489037142965447e-02	5.495408738576246e-02
201246	5.293096302836409e-02	5.370317963702527e-02
202169	4.925663811410874e-02	5.011872336272722e-02
203005	4.454464281844239e-02	4.466835921509630e-02
204156	4.076100731952725e-02	4.168693834703355e-02
204214	4.068561038958329e-02	4.073802778041128e-02
205119	3.693765251636782e-02	3.715352290971726e-02
206230	3.359985870855020e-02	3.388441561392026e-02
211104	3.079404631303206e-02	3.090295432513590e-02
211816	2.738642828705207e-02	2.754228703338166e-02
212485	2.406251615801180e-02	2.454708915685030e-02
212942	2.105940097678172e-02	2.137962089502233e-02
213130	2.088630282107129e-02	2.089296130854040e-02
213656	1.904031643945603e-02	1.905460717963247e-02
214283	1.785314688625594e-02	1.819700858609984e-02
214739	1.665569274441414e-02	1.698243652461744e-02
215219	1.587509120215946e-02	1.621810097358930e-02
215253	1.584875930205487e-02	1.584893192461113e-02
215464	1.547981685307287e-02	1.548816618912481e-02
277410	1.513137254162489e-02	1.513561248436208e-02
278768	1.472742309153063e-02	1.479108388168207e-02
655860	1.435261130821264e-02	1.445439770745927e-02
661070	1.394326296941706e-02	1.412537544622754e-02
850058	1.340081094462975e-02	1.348962882591653e-02
854393	1.259950652934738e-02	1.288249551693134e-02
857537	1.108178733725629e-02	1.122018454301964e-02
861530	9.810755856261344e-03	1.000000000000000e-02
1000000	9.789410661917186e-03	1.000000000000000e-02
%
% index = 2694, name = bbob_f002_i21_d10__bbob_f014_i22_d10
% instance = 10, reference value = 9.685175867293140e-01
% function evaluation | indicator value | target hit
1	2.089153212539185e+00	2.089296130854040e+00
38	2.033803733050982e+00	2.041737944669529e+00
39	1.979417649112411e+00	1.995262314968880e+00
40	1.873565131471160e+00	1.905460717963247e+00
61	1.730214100386292e+00	1.737800828749375e+00
82	1.503487488813912e+00	1.513561248436208e+00
103	1.299094736460687e+00	1.318256738556407e+00
124	1.115707826486853e+00	1.122018454301963e+00
145	9.682906230471533e-01	9.772372209558107e-01
166	9.539893645948446e-01	9.549925860214360e-01
187	9.234776353066291e-01	9.332543007969910e-01
208	8.799659135828679e-01	8.912509381337456e-01
229	8.262362675842327e-01	8.317637711026710e-01
250	7.648090934298930e-01	7.762471166286917e-01
271	6.981285049127355e-01	7.079457843841379e-01
292	6.290080753153102e-01	6.309573444801932e-01
313	5.609409242724391e-01	5.623413251903491e-01
334	4.977088660785072e-01	5.011872336272722e-01
355	4.427030141269398e-01	4.466835921509631e-01
376	3.979878595548887e-01	3.981071705534972e-01
397	3.636246849372836e-01	3.715352290971726e-01
418	3.377730860312956e-01	3.388441561392025e-01
439	3.175100895787146e-01	3.235936569296283e-01
460	3.014406653773131e-01	3.019951720402016e-01
481	2.858002374090506e-01	2.884031503126606e-01
502	2.708714041369821e-01	2.754228703338166e-01
523	2.559320667451548e-01	2.570395782768864e-01
544	2.408308626734122e-01	2.454708915685030e-01
565	2.259927034548405e-01	2.290867652767773e-01
586	2.121838475109697e-01	2.137962089502232e-01
607	2.001613146681960e-01	2.041737944669530e-01
628	1.903099826560123e-01	1.905460717963247e-01
649	1.823566613770881e-01	1.862087136662867e-01
670	1.759015990654998e-01	1.778279410038923e-01
691	1.692500260713989e-01	1.698243652461744e-01
712	1.644899692702066e-01	1.659586907437560e-01
733	1.604113870080823e-01	1.621810097358930e-01
754	1.567181786008325e-01	1.584893192461113e-01
817	1.539884547571734e-01	1.548816618912481e-01
838	1.507789512300415e-01	1.513561248436208e-01
922	1.474238906731258e-01	1.479108388168208e-01
943	1.437528352711823e-01	1.445439770745928e-01
1027	1.408676488116801e-01	1.412537544622754e-01
1069	1.364406293562461e-01	1.380384264602885e-01
1174	1.322657871753679e-01	1.348962882591654e-01
1195	1.317097423904353e-01	1.318256738556407e-01
1300	1.280173294656144e-01	1.288249551693134e-01
1426	1.246673622228235e-01	1.258925411794167e-01
1531	1.227823565535348e-01	1.230268770812381e-01
1573	1.200140118212152e-01	1.202264434617413e-01
1720	1.174790967353387e-01	1.174897554939529e-01
2014	1.137875696612136e-01	1.148153621496883e-01
2329	1.109113234581476e-01	1.122018454301964e-01
30171	1.081417771138372e-01	1.096478196143185e-01
114907	1.071023335211639e-01	1.071519305237607e-01
118774	1.032447617586901e-01	1.047128548050900e-01
120465	1.007370675774668e-01	1.023292992280754e-01
122793	9.771349956965503e-02	9.772372209558107e-02
125070	9.454128276150198e-02	9.549925860214359e-02
127105	9.141458228228172e-02	9.332543007969910e-02
128613	8.833611300522215e-02	8.912509381337455e-02
129919	8.538124053982388e-02	8.709635899560805e-02
131414	8.264739491758599e-02	8.317637711026708e-02
132747	8.048007181665773e-02	8.128305161640990e-02
134079	7.892677692612404e-02	7.943282347242814e-02
135422	7.695000154874199e-02	7.762471166286916e-02
136409	7.478393765414337e-02	7.585775750291836e-02
137741	7.315722780469314e-02	7.413102413009177e-02
138873	7.179506596417629e-02	7.244359600749903e-02
140048	7.044489887263761e-02	7.079457843841380e-02
140757	6.886884669591342e-02	6.918309709189366e-02
141573	6.745993088113678e-02	6.760829753919818e-02
143415	6.597663101534323e-02	6.606934480075961e-02
227079	6.455486963551205e-02	6.456542290346556e-02
361350	6.309517818262589e-02	6.309573444801933e-02
766679	5.729402195670075e-02	5.754399373371569e-02
768531	4.927677254722351e-02	5.011872336272722e-02
770121	4.018518874918198e-02	4.073802778041128e-02
773364	3.332459375561225e-02	3.388441561392026e-02
775364	2.861779817551091e-02	2.884031503126606e-02
777456	2.529119599717877e-02	2.570395782768863e-02
780360	2.185433383872437e-02	2.187761623949553e-02
785496	2.009684197786021e-02	2.041737944669529e-02
828974	1.946108802630986e-02	1.949844599758046e-02
834188	1.866009223820386e-02	1.905460717963247e-02
840292	1.747087818151227e-02	1.778279410038923e-02
840607	1.728311341646660e-02	1.737800828749375e-02
840650	1.678027291281647e-02	1.698243652461744e-02
869079	1.581734516459943e-02	1.584893192461113e-02
1000000	1.579260397688920e-02	1.584893192461113e-02
