%
% index = 1020, name = bbob_f002_i02_d03__bbob_f013_i04_d03
% instance = 1, reference value = 8.325529813036130e-01
% function evaluation | indicator value | target hit
1	1.394355684990846e+00	1.412537544622754e+00
23	1.371584000569800e+00	1.380384264602885e+00
25	1.305630994735130e+00	1.318256738556407e+00
32	1.237576981912224e+00	1.258925411794167e+00
39	1.137223827400041e+00	1.148153621496883e+00
46	1.047499052034597e+00	1.071519305237606e+00
53	9.679434129133626e-01	9.772372209558107e-01
60	9.009839243841129e-01	9.120108393559098e-01
67	8.373199330936130e-01	8.511380382023764e-01
74	8.254084938420773e-01	8.317637711026710e-01
81	8.103159284796908e-01	8.128305161640993e-01
88	7.852205603704332e-01	7.943282347242815e-01
95	7.481013130140652e-01	7.585775750291838e-01
102	6.990418191199611e-01	7.079457843841379e-01
109	6.411594301345744e-01	6.456542290346555e-01
116	5.799232198821569e-01	5.888436553555889e-01
123	5.213459090991815e-01	5.248074602497725e-01
130	4.703299254745472e-01	4.786300923226383e-01
137	4.298193685687101e-01	4.365158322401660e-01
144	4.004256170648449e-01	4.073802778041127e-01
151	3.804757232567257e-01	3.890451449942806e-01
158	3.676545751014714e-01	3.715352290971726e-01
165	3.610195915867408e-01	3.630780547701014e-01
172	3.539582362799784e-01	3.548133892335755e-01
179	3.466923157033335e-01	3.467368504525316e-01
193	3.324475625896486e-01	3.388441561392025e-01
200	3.262005618025304e-01	3.311311214825911e-01
207	3.206562633096717e-01	3.235936569296283e-01
214	3.134625473236763e-01	3.162277660168379e-01
221	3.075834064188027e-01	3.090295432513591e-01
242	2.988608813111323e-01	3.019951720402016e-01
249	2.924727397300902e-01	2.951209226666385e-01
256	2.858458269682248e-01	2.884031503126606e-01
277	2.816589068783558e-01	2.818382931264454e-01
291	2.713635602749787e-01	2.754228703338166e-01
298	2.685118110153719e-01	2.691534803926916e-01
333	2.560833887037307e-01	2.570395782768864e-01
375	2.500155553915997e-01	2.511886431509580e-01
1013	2.446792971708321e-01	2.454708915685030e-01
1390	2.395426632804729e-01	2.398832919019490e-01
1525	2.255649858601236e-01	2.290867652767773e-01
1699	2.170721821772904e-01	2.187761623949552e-01
1852	2.123687747278559e-01	2.137962089502232e-01
23446	1.985814661076244e-01	1.995262314968880e-01
23508	1.678734762121515e-01	1.698243652461744e-01
23524	1.380548562981908e-01	1.412537544622754e-01
23652	1.087196954394140e-01	1.096478196143185e-01
23832	8.166315967641002e-02	8.317637711026708e-02
24005	5.817861430652083e-02	5.888436553555890e-02
24173	3.980682277650649e-02	3.981071705534973e-02
24442	2.687720981473651e-02	2.691534803926915e-02
24461	2.595842505627632e-02	2.630267991895381e-02
24481	2.569688144767335e-02	2.570395782768863e-02
63699	2.495322615834028e-02	2.511886431509579e-02
64335	2.448202238443709e-02	2.454708915685030e-02
64942	2.361187285070987e-02	2.398832919019490e-02
65117	2.293540990445941e-02	2.344228815319923e-02
65258	2.222421237372418e-02	2.238721138568340e-02
66920	2.116533850250824e-02	2.137962089502233e-02
66958	2.023238307300301e-02	2.041737944669529e-02
67025	1.979578993937281e-02	1.995262314968880e-02
67311	1.905888729763838e-02	1.949844599758046e-02
67642	1.885323051738730e-02	1.905460717963247e-02
68002	1.830198196228483e-02	1.862087136662868e-02
68127	1.818885754859512e-02	1.819700858609984e-02
68340	1.776192211512795e-02	1.778279410038923e-02
68768	1.722737889522408e-02	1.737800828749375e-02
68958	1.692836516927310e-02	1.698243652461744e-02
69531	1.653319736476178e-02	1.659586907437561e-02
70262	1.607205700024539e-02	1.621810097358930e-02
71150	1.582188485016378e-02	1.584893192461113e-02
72639	1.547846358553939e-02	1.548816618912481e-02
73284	1.513399569505747e-02	1.513561248436208e-02
74966	1.478738358869525e-02	1.479108388168207e-02
78117	1.445207465938314e-02	1.445439770745927e-02
80670	1.412192601563556e-02	1.412537544622754e-02
90487	1.380347997203191e-02	1.380384264602885e-02
120371	1.348961284716144e-02	1.348962882591653e-02
300000	1.339320408745415e-02	1.348962882591653e-02
%
% index = 1021, name = bbob_f002_i03_d03__bbob_f013_i05_d03
% instance = 2, reference value = 9.960142885888600e-01
% function evaluation | indicator value | target hit
1	1.634782648026868e+01	1.659586907437561e+01
22	1.620417818253663e+01	1.621810097358930e+01
24	1.575897004890874e+01	1.584893192461113e+01
25	1.513357417484662e+01	1.513561248436208e+01
32	1.404119465486266e+01	1.412537544622754e+01
39	1.218379030062692e+01	1.230268770812382e+01
46	1.035316182880088e+01	1.047128548050900e+01
53	8.724743017618541e+00	8.912509381337454e+00
60	7.425537091939910e+00	7.585775750291837e+00
67	6.505920216440412e+00	6.606934480075959e+00
74	5.944474734030522e+00	6.025595860743578e+00
81	5.659397064781424e+00	5.754399373371569e+00
88	5.496666134173797e+00	5.623413251903491e+00
95	5.217490193722448e+00	5.248074602497725e+00
102	4.592166681006328e+00	4.677351412871983e+00
109	3.673665388124520e+00	3.715352290971725e+00
116	2.858681784900995e+00	2.884031503126606e+00
123	2.430723249579850e+00	2.454708915685031e+00
130	2.274434517438834e+00	2.290867652767773e+00
137	2.192837521289122e+00	2.238721138568339e+00
144	2.090285893791438e+00	2.137962089502232e+00
151	2.032652916550860e+00	2.041737944669529e+00
158	1.976641341116860e+00	1.995262314968880e+00
165	1.920929234594360e+00	1.949844599758045e+00
172	1.866481365488360e+00	1.905460717963247e+00
179	1.812672320135360e+00	1.819700858609983e+00
186	1.759574027330860e+00	1.778279410038923e+00
193	1.722564018675860e+00	1.737800828749375e+00
200	1.669345667297360e+00	1.698243652461744e+00
207	1.587908313176360e+00	1.621810097358930e+00
214	1.537730561653360e+00	1.548816618912481e+00
221	1.507783226244860e+00	1.513561248436208e+00
228	1.445112080508360e+00	1.445439770745927e+00
235	1.367283603601860e+00	1.380384264602885e+00
242	1.320264955277360e+00	1.348962882591654e+00
249	1.293449098723860e+00	1.318256738556407e+00
256	1.209134232786360e+00	1.230268770812382e+00
263	1.164513992200860e+00	1.174897554939530e+00
270	1.137253269285860e+00	1.148153621496883e+00
277	1.078080574956360e+00	1.096478196143185e+00
284	1.008419799099860e+00	1.023292992280754e+00
291	9.677724372754982e-01	9.772372209558107e-01
298	9.414285748370054e-01	9.549925860214360e-01
305	8.776312991604123e-01	8.912509381337456e-01
312	8.350730780434769e-01	8.511380382023764e-01
319	7.864697989822526e-01	7.943282347242815e-01
326	7.272935007812493e-01	7.413102413009175e-01
333	6.900853770255266e-01	6.918309709189365e-01
340	6.518608701009023e-01	6.606934480075960e-01
347	5.940986641799800e-01	6.025595860743578e-01
354	5.538438149658028e-01	5.623413251903491e-01
361	5.376421736347823e-01	5.495408738576245e-01
368	4.812796272832569e-01	4.897788193684462e-01
375	4.445127952719486e-01	4.466835921509631e-01
382	4.095991746205709e-01	4.168693834703354e-01
389	3.541308438293810e-01	3.548133892335755e-01
396	3.171038467861628e-01	3.235936569296283e-01
403	3.023859446379437e-01	3.090295432513591e-01
410	2.490817831606242e-01	2.511886431509580e-01
417	2.197113989450615e-01	2.238721138568339e-01
424	1.982113507679235e-01	1.995262314968880e-01
431	1.551853520635137e-01	1.584893192461113e-01
438	1.375029272595258e-01	1.380384264602885e-01
445	1.188089434323181e-01	1.202264434617413e-01
452	8.661462539735176e-02	8.709635899560805e-02
459	5.807117682832919e-02	5.888436553555890e-02
473	5.548098522773015e-02	5.623413251903491e-02
480	4.629870162029370e-02	4.677351412871981e-02
487	3.250778435072121e-02	3.311311214825911e-02
501	2.216539552200714e-02	2.238721138568340e-02
508	2.169893436347603e-02	2.187761623949553e-02
529	2.081963670070430e-02	2.089296130854040e-02
731	2.034135327341346e-02	2.041737944669529e-02
821	1.979782748722581e-02	1.995262314968880e-02
862	1.919502750290436e-02	1.949844599758046e-02
994	1.850845098451026e-02	1.862087136662868e-02
1143	1.814900000967468e-02	1.819700858609984e-02
1530	1.768248800415229e-02	1.778279410038923e-02
34853	1.719980280982891e-02	1.737800828749375e-02
34869	1.678768260812591e-02	1.698243652461744e-02
34877	1.596364941822648e-02	1.621810097358930e-02
34893	1.481024940520415e-02	1.513561248436208e-02
34906	1.478520923446480e-02	1.479108388168207e-02
129279	1.325153413370350e-02	1.348962882591653e-02
148119	1.318050857841724e-02	1.318256738556407e-02
158656	1.287262230814257e-02	1.288249551693134e-02
181823	6.492812269659587e-03	6.606934480075957e-03
207411	5.236888044245158e-03	5.248074602497728e-03
300000	5.223704877070912e-03	5.248074602497728e-03
%
% index = 1022, name = bbob_f002_i07_d03__bbob_f013_i08_d03
% instance = 3, reference value = 9.834217913529170e-01
% function evaluation | indicator value | target hit
1	9.491665056542911e-01	9.549925860214360e-01
32	9.261473612628797e-01	9.332543007969910e-01
39	9.089819609052148e-01	9.120108393559098e-01
53	8.730276734373444e-01	8.912509381337456e-01
60	8.539521484639367e-01	8.709635899560807e-01
67	8.339530251001253e-01	8.511380382023764e-01
74	8.129251274118992e-01	8.317637711026710e-01
81	7.908248704587001e-01	7.943282347242815e-01
88	7.676911435228005e-01	7.762471166286917e-01
95	7.436573949105911e-01	7.585775750291838e-01
102	7.189517843044906e-01	7.244359600749900e-01
109	6.938841829423533e-01	7.079457843841379e-01
116	6.688212481760299e-01	6.760829753919817e-01
123	6.441530635434780e-01	6.456542290346555e-01
130	6.202560578151324e-01	6.309573444801932e-01
137	5.974566428459970e-01	6.025595860743578e-01
144	5.759983002424013e-01	5.888436553555889e-01
151	5.560124174683034e-01	5.623413251903491e-01
158	5.374911060857226e-01	5.495408738576245e-01
165	5.202599751242613e-01	5.248074602497725e-01
172	5.039518901486493e-01	5.128613839913648e-01
179	4.879904272544717e-01	4.897788193684462e-01
186	4.716036981590109e-01	4.786300923226383e-01
193	4.539004697094252e-01	4.570881896148750e-01
200	4.340383480722539e-01	4.365158322401660e-01
207	4.114806869583412e-01	4.168693834703354e-01
214	3.862694949730408e-01	3.890451449942806e-01
221	3.591716875056442e-01	3.630780547701014e-01
228	3.315640728988428e-01	3.388441561392025e-01
235	3.050565071447332e-01	3.090295432513591e-01
242	2.810325277850171e-01	2.818382931264454e-01
249	2.603393451575660e-01	2.630267991895382e-01
256	2.432098347512065e-01	2.454708915685030e-01
263	2.292724909059943e-01	2.344228815319922e-01
270	2.174022136394556e-01	2.187761623949552e-01
277	2.053977477425374e-01	2.089296130854039e-01
284	1.902562770482921e-01	1.905460717963247e-01
291	1.703086954411359e-01	1.737800828749375e-01
298	1.477750480788836e-01	1.479108388168208e-01
305	1.271791928674506e-01	1.288249551693134e-01
312	1.110024774448573e-01	1.122018454301964e-01
319	9.860352691476360e-02	1.000000000000000e-01
326	8.727942097160546e-02	8.912509381337455e-02
333	7.469872112265385e-02	7.585775750291836e-02
340	6.938644270192496e-02	7.079457843841380e-02
347	6.864249122671073e-02	6.918309709189366e-02
354	6.680471186539427e-02	6.760829753919818e-02
361	6.506856587967036e-02	6.606934480075961e-02
375	6.448270024229008e-02	6.456542290346556e-02
300000	6.391519928987088e-02	6.456542290346556e-02
%
% index = 1023, name = bbob_f002_i09_d03__bbob_f013_i10_d03
% instance = 4, reference value = 9.991283743271370e-01
% function evaluation | indicator value | target hit
1	1.532377866229731e+02	1.548816618912481e+02
24	1.497875884208821e+02	1.513561248436209e+02
25	1.463420167019796e+02	1.479108388168207e+02
32	1.406532355281341e+02	1.412537544622754e+02
39	1.313325201643237e+02	1.318256738556407e+02
46	1.217222556783166e+02	1.230268770812381e+02
53	1.118624514357991e+02	1.122018454301963e+02
60	1.019472296413751e+02	1.023292992280754e+02
67	9.229699904455164e+01	9.332543007969910e+01
74	8.329289799363114e+01	8.511380382023764e+01
81	7.528950368604065e+01	7.585775750291836e+01
88	6.852831638077814e+01	6.918309709189366e+01
95	6.306612255776263e+01	6.309573444801933e+01
102	5.871793293755963e+01	5.888436553555890e+01
109	5.501241596069264e+01	5.623413251903491e+01
116	5.119791850335714e+01	5.128613839913648e+01
123	4.641267475146064e+01	4.677351412871981e+01
130	4.012920514164664e+01	4.073802778041128e+01
137	3.269541748893214e+01	3.311311214825911e+01
144	2.537472538583764e+01	2.570395782768863e+01
151	1.958442466279413e+01	1.995262314968880e+01
158	1.604805635017964e+01	1.621810097358930e+01
165	1.456735429306714e+01	1.479108388168207e+01
172	1.387619048699114e+01	1.412537544622754e+01
179	1.158035864822064e+01	1.174897554939530e+01
186	7.280657695411637e+00	7.413102413009175e+00
193	4.258515940265637e+00	4.265795188015927e+00
200	3.948645803810137e+00	3.981071705534972e+00
207	3.608918672306637e+00	3.630780547701014e+00
214	3.495390113510637e+00	3.548133892335755e+00
221	3.441329707823137e+00	3.467368504525317e+00
228	3.336792492166137e+00	3.388441561392026e+00
235	2.949431952249137e+00	2.951209226666386e+00
242	1.527602666155137e+00	1.548816618912481e+00
249	1.020093587081637e+00	1.023292992280754e+00
256	9.551684663798037e-01	9.772372209558107e-01
263	6.836234507031326e-01	6.918309709189365e-01
270	3.260526507514170e-01	3.311311214825911e-01
277	9.509734588984098e-02	9.549925860214359e-02
284	4.964691444686564e-02	5.011872336272722e-02
291	4.490767426280862e-02	4.570881896148749e-02
298	3.459228016260862e-02	3.467368504525317e-02
305	1.461430311323131e-02	1.479108388168207e-02
312	1.089144431964928e-02	1.096478196143185e-02
319	1.070729988971353e-02	1.071519305237606e-02
326	9.464994604168941e-03	9.549925860214359e-03
340	9.166531732986427e-03	9.332543007969915e-03
347	8.461915409366139e-03	8.511380382023767e-03
354	8.291540187866930e-03	8.317637711026709e-03
368	7.592211448299580e-03	7.762471166286920e-03
375	7.478700677565286e-03	7.585775750291836e-03
459	7.109501234215498e-03	7.244359600749898e-03
466	7.051206192784987e-03	7.079457843841380e-03
480	6.739824461718391e-03	6.760829753919818e-03
494	6.453557738353433e-03	6.456542290346556e-03
522	6.037428105806097e-03	6.165950018614822e-03
536	5.214026181114328e-03	5.248074602497728e-03
543	4.665486104465488e-03	4.677351412871981e-03
557	4.491334598076935e-03	4.570881896148752e-03
571	4.320330833082919e-03	4.365158322401661e-03
1367	4.264688258684313e-03	4.265795188015926e-03
7088	4.087088844545783e-03	4.168693834703355e-03
7122	3.525223581075321e-03	3.548133892335753e-03
7697	2.243803399455180e-03	2.290867652767772e-03
12430	1.845411651194784e-03	1.862087136662868e-03
20201	1.571834506227554e-03	1.584893192461114e-03
23536	1.334484207504372e-03	1.348962882591653e-03
23612	1.221703092773474e-03	1.230268770812381e-03
31560	1.198682490007541e-03	1.202264434617413e-03
43076	1.170622369370711e-03	1.174897554939529e-03
51100	1.147027855082361e-03	1.148153621496883e-03
51890	1.121236468964115e-03	1.122018454301963e-03
62203	1.095584471768274e-03	1.096478196143185e-03
75115	1.029262370275674e-03	1.047128548050900e-03
85535	1.005543682800258e-03	1.023292992280754e-03
85583	9.932182014212865e-04	1.000000000000000e-03
89422	9.742408725825769e-04	9.772372209558111e-04
99228	9.549852290016148e-04	9.549925860214359e-04
300000	9.345702220548979e-04	9.549925860214359e-04
%
% index = 1024, name = bbob_f002_i11_d03__bbob_f013_i12_d03
% instance = 5, reference value = 9.867039790794550e-01
% function evaluation | indicator value | target hit
1	7.217657822290694e-01	7.244359600749900e-01
25	7.048235733645094e-01	7.079457843841379e-01
32	6.910728145346553e-01	6.918309709189365e-01
39	6.691462437584169e-01	6.760829753919817e-01
46	6.472178525069134e-01	6.606934480075960e-01
53	6.249213292996810e-01	6.309573444801932e-01
60	6.018142716773895e-01	6.025595860743578e-01
67	5.774388472479904e-01	5.888436553555889e-01
74	5.514327985344731e-01	5.623413251903491e-01
81	5.236857236619333e-01	5.248074602497725e-01
88	4.944976323760130e-01	5.011872336272722e-01
95	4.646521550143790e-01	4.677351412871982e-01
102	4.353082122807092e-01	4.365158322401660e-01
109	4.076904203088955e-01	4.168693834703354e-01
116	3.827019006845696e-01	3.890451449942806e-01
123	3.606657695682953e-01	3.630780547701014e-01
130	3.412975682662883e-01	3.467368504525316e-01
137	3.237884969847333e-01	3.311311214825911e-01
144	3.068725981254875e-01	3.090295432513591e-01
151	2.894959050004602e-01	2.951209226666385e-01
158	2.726013863292696e-01	2.754228703338166e-01
165	2.576931337653381e-01	2.630267991895382e-01
172	2.437276335655744e-01	2.454708915685030e-01
179	2.318903630034832e-01	2.344228815319922e-01
186	2.127336908662251e-01	2.137962089502232e-01
193	2.008556807044785e-01	2.041737944669530e-01
200	1.917391327428402e-01	1.949844599758045e-01
207	1.721197737667224e-01	1.737800828749375e-01
214	1.625011658433790e-01	1.659586907437560e-01
221	1.542327687019742e-01	1.548816618912481e-01
228	1.347860836002187e-01	1.348962882591654e-01
235	1.272680025513518e-01	1.288249551693134e-01
242	1.226626125493584e-01	1.230268770812381e-01
256	1.159667679301591e-01	1.174897554939529e-01
263	9.752923641998501e-02	9.772372209558107e-02
270	8.928529796847251e-02	9.120108393559097e-02
277	8.598312017160203e-02	8.709635899560805e-02
284	8.042106497555268e-02	8.128305161640990e-02
291	6.379477295262226e-02	6.456542290346556e-02
298	6.303815241727506e-02	6.309573444801933e-02
347	6.154317648498842e-02	6.165950018614822e-02
2294	6.020862727570708e-02	6.025595860743578e-02
83723	5.888176789615840e-02	5.888436553555890e-02
83835	5.604315492085887e-02	5.623413251903491e-02
83853	5.308466259432698e-02	5.370317963702527e-02
83869	4.758636451889697e-02	4.786300923226382e-02
83894	4.238221706597423e-02	4.265795188015926e-02
83902	3.746336118150884e-02	3.801893963205612e-02
83918	3.283965400264488e-02	3.311311214825911e-02
83935	2.854307033140069e-02	2.884031503126606e-02
83943	2.460873076223291e-02	2.511886431509579e-02
83951	2.105670911816393e-02	2.137962089502233e-02
83975	1.788214953101064e-02	1.819700858609984e-02
83983	1.506017859507569e-02	1.513561248436208e-02
83991	1.255858872092663e-02	1.258925411794167e-02
84007	1.034854943835373e-02	1.047128548050900e-02
84024	8.409035868087167e-03	8.511380382023767e-03
84048	6.726022686980304e-03	6.760829753919818e-03
84056	5.289904350950225e-03	5.370317963702527e-03
84072	4.092194292329321e-03	4.168693834703355e-03
84088	3.123264016520411e-03	3.162277660168379e-03
84136	2.370256395695547e-03	2.398832919019490e-03
84160	1.815997507932932e-03	1.819700858609983e-03
84201	1.438052415204116e-03	1.445439770745928e-03
84241	1.208624009196857e-03	1.230268770812381e-03
84266	1.094632538965579e-03	1.096478196143185e-03
84274	1.058241081162037e-03	1.071519305237606e-03
85026	1.046820738708987e-03	1.047128548050900e-03
106659	9.898210492185200e-04	1.000000000000000e-03
106660	9.535831687000895e-04	9.549925860214359e-04
106661	9.164971046361492e-04	9.332543007969915e-04
106662	8.805669977548503e-04	8.912509381337459e-04
106663	8.491957054720389e-04	8.511380382023768e-04
106664	8.224162438562610e-04	8.317637711026709e-04
106665	7.983385852858849e-04	8.128305161640995e-04
106666	7.724816166844173e-04	7.762471166286919e-04
106667	7.488114120187683e-04	7.585775750291835e-04
106668	7.257863775064211e-04	7.413102413009177e-04
106669	7.023944636452839e-04	7.079457843841380e-04
106670	6.896081999459014e-04	6.918309709189362e-04
106671	6.666022643753156e-04	6.760829753919819e-04
106672	6.440840527359715e-04	6.456542290346556e-04
106673	6.234013194242882e-04	6.309573444801930e-04
106674	6.054999599440780e-04	6.165950018614823e-04
106675	5.894972742392923e-04	6.025595860743575e-04
106676	5.752937262875069e-04	5.754399373371566e-04
106677	5.622613961875356e-04	5.623413251903491e-04
106679	5.408535073048171e-04	5.495408738576248e-04
106680	5.304703811224165e-04	5.370317963702527e-04
106681	5.203176609669402e-04	5.248074602497728e-04
106682	5.103781496508253e-04	5.128613839913648e-04
106683	5.007599083424186e-04	5.011872336272725e-04
106685	4.827004436179783e-04	4.897788193684461e-04
106686	4.744803859041413e-04	4.786300923226385e-04
106687	4.647913815992721e-04	4.677351412871981e-04
106688	4.567922499072452e-04	4.570881896148752e-04
106690	4.402065507014274e-04	4.466835921509630e-04
106691	4.332707003521508e-04	4.365158322401661e-04
106693	4.201123316376343e-04	4.265795188015926e-04
106694	4.140255842950413e-04	4.168693834703355e-04
106696	4.025070439599432e-04	4.073802778041126e-04
106697	3.967811736779181e-04	3.981071705534974e-04
106699	3.853706344725261e-04	3.890451449942805e-04
106700	3.797591202026052e-04	3.801893963205612e-04
106702	3.685019679768864e-04	3.715352290971724e-04
106703	3.628916690894268e-04	3.630780547701014e-04
106705	3.516725600781756e-04	3.548133892335753e-04
106706	3.461622594616021e-04	3.467368504525317e-04
106708	3.354300835117785e-04	3.388441561392024e-04
106709	3.303189098948778e-04	3.311311214825911e-04
106711	3.210154597297343e-04	3.235936569296281e-04
106713	3.127388715742363e-04	3.162277660168379e-04
106715	3.059842146365677e-04	3.090295432513592e-04
106717	2.981886628569130e-04	3.019951720402016e-04
106718	2.949177156724714e-04	2.951209226666387e-04
106721	2.863324023779645e-04	2.884031503126605e-04
106723	2.811517031067190e-04	2.818382931264455e-04
106726	2.734674387602221e-04	2.754228703338166e-04
106728	2.684769648613194e-04	2.691534803926917e-04
106731	2.612703964529617e-04	2.630267991895381e-04
106733	2.564504620855557e-04	2.570395782768865e-04
106736	2.494407429826095e-04	2.511886431509580e-04
106738	2.451701636407844e-04	2.454708915685031e-04
106741	2.392040057597189e-04	2.398832919019490e-04
106744	2.337194796605546e-04	2.344228815319923e-04
106747	2.283820387889435e-04	2.290867652767772e-04
106750	2.236245897688782e-04	2.238721138568340e-04
106754	2.176107913262060e-04	2.187761623949552e-04
106757	2.133569966474846e-04	2.137962089502232e-04
106761	2.077284222496978e-04	2.089296130854039e-04
106764	2.035245886254922e-04	2.041737944669530e-04
106767	1.993435584751735e-04	1.995262314968879e-04
106771	1.937978878786550e-04	1.949844599758046e-04
106774	1.896556882957645e-04	1.905460717963246e-04
106777	1.855387399455344e-04	1.862087136662868e-04
106780	1.812708453616807e-04	1.819700858609983e-04
106783	1.774674493797423e-04	1.778279410038923e-04
106961	1.726637129645381e-04	1.737800828749376e-04
106964	1.691438313796700e-04	1.698243652461744e-04
107073	1.650050480169751e-04	1.659586907437562e-04
107077	1.614831062151101e-04	1.621810097358930e-04
107133	1.581997241584254e-04	1.584893192461114e-04
107350	1.544115831960680e-04	1.548816618912481e-04
107474	1.508896850307417e-04	1.513561248436209e-04
107479	1.476648056842889e-04	1.479108388168207e-04
107484	1.444855800799560e-04	1.445439770745928e-04
107490	1.406887870043505e-04	1.412537544622754e-04
107495	1.376879602806858e-04	1.380384264602885e-04
107515	1.347824393673758e-04	1.348962882591653e-04
107567	1.314559340790389e-04	1.318256738556407e-04
107597	1.288226935851622e-04	1.288249551693134e-04
107603	1.258415314387973e-04	1.258925411794167e-04
107702	1.230212453685597e-04	1.230268770812381e-04
107830	1.198866468707926e-04	1.202264434617413e-04
107880	1.173924261291814e-04	1.174897554939529e-04
107887	1.146444862450968e-04	1.148153621496883e-04
107943	1.120329306015799e-04	1.122018454301963e-04
107950	1.095777250261776e-04	1.096478196143185e-04
107957	1.071372402287052e-04	1.071519305237606e-04
107964	1.047059301273467e-04	1.047128548050900e-04
108081	1.021550080378963e-04	1.023292992280754e-04
108088	9.974662845968485e-05	1.000000000000000e-04
108094	9.768860303638327e-05	9.772372209558111e-05
108116	9.532561626979241e-05	9.549925860214369e-05
108862	9.302445094538925e-05	9.332543007969905e-05
109000	9.116681201892796e-05	9.120108393559096e-05
109241	8.910697182584748e-05	8.912509381337459e-05
109424	8.708576741467411e-05	8.709635899560814e-05
109432	8.508866458512010e-05	8.511380382023759e-05
109506	8.309646697379769e-05	8.317637711026709e-05
109530	8.120306118519771e-05	8.128305161640995e-05
109607	7.939207456908459e-05	7.943282347242822e-05
109671	7.760716371063570e-05	7.762471166286911e-05
109696	7.578972206578882e-05	7.585775750291836e-05
109707	7.402302885795020e-05	7.413102413009176e-05
109718	7.229538396313906e-05	7.244359600749906e-05
109735	7.076874026046287e-05	7.079457843841373e-05
109746	6.912448685392203e-05	6.918309709189363e-05
110743	6.752312946634031e-05	6.760829753919819e-05
110806	6.603281935702032e-05	6.606934480075965e-05
110995	6.451380847338761e-05	6.456542290346549e-05
111029	6.306203974137947e-05	6.309573444801929e-05
111936	6.158598196692733e-05	6.165950018614822e-05
112073	6.020024932118506e-05	6.025595860743581e-05
112094	5.879318998835981e-05	5.888436553555884e-05
112115	5.748131942895363e-05	5.754399373371566e-05
113131	5.622738877053557e-05	5.623413251903491e-05
113146	5.492268905005204e-05	5.495408738576248e-05
113161	5.362297840716401e-05	5.370317963702532e-05
113175	5.241571781178234e-05	5.248074602497723e-05
113240	5.121198735180688e-05	5.128613839913648e-05
113253	5.010018596918187e-05	5.011872336272725e-05
113306	4.890812953384227e-05	4.897788193684466e-05
113319	4.783597332402856e-05	4.786300923226380e-05
113534	4.669905411658348e-05	4.677351412871981e-05
113736	4.564798164241601e-05	4.570881896148752e-05
113900	4.466803576774758e-05	4.466835921509635e-05
113946	4.361868377922296e-05	4.365158322401657e-05
113992	4.262473004712497e-05	4.265795188015926e-05
121979	4.167724545822704e-05	4.168693834703355e-05
122063	4.073368948998013e-05	4.073802778041130e-05
122188	3.980906238321147e-05	3.981071705534969e-05
122300	3.887317222150966e-05	3.890451449942805e-05
122342	3.800696289957273e-05	3.801893963205612e-05
122380	3.712597880345392e-05	3.715352290971728e-05
122401	3.630142864552433e-05	3.630780547701010e-05
122430	3.546273447485593e-05	3.548133892335753e-05
122503	3.466091736281651e-05	3.467368504525317e-05
122554	3.385221791185611e-05	3.388441561392028e-05
130944	3.309196714251783e-05	3.311311214825908e-05
130989	3.233056755524988e-05	3.235936569296281e-05
131072	3.161808780316466e-05	3.162277660168380e-05
132188	3.089653474031007e-05	3.090295432513592e-05
132270	3.018721674385993e-05	3.019951720402019e-05
132312	2.949475619218322e-05	2.951209226666384e-05
132374	2.882070057874664e-05	2.884031503126606e-05
136934	2.816535189220648e-05	2.818382931264455e-05
136963	2.753602482985507e-05	2.754228703338169e-05
136992	2.690899557389326e-05	2.691534803926914e-05
137093	2.628402078241887e-05	2.630267991895381e-05
137121	2.568417237736043e-05	2.570395782768864e-05
137155	2.510794966326113e-05	2.511886431509582e-05
137235	2.453335312324612e-05	2.454708915685029e-05
137796	2.397662601305584e-05	2.398832919019490e-05
137852	2.342830961343800e-05	2.344228815319923e-05
137996	2.289120013265755e-05	2.290867652767775e-05
138140	2.238076062732741e-05	2.238721138568338e-05
138233	2.187106489370816e-05	2.187761623949552e-05
138351	2.137374135779968e-05	2.137962089502232e-05
138404	2.088447712211838e-05	2.089296130854041e-05
138811	2.040637640643439e-05	2.041737944669527e-05
140183	1.994428252638514e-05	1.995262314968879e-05
143008	1.948943202867426e-05	1.949844599758046e-05
143360	1.904476736125371e-05	1.905460717963248e-05
143403	1.861416275505956e-05	1.862087136662866e-05
143453	1.819174437189819e-05	1.819700858609983e-05
143605	1.778204030855601e-05	1.778279410038923e-05
143670	1.737796017420301e-05	1.737800828749376e-05
143780	1.697429128910688e-05	1.698243652461746e-05
143861	1.658801158177514e-05	1.659586907437560e-05
144062	1.621518246108788e-05	1.621810097358930e-05
144164	1.584215929029131e-05	1.584893192461114e-05
144497	1.548638243065170e-05	1.548816618912483e-05
144625	1.513331098268456e-05	1.513561248436207e-05
148611	1.478956202682902e-05	1.479108388168207e-05
148683	1.444890426816059e-05	1.445439770745928e-05
148742	1.411993475175510e-05	1.412537544622755e-05
148808	1.380019793606468e-05	1.380384264602884e-05
148898	1.348694545777462e-05	1.348962882591653e-05
149069	1.318097510705218e-05	1.318256738556407e-05
149171	1.288110360742056e-05	1.288249551693135e-05
149233	1.258779916024633e-05	1.258925411794166e-05
149350	1.230161595255908e-05	1.230268770812381e-05
149501	1.201890425617247e-05	1.202264434617413e-05
150151	1.174440520712583e-05	1.174897554939530e-05
150475	1.147834312831275e-05	1.148153621496882e-05
150752	1.121685279681373e-05	1.122018454301963e-05
150922	1.096370903519439e-05	1.096478196143185e-05
151104	1.071183148881882e-05	1.071519305237607e-05
151323	1.046928548065207e-05	1.047128548050899e-05
151462	1.023240118236401e-05	1.023292992280754e-05
158981	9.997299614927790e-06	1.000000000000000e-05
262546	9.771948138781461e-06	9.772372209558111e-06
300000	9.730308025313050e-06	9.772372209558111e-06
%
% index = 1025, name = bbob_f002_i13_d03__bbob_f013_i14_d03
% instance = 6, reference value = 9.678904883523120e-01
% function evaluation | indicator value | target hit
1	4.356214257818906e+00	4.365158322401660e+00
25	4.265383566350349e+00	4.265795188015927e+00
39	4.061205928418703e+00	4.073802778041127e+00
46	3.929984449077455e+00	3.981071705534972e+00
53	3.795818481008055e+00	3.801893963205611e+00
60	3.659742953592193e+00	3.715352290971725e+00
67	3.522828545359296e+00	3.548133892335755e+00
74	3.386171839903553e+00	3.388441561392026e+00
81	3.250849341866068e+00	3.311311214825911e+00
88	3.117885674816837e+00	3.162277660168380e+00
95	2.988222730340125e+00	3.019951720402016e+00
102	2.862696492261006e+00	2.884031503126606e+00
109	2.742019753012416e+00	2.754228703338166e+00
116	2.626764304772353e+00	2.630267991895382e+00
123	2.517357926997075e+00	2.570395782768863e+00
130	2.414039710043812e+00	2.454708915685031e+00
137	2.316696402431812e+00	2.344228815319922e+00
144	2.225238133493312e+00	2.238721138568339e+00
151	2.139469998925812e+00	2.187761623949553e+00
158	2.059071952096312e+00	2.089296130854040e+00
165	1.983612674970812e+00	1.995262314968880e+00
172	1.912565855451812e+00	1.949844599758045e+00
179	1.845328898574812e+00	1.862087136662868e+00
186	1.781244270463812e+00	1.819700858609983e+00
193	1.719623808942312e+00	1.737800828749375e+00
200	1.659776188125312e+00	1.698243652461744e+00
207	1.601037466628312e+00	1.621810097358930e+00
214	1.542803932903812e+00	1.548816618912481e+00
221	1.484565779888812e+00	1.513561248436208e+00
228	1.425939187213312e+00	1.445439770745927e+00
235	1.366693812791312e+00	1.380384264602885e+00
242	1.306772247557312e+00	1.318256738556407e+00
249	1.246298248077312e+00	1.258925411794167e+00
256	1.185571321429812e+00	1.202264434617413e+00
263	1.125046753219312e+00	1.148153621496883e+00
270	1.065301974347812e+00	1.071519305237606e+00
277	1.006992106328312e+00	1.023292992280754e+00
284	9.608816152225814e-01	9.772372209558107e-01
291	9.379005880816867e-01	9.549925860214360e-01
298	9.147988146026648e-01	9.332543007969910e-01
305	8.919758509165190e-01	9.120108393559098e-01
312	8.697840081205394e-01	8.709635899560807e-01
319	8.485057132449512e-01	8.511380382023764e-01
326	8.283333877565773e-01	8.317637711026710e-01
333	8.093516143606962e-01	8.128305161640993e-01
340	7.915213585477916e-01	7.943282347242815e-01
347	7.746668234891049e-01	7.762471166286917e-01
354	7.584672381983412e-01	7.585775750291838e-01
368	7.260507219677198e-01	7.413102413009175e-01
375	7.085733566382331e-01	7.244359600749900e-01
382	6.893477939727659e-01	6.918309709189365e-01
389	6.677915537356940e-01	6.760829753919817e-01
396	6.435371152559601e-01	6.456542290346555e-01
403	6.165399727091497e-01	6.165950018614822e-01
410	5.871414257546128e-01	5.888436553555889e-01
417	5.560569067893437e-01	5.623413251903491e-01
424	5.242812758497326e-01	5.248074602497725e-01
431	4.929320263739558e-01	5.011872336272722e-01
438	4.630748361998547e-01	4.677351412871982e-01
445	4.355804930620796e-01	4.365158322401660e-01
452	4.110447409349270e-01	4.168693834703354e-01
459	3.897738447768522e-01	3.981071705534972e-01
466	3.718134980401966e-01	3.801893963205612e-01
473	3.569873259823465e-01	3.630780547701014e-01
480	3.449153945551656e-01	3.467368504525316e-01
487	3.349998710884494e-01	3.388441561392025e-01
494	3.263882167060221e-01	3.311311214825911e-01
501	3.179384490269193e-01	3.235936569296283e-01
508	3.083302183296495e-01	3.090295432513591e-01
515	2.964697120513076e-01	3.019951720402016e-01
522	2.818562643694472e-01	2.884031503126606e-01
529	2.648390106423847e-01	2.691534803926916e-01
536	2.465591771979038e-01	2.511886431509580e-01
543	2.285220013732495e-01	2.290867652767773e-01
550	2.120514148475485e-01	2.137962089502232e-01
557	1.979449653690192e-01	1.995262314968880e-01
564	1.864417022768472e-01	1.905460717963247e-01
571	1.773869531731224e-01	1.778279410038923e-01
578	1.704191066242041e-01	1.737800828749375e-01
585	1.650846037860736e-01	1.659586907437560e-01
592	1.608859625684012e-01	1.621810097358930e-01
599	1.571751318893257e-01	1.584893192461113e-01
606	1.529590626541273e-01	1.548816618912481e-01
613	1.479586054895456e-01	1.513561248436208e-01
620	1.424065677335397e-01	1.445439770745928e-01
627	1.367592498697718e-01	1.380384264602885e-01
634	1.314857680244520e-01	1.318256738556407e-01
641	1.269027043609248e-01	1.288249551693134e-01
648	1.231359546142603e-01	1.258925411794167e-01
655	1.201735964461547e-01	1.202264434617413e-01
669	1.138346025159515e-01	1.148153621496883e-01
711	1.121786313438170e-01	1.122018454301964e-01
760	1.094733481529309e-01	1.096478196143185e-01
1539	1.070289720999236e-01	1.071519305237607e-01
12997	1.046580621462873e-01	1.047128548050900e-01
42211	9.923755736570061e-02	1.000000000000000e-01
42218	9.476090073060506e-02	9.549925860214359e-02
42225	9.003704789562461e-02	9.120108393559097e-02
42232	8.510578124082857e-02	8.511380382023763e-02
42239	8.002625477430769e-02	8.128305161640990e-02
42246	7.487048304012045e-02	7.585775750291836e-02
42253	6.971559133001348e-02	7.079457843841380e-02
42260	6.463653846818429e-02	6.606934480075961e-02
42267	5.970051191465076e-02	6.025595860743578e-02
42274	5.496350028468533e-02	5.623413251903491e-02
42281	5.046894021593851e-02	5.128613839913648e-02
42288	4.624797603020181e-02	4.677351412871981e-02
42295	4.232080447746145e-02	4.265795188015926e-02
42302	3.869866129454624e-02	3.890451449942807e-02
42316	3.762520951809067e-02	3.801893963205612e-02
42365	3.618538392222959e-02	3.630780547701014e-02
42386	3.513352706632578e-02	3.548133892335755e-02
42393	3.423234627117466e-02	3.467368504525317e-02
42414	3.382612566103405e-02	3.388441561392026e-02
42484	3.310372880569068e-02	3.311311214825911e-02
42950	2.928932794451267e-02	2.951209226666385e-02
42957	2.595709568552151e-02	2.630267991895381e-02
42964	2.255264380093713e-02	2.290867652767773e-02
42971	1.911179486243830e-02	1.949844599758046e-02
42978	1.894068241292179e-02	1.905460717963247e-02
42992	1.853922864828661e-02	1.862087136662868e-02
43146	1.817585587296422e-02	1.819700858609984e-02
81728	1.662403379380617e-02	1.698243652461744e-02
81735	1.598156284303520e-02	1.621810097358930e-02
81742	1.442062506138331e-02	1.445439770745927e-02
81749	1.357277983029936e-02	1.380384264602885e-02
81756	1.260950864831312e-02	1.288249551693134e-02
81763	1.204982780160035e-02	1.230268770812382e-02
81770	1.146555504670299e-02	1.148153621496883e-02
81777	1.087192953308136e-02	1.096478196143185e-02
81784	1.041737073298699e-02	1.047128548050900e-02
81791	1.002043047137913e-02	1.023292992280754e-02
81798	9.786939412571805e-03	1.000000000000000e-02
81805	9.339210874391490e-03	9.549925860214359e-03
81812	9.170884211839092e-03	9.332543007969915e-03
81819	8.854226650389374e-03	8.912509381337459e-03
81826	8.542433520950410e-03	8.709635899560805e-03
81833	8.441666622690303e-03	8.511380382023767e-03
81840	8.127211756585928e-03	8.128305161640995e-03
81847	7.917271750328192e-03	7.943282347242814e-03
81896	7.628867156410646e-03	7.762471166286920e-03
82001	7.584876423734288e-03	7.585775750291836e-03
300000	7.458531003604385e-03	7.585775750291836e-03
%
% index = 1026, name = bbob_f002_i15_d03__bbob_f013_i16_d03
% instance = 7, reference value = 9.948480971708780e-01
% function evaluation | indicator value | target hit
1	7.452237537467622e+00	7.585775750291837e+00
22	7.388604841099313e+00	7.413102413009175e+00
24	7.206186293757284e+00	7.244359600749901e+00
25	6.981893385476858e+00	7.079457843841379e+00
32	6.654702218692663e+00	6.760829753919817e+00
39	6.201394604624076e+00	6.309573444801933e+00
46	5.754607222325236e+00	5.888436553555890e+00
53	5.198845814902153e+00	5.248074602497725e+00
60	4.455497619383461e+00	4.466835921509632e+00
67	3.566935836208878e+00	3.630780547701014e+00
74	2.706218360681378e+00	2.754228703338166e+00
81	2.061367597295878e+00	2.089296130854040e+00
88	1.710196137270878e+00	1.737800828749375e+00
95	1.589944432829378e+00	1.621810097358930e+00
102	1.457706925484378e+00	1.479108388168207e+00
109	1.031364238584378e+00	1.047128548050900e+00
116	7.506170294482137e-01	7.585775750291838e-01
123	6.202138897853254e-01	6.309573444801932e-01
130	5.849055815743784e-01	5.888436553555889e-01
137	4.318728875316497e-01	4.365158322401660e-01
144	3.067035637886357e-01	3.090295432513591e-01
151	2.292969960850462e-01	2.344228815319922e-01
158	1.475467349419335e-01	1.479108388168208e-01
165	8.935822679626182e-02	9.120108393559097e-02
172	6.691610855759800e-02	6.760829753919818e-02
186	3.098284977780630e-02	3.162277660168379e-02
193	3.086848965363631e-02	3.090295432513590e-02
214	3.004706290065873e-02	3.019951720402016e-02
235	2.934218242838271e-02	2.951209226666385e-02
610	2.874942461344787e-02	2.884031503126606e-02
1099	2.793892569384326e-02	2.818382931264454e-02
2511	2.747507096794188e-02	2.754228703338166e-02
29525	2.690623586471275e-02	2.691534803926915e-02
300000	2.668839997959405e-02	2.691534803926915e-02
%
% index = 1027, name = bbob_f002_i17_d03__bbob_f013_i18_d03
% instance = 8, reference value = 8.121997028527550e-01
% function evaluation | indicator value | target hit
1	1.405018498774755e+00	1.412537544622754e+00
25	1.375572298335755e+00	1.380384264602885e+00
39	1.312878058136755e+00	1.318256738556407e+00
46	1.274494914272255e+00	1.288249551693134e+00
53	1.236349571055755e+00	1.258925411794167e+00
60	1.198464020550755e+00	1.202264434617413e+00
67	1.171743614340755e+00	1.174897554939530e+00
74	1.134334475137255e+00	1.148153621496883e+00
81	1.097241611392255e+00	1.122018454301963e+00
88	1.060481039871255e+00	1.071519305237606e+00
95	1.024129365805255e+00	1.047128548050900e+00
102	1.019673140583755e+00	1.023292992280754e+00
116	9.682162628027551e-01	9.772372209558107e-01
130	9.462493305902551e-01	9.549925860214360e-01
144	8.980547020147549e-01	9.120108393559098e-01
151	8.893091294997550e-01	8.912509381337456e-01
165	8.653721162792549e-01	8.709635899560807e-01
172	8.300369414822550e-01	8.317637711026710e-01
186	8.064202000737800e-01	8.128305161640993e-01
200	7.595747315310558e-01	7.762471166286917e-01
207	7.533232775225165e-01	7.585775750291838e-01
221	7.314933170460353e-01	7.413102413009175e-01
228	6.967927174036346e-01	7.079457843841379e-01
235	6.863164490782947e-01	6.918309709189365e-01
249	6.673715441228162e-01	6.760829753919817e-01
263	6.441485514844106e-01	6.456542290346555e-01
277	6.272106967055873e-01	6.309573444801932e-01
284	5.919333008143766e-01	6.025595860743578e-01
291	5.838403860821486e-01	5.888436553555889e-01
305	5.688306148606656e-01	5.754399373371569e-01
312	5.621577622217230e-01	5.623413251903491e-01
333	5.465870959176491e-01	5.495408738576245e-01
340	5.093285376604484e-01	5.128613839913648e-01
354	5.000115716756893e-01	5.011872336272722e-01
368	4.897285630250089e-01	4.897788193684462e-01
396	4.431158834989716e-01	4.466835921509631e-01
417	4.342775729083292e-01	4.365158322401660e-01
452	4.263799075869367e-01	4.265795188015927e-01
77371	4.118518114429063e-01	4.168693834703354e-01
77445	3.964150848770845e-01	3.981071705534972e-01
78010	3.829792062111936e-01	3.890451449942806e-01
78082	3.727650926027176e-01	3.801893963205612e-01
78152	3.520147993202958e-01	3.548133892335755e-01
78224	3.212621962380232e-01	3.235936569296283e-01
78295	2.914890112286455e-01	2.951209226666385e-01
78366	2.619636476039003e-01	2.630267991895382e-01
78434	2.336422297693271e-01	2.344228815319922e-01
78503	2.069186291015654e-01	2.089296130854039e-01
78571	1.819478180189373e-01	1.819700858609984e-01
78638	1.587283909741086e-01	1.621810097358930e-01
78704	1.371393888330189e-01	1.380384264602885e-01
78768	1.170278138848576e-01	1.174897554939529e-01
78823	9.828699709550859e-02	1.000000000000000e-01
78885	8.089425299579123e-02	8.128305161640990e-02
78977	6.491448841491687e-02	6.606934480075961e-02
79039	5.048629879666811e-02	5.128613839913648e-02
79094	3.780536341798435e-02	3.801893963205612e-02
79149	2.710848172795577e-02	2.754228703338166e-02
79204	2.690207975504910e-02	2.691534803926915e-02
79225	2.598763520888925e-02	2.630267991895381e-02
79226	2.516104309257861e-02	2.570395782768863e-02
79227	2.462975912263388e-02	2.511886431509579e-02
79235	2.385435907704636e-02	2.398832919019490e-02
79322	2.237114018564412e-02	2.238721138568340e-02
80847	2.174787286177038e-02	2.187761623949553e-02
80896	2.136676239021951e-02	2.137962089502233e-02
81401	2.089209366027012e-02	2.089296130854040e-02
81545	2.001176696761409e-02	2.041737944669529e-02
81552	1.955370558797576e-02	1.995262314968880e-02
81559	1.878762146951207e-02	1.905460717963247e-02
81566	1.816671681571713e-02	1.819700858609984e-02
81573	1.743999852622502e-02	1.778279410038923e-02
81580	1.686426056458334e-02	1.698243652461744e-02
81587	1.658361464961999e-02	1.659586907437561e-02
81601	1.600130818030310e-02	1.621810097358930e-02
81608	1.560235432394930e-02	1.584893192461113e-02
81615	1.540968888387240e-02	1.548816618912481e-02
81636	1.501702977824682e-02	1.513561248436208e-02
81671	1.478051707978700e-02	1.479108388168207e-02
136675	1.435962485140396e-02	1.445439770745927e-02
136815	1.387403884832161e-02	1.412537544622754e-02
136952	1.351105497725791e-02	1.380384264602885e-02
137019	1.321180516869636e-02	1.348962882591653e-02
137084	1.293984015277527e-02	1.318256738556407e-02
137148	1.268589128701381e-02	1.288249551693134e-02
137194	1.243424467739940e-02	1.258925411794167e-02
137256	1.216880720145130e-02	1.230268770812382e-02
137341	1.187591404233868e-02	1.202264434617413e-02
137396	1.154512887180270e-02	1.174897554939530e-02
137520	1.147670367351405e-02	1.148153621496883e-02
138892	1.117951758004454e-02	1.122018454301964e-02
138988	1.085295575678480e-02	1.096478196143185e-02
139043	1.068877705948046e-02	1.071519305237606e-02
139161	1.038261250144001e-02	1.047128548050900e-02
139215	1.017912072212634e-02	1.023292992280754e-02
139321	9.983148186812008e-03	1.000000000000000e-02
139444	9.604470544709032e-03	9.772372209558112e-03
139482	9.515364745070642e-03	9.549925860214359e-03
139578	9.239465360210475e-03	9.332543007969915e-03
139647	8.980096499453971e-03	9.120108393559097e-03
139701	8.895845014765702e-03	8.912509381337459e-03
139794	8.664377072188034e-03	8.709635899560805e-03
139834	8.510837285953810e-03	8.511380382023767e-03
140032	8.302232583206504e-03	8.317637711026709e-03
140860	8.113412728317670e-03	8.128305161640995e-03
141940	7.940514611872618e-03	7.943282347242814e-03
142449	7.758690508657962e-03	7.762471166286920e-03
142721	7.579894458306424e-03	7.585775750291836e-03
143041	7.401964218265444e-03	7.413102413009177e-03
143370	7.240515632597089e-03	7.244359600749898e-03
143595	7.073246761200469e-03	7.079457843841380e-03
144142	6.912114615873932e-03	6.918309709189363e-03
145371	6.754824191891218e-03	6.760829753919818e-03
145845	6.604171430101169e-03	6.606934480075957e-03
146422	6.451713384307389e-03	6.456542290346556e-03
146884	6.309042243950347e-03	6.309573444801930e-03
149788	6.165507626414324e-03	6.165950018614822e-03
150825	6.024316813554975e-03	6.025595860743574e-03
155411	5.888294607259148e-03	5.888436553555890e-03
162307	5.754297007716791e-03	5.754399373371567e-03
300000	5.626064231310179e-03	5.754399373371567e-03
%
% index = 1028, name = bbob_f002_i19_d03__bbob_f013_i21_d03
% instance = 9, reference value = 8.362308787583690e-01
% function evaluation | indicator value | target hit
1	1.275139190291891e+01	1.288249551693134e+01
23	1.245917559900479e+01	1.258925411794167e+01
24	1.217345243811858e+01	1.230268770812382e+01
25	1.162171925281753e+01	1.174897554939530e+01
32	1.077278721417068e+01	1.096478196143185e+01
39	9.555821784466222e+00	9.772372209558107e+00
46	8.511055286562099e+00	8.511380382023766e+00
53	7.612990846884373e+00	7.762471166286917e+00
60	6.821795477718865e+00	6.918309709189364e+00
67	6.084406887492585e+00	6.165950018614822e+00
74	5.342629995477528e+00	5.370317963702527e+00
81	4.560124623013869e+00	4.570881896148751e+00
88	3.774525856542589e+00	3.801893963205611e+00
95	3.128692055355549e+00	3.162277660168380e+00
102	2.755829382404954e+00	2.818382931264454e+00
109	2.565482940407869e+00	2.570395782768863e+00
116	2.388921591400369e+00	2.398832919019490e+00
123	2.217610047435869e+00	2.238721138568339e+00
130	2.051685866938369e+00	2.089296130854040e+00
137	1.891362215251869e+00	1.905460717963247e+00
144	1.780960192727369e+00	1.819700858609983e+00
151	1.763036055969369e+00	1.778279410038923e+00
172	1.735028522521869e+00	1.737800828749375e+00
179	1.688504163724869e+00	1.698243652461744e+00
193	1.643433392681869e+00	1.659586907437561e+00
200	1.530585174929369e+00	1.548816618912481e+00
207	1.504828245243369e+00	1.513561248436208e+00
214	1.474965525074869e+00	1.479108388168207e+00
235	1.256715927262369e+00	1.258925411794167e+00
249	1.227833236025369e+00	1.230268770812382e+00
263	1.194790607061869e+00	1.202264434617413e+00
277	1.163795622626369e+00	1.174897554939530e+00
291	1.132425476475869e+00	1.148153621496883e+00
298	1.109080850557869e+00	1.122018454301963e+00
305	1.092171951806869e+00	1.096478196143185e+00
319	1.063384552002869e+00	1.071519305237606e+00
326	1.042678270508869e+00	1.047128548050900e+00
340	1.016091452787869e+00	1.023292992280754e+00
354	9.865398146563689e-01	1.000000000000000e+00
361	7.942222188630853e-01	7.943282347242815e-01
382	7.694458798881736e-01	7.762471166286917e-01
396	7.483751837591015e-01	7.585775750291838e-01
403	7.383494422425262e-01	7.413102413009175e-01
417	7.191051616262837e-01	7.244359600749900e-01
431	7.018244997877235e-01	7.079457843841379e-01
445	6.908506332215033e-01	6.918309709189365e-01
466	6.739989671247956e-01	6.760829753919817e-01
508	6.540631939778209e-01	6.606934480075960e-01
14845	6.327451586834996e-01	6.456542290346555e-01
15305	6.302108853824194e-01	6.309573444801932e-01
36912	5.902711328784376e-01	6.025595860743578e-01
37034	5.647176265321466e-01	5.754399373371569e-01
37071	5.605676311644354e-01	5.623413251903491e-01
40835	4.008960260441746e-01	4.073802778041127e-01
85273	3.980856917121179e-01	3.981071705534972e-01
160237	3.602325968188753e-01	3.630780547701014e-01
251787	3.534405744509972e-01	3.548133892335755e-01
251994	3.442177413976700e-01	3.467368504525316e-01
252167	3.290025618256808e-01	3.311311214825911e-01
252423	2.934822971014156e-01	2.951209226666385e-01
256677	2.722368865516158e-01	2.754228703338166e-01
256912	2.501616361692310e-01	2.511886431509580e-01
260652	2.350206301771088e-01	2.398832919019490e-01
260834	1.952649069186678e-01	1.995262314968880e-01
261112	1.946877614601817e-01	1.949844599758045e-01
261637	1.862365167714648e-01	1.905460717963247e-01
261865	1.737968629042641e-01	1.778279410038923e-01
262161	1.542409360873913e-01	1.548816618912481e-01
262468	1.213942152648615e-01	1.230268770812381e-01
265867	1.196916491667908e-01	1.202264434617413e-01
265891	1.162841291508225e-01	1.174897554939529e-01
265907	1.118241020134336e-01	1.122018454301964e-01
266730	1.030478671310701e-01	1.047128548050900e-01
266977	9.239368141869331e-02	9.332543007969910e-02
267000	8.247729924897229e-02	8.317637711026708e-02
267036	7.321760010566192e-02	7.413102413009177e-02
267140	6.468885277105418e-02	6.606934480075961e-02
267410	5.692606009491041e-02	5.754399373371569e-02
267426	4.994121687096231e-02	5.011872336272722e-02
267434	4.373436180051027e-02	4.466835921509630e-02
267459	3.827442373243373e-02	3.890451449942807e-02
267467	3.352475134347677e-02	3.388441561392026e-02
267483	2.942586293400273e-02	2.951209226666385e-02
267491	2.590716405834281e-02	2.630267991895381e-02
267509	2.289053385691797e-02	2.290867652767773e-02
267550	2.029642883692340e-02	2.041737944669529e-02
267566	1.804946663742091e-02	1.819700858609984e-02
267598	1.608343272105694e-02	1.621810097358930e-02
267667	1.434511483955081e-02	1.445439770745927e-02
267756	1.278906728311013e-02	1.288249551693134e-02
267780	1.140268901664376e-02	1.148153621496883e-02
267797	1.016381740491434e-02	1.023292992280754e-02
267813	9.064044764083956e-03	9.120108393559097e-03
267821	8.099992312259108e-03	8.128305161640995e-03
267844	7.271364853383089e-03	7.413102413009177e-03
267860	6.579539855245620e-03	6.606934480075957e-03
267877	6.024173332408234e-03	6.025595860743574e-03
267918	5.601866809714529e-03	5.623413251903491e-03
268006	5.302267873095956e-03	5.370317963702527e-03
268022	5.116821874979638e-03	5.128613839913648e-03
268038	4.994617275957736e-03	5.011872336272725e-03
280724	4.713756538357705e-03	4.786300923226385e-03
281016	4.573590698501273e-03	4.677351412871981e-03
281261	4.448968330010183e-03	4.466835921509630e-03
281269	4.325708360681579e-03	4.365158322401661e-03
281270	4.204174132168892e-03	4.265795188015926e-03
281278	4.086842019574766e-03	4.168693834703355e-03
281279	3.972483401033289e-03	3.981071705534973e-03
281280	3.865270483975114e-03	3.890451449942805e-03
281281	3.766419787030739e-03	3.801893963205613e-03
281359	3.663830226377174e-03	3.715352290971724e-03
281367	3.569955161198513e-03	3.630780547701014e-03
281368	3.486636460551362e-03	3.548133892335753e-03
281465	3.403686007940832e-03	3.467368504525317e-03
281808	3.325102740071029e-03	3.388441561392024e-03
281809	3.265502685904309e-03	3.311311214825911e-03
282043	3.187039239412437e-03	3.235936569296281e-03
282051	3.115015510201768e-03	3.162277660168379e-03
282346	3.047568331914330e-03	3.090295432513592e-03
282621	2.984859799985862e-03	3.019951720402016e-03
282622	2.922035295150449e-03	2.951209226666387e-03
282837	2.855209663080616e-03	2.884031503126605e-03
282845	2.807776418382146e-03	2.818382931264455e-03
283289	2.726123853601270e-03	2.754228703338166e-03
283337	2.690684847910019e-03	2.691534803926917e-03
283785	2.622317181925293e-03	2.630267991895381e-03
284065	2.560908975463461e-03	2.570395782768865e-03
284067	2.499505602859609e-03	2.511886431509579e-03
284076	2.438901737661037e-03	2.454708915685031e-03
284085	2.379685965681166e-03	2.398832919019490e-03
284087	2.322362516736121e-03	2.344228815319923e-03
284096	2.267870863264965e-03	2.290867652767772e-03
284098	2.214314413636953e-03	2.238721138568340e-03
284100	2.169783026791716e-03	2.187761623949552e-03
284653	2.121254036725362e-03	2.137962089502233e-03
284662	2.073838314279430e-03	2.089296130854039e-03
284671	2.032476234927971e-03	2.041737944669530e-03
284689	1.991558506670543e-03	1.995262314968879e-03
285561	1.931300647722844e-03	1.949844599758046e-03
285570	1.893993246702030e-03	1.905460717963246e-03
286890	1.857878833126159e-03	1.862087136662868e-03
287122	1.805112822920618e-03	1.819700858609983e-03
287340	1.772022599020429e-03	1.778279410038923e-03
287871	1.721127241770537e-03	1.737800828749376e-03
288176	1.689801457366635e-03	1.698243652461744e-03
288431	1.659423870226107e-03	1.659586907437561e-03
288641	1.619505479999450e-03	1.621810097358930e-03
288651	1.583135683951298e-03	1.584893192461114e-03
288692	1.540629528805737e-03	1.548816618912481e-03
288695	1.508458782686239e-03	1.513561248436209e-03
288729	1.470896198789928e-03	1.479108388168207e-03
289133	1.444734663245462e-03	1.445439770745928e-03
289444	1.411727860439305e-03	1.412537544622754e-03
289769	1.380134040468217e-03	1.380384264602885e-03
289774	1.341944314407928e-03	1.348962882591653e-03
289778	1.311272733577118e-03	1.318256738556408e-03
289782	1.281634223586181e-03	1.288249551693134e-03
289934	1.252905793770465e-03	1.258925411794167e-03
289952	1.224938428786237e-03	1.230268770812381e-03
289980	1.197587037919279e-03	1.202264434617413e-03
289991	1.169570930180108e-03	1.174897554939529e-03
290002	1.144331395431575e-03	1.148153621496883e-03
290142	1.118761846376048e-03	1.122018454301963e-03
290161	1.091746613597566e-03	1.096478196143185e-03
290179	1.070516229618401e-03	1.071519305237606e-03
290252	1.044786829127675e-03	1.047128548050900e-03
290430	1.020025812252356e-03	1.023292992280754e-03
291040	9.967459637357790e-04	1.000000000000000e-03
291435	9.759734218094396e-04	9.772372209558111e-04
291697	9.522554572538589e-04	9.549925860214359e-04
291838	9.309124560745730e-04	9.332543007969915e-04
291874	9.104553016139327e-04	9.120108393559096e-04
293082	8.910330441058711e-04	8.912509381337459e-04
293798	8.692198085205050e-04	8.709635899560805e-04
294109	8.502736947623157e-04	8.511380382023768e-04
294161	8.316915145665238e-04	8.317637711026709e-04
294355	8.115706847882098e-04	8.128305161640995e-04
294577	7.940396197965160e-04	7.943282347242813e-04
295305	7.754141656115543e-04	7.762471166286919e-04
295557	7.582980250583349e-04	7.585775750291835e-04
296205	7.409692012148028e-04	7.413102413009177e-04
296471	7.226674602905936e-04	7.244359600749898e-04
296507	7.074040920515001e-04	7.079457843841380e-04
296516	6.902218295076201e-04	6.918309709189362e-04
296610	6.751656947547868e-04	6.760829753919819e-04
297035	6.605522235101358e-04	6.606934480075957e-04
297051	6.446098063718209e-04	6.456542290346556e-04
297154	6.306615384612524e-04	6.309573444801930e-04
297295	6.152182447789478e-04	6.165950018614823e-04
297322	6.025063433240385e-04	6.025595860743575e-04
297672	5.886070879560501e-04	5.888436553555889e-04
297856	5.740001377342319e-04	5.754399373371566e-04
298092	5.623056396274473e-04	5.623413251903491e-04
298218	5.493552108825073e-04	5.495408738576248e-04
298325	5.368655362421038e-04	5.370317963702527e-04
298583	5.237489382796667e-04	5.248074602497728e-04
299104	5.121504447331837e-04	5.128613839913648e-04
299456	5.008305378622069e-04	5.011872336272725e-04
299805	4.889882602991946e-04	4.897788193684461e-04
300000	4.795974139604198e-04	4.897788193684461e-04
%
% index = 1029, name = bbob_f002_i21_d03__bbob_f013_i22_d03
% instance = 10, reference value = 8.710338207328731e-01
% function evaluation | indicator value | target hit
1	6.349896216436699e-01	6.456542290346555e-01
24	6.278804273077794e-01	6.309573444801932e-01
32	6.081828552854283e-01	6.165950018614822e-01
39	5.869380663818404e-01	5.888436553555889e-01
46	5.650971273195886e-01	5.754399373371569e-01
53	5.442353055465893e-01	5.495408738576245e-01
60	5.255118906707930e-01	5.370317963702527e-01
67	5.092842919424856e-01	5.128613839913648e-01
74	4.953388774694867e-01	5.011872336272722e-01
81	4.830873986961760e-01	4.897788193684462e-01
88	4.714409202881801e-01	4.786300923226383e-01
95	4.597897947492287e-01	4.677351412871982e-01
102	4.488133497796452e-01	4.570881896148750e-01
109	4.394895478451308e-01	4.466835921509631e-01
116	4.322093455393310e-01	4.365158322401660e-01
130	4.231743560899023e-01	4.265795188015927e-01
165	4.158115193774392e-01	4.168693834703354e-01
235	4.071814320188489e-01	4.073802778041127e-01
22756	3.955588621619461e-01	3.981071705534972e-01
23066	3.750011511137635e-01	3.801893963205612e-01
27732	3.701219711751349e-01	3.715352290971726e-01
27986	3.619568829276639e-01	3.630780547701014e-01
28280	3.484989469524634e-01	3.548133892335755e-01
28457	3.357496749405969e-01	3.388441561392025e-01
29830	3.303451109169169e-01	3.311311214825911e-01
30308	3.219211574732008e-01	3.235936569296283e-01
30573	3.145487269199070e-01	3.162277660168379e-01
33676	3.074135545736218e-01	3.090295432513591e-01
33908	3.011412344410413e-01	3.019951720402016e-01
34222	2.914535715475052e-01	2.951209226666385e-01
34395	2.839469513801870e-01	2.884031503126606e-01
34568	2.737776308871368e-01	2.754228703338166e-01
34731	2.607409308482546e-01	2.630267991895382e-01
34857	2.451892365289489e-01	2.454708915685030e-01
35063	2.269601125081689e-01	2.290867652767773e-01
35196	2.087480606421757e-01	2.089296130854039e-01
38395	2.034445430934361e-01	2.041737944669530e-01
38526	1.895126344207300e-01	1.905460717963247e-01
41166	1.827883911704981e-01	1.862087136662867e-01
41342	1.764553847308689e-01	1.778279410038923e-01
41544	1.685875256447912e-01	1.698243652461744e-01
41685	1.587812692856095e-01	1.621810097358930e-01
41901	1.470937546997694e-01	1.479108388168208e-01
42035	1.341000967618511e-01	1.348962882591654e-01
42179	1.205665772780248e-01	1.230268770812381e-01
42363	1.070968724658984e-01	1.071519305237607e-01
42539	9.403128073556732e-02	9.549925860214359e-02
42800	8.148622736663913e-02	8.317637711026708e-02
43231	7.961405590744486e-02	8.128305161640990e-02
43250	7.933585812626165e-02	7.943282347242814e-02
43253	7.736290326001527e-02	7.762471166286916e-02
43254	7.585595523041266e-02	7.585775750291836e-02
44687	7.409281381923238e-02	7.413102413009177e-02
230750	6.976857288294247e-02	7.079457843841380e-02
230757	6.732391347545985e-02	6.760829753919818e-02
230778	6.460068711450839e-02	6.606934480075961e-02
230785	6.297270014045597e-02	6.309573444801933e-02
230792	5.692938951807525e-02	5.754399373371569e-02
230799	5.428914582955502e-02	5.495408738576246e-02
230813	5.335018235665911e-02	5.370317963702527e-02
230820	5.191551343996670e-02	5.248074602497726e-02
230827	4.766602730769709e-02	4.786300923226382e-02
230834	4.603608303614104e-02	4.677351412871981e-02
230848	4.461004513940525e-02	4.466835921509630e-02
230855	4.349699899418213e-02	4.365158322401658e-02
230862	4.058746746642694e-02	4.073802778041128e-02
230869	3.887317162196757e-02	3.890451449942807e-02
230883	3.776070874087500e-02	3.801893963205612e-02
230890	3.691752070657150e-02	3.715352290971726e-02
230897	3.493521513714537e-02	3.548133892335755e-02
230904	3.321720746645795e-02	3.388441561392026e-02
230911	3.309233528981148e-02	3.311311214825911e-02
230925	3.171096000882878e-02	3.235936569296283e-02
230932	3.063245921047408e-02	3.090295432513590e-02
230939	2.865958023920168e-02	2.884031503126606e-02
230960	2.786840323980100e-02	2.818382931264454e-02
230967	2.683927130187369e-02	2.691534803926915e-02
230974	2.560627809501448e-02	2.570395782768863e-02
230995	2.505989763409677e-02	2.511886431509579e-02
231009	2.422414826346497e-02	2.454708915685030e-02
231016	2.287223699121210e-02	2.290867652767773e-02
231044	2.219135589697896e-02	2.238721138568340e-02
231051	2.109572242398527e-02	2.137962089502233e-02
231072	2.075334828101327e-02	2.089296130854040e-02
231086	2.012094618634164e-02	2.041737944669529e-02
231093	1.967310635452124e-02	1.995262314968880e-02
231121	1.927535968102057e-02	1.949844599758046e-02
231128	1.881875853739867e-02	1.905460717963247e-02
231156	1.836641790534321e-02	1.862087136662868e-02
231163	1.814908309165397e-02	1.819700858609984e-02
231198	1.765384564963279e-02	1.778279410038923e-02
231233	1.730244638489453e-02	1.737800828749375e-02
231341	1.697330792790386e-02	1.698243652461744e-02
233491	1.655720549306061e-02	1.659586907437561e-02
240690	1.610626949345839e-02	1.621810097358930e-02
240732	1.583796944339821e-02	1.584893192461113e-02
240766	1.536339704854905e-02	1.548816618912481e-02
240814	1.512582894922887e-02	1.513561248436208e-02
240840	1.463664286874677e-02	1.479108388168207e-02
240848	1.435351297837395e-02	1.445439770745927e-02
240856	1.397103046873605e-02	1.412537544622754e-02
240887	1.351039410032484e-02	1.380384264602885e-02
240895	1.305483156701770e-02	1.318256738556407e-02
240903	1.249638761537464e-02	1.258925411794167e-02
240919	1.179405993252136e-02	1.202264434617413e-02
240936	1.106706321144935e-02	1.122018454301964e-02
241004	1.026458699470523e-02	1.047128548050900e-02
241070	9.517542592175299e-03	9.549925860214359e-03
241088	8.614986015569426e-03	8.709635899560805e-03
241122	7.818896144220377e-03	7.943282347242814e-03
241138	7.124810506466184e-03	7.244359600749898e-03
241146	6.506306646562376e-03	6.606934480075957e-03
241154	5.940952723590742e-03	6.025595860743574e-03
241170	5.345172637070683e-03	5.370317963702527e-03
241178	4.842881602267979e-03	4.897788193684461e-03
241186	4.427056821496911e-03	4.466835921509630e-03
241202	4.090273750918638e-03	4.168693834703355e-03
241210	3.824830315080185e-03	3.890451449942805e-03
241218	3.622648823541019e-03	3.630780547701014e-03
241226	3.475417351308741e-03	3.548133892335753e-03
241251	3.374626858528185e-03	3.388441561392024e-03
241477	3.277582610877294e-03	3.311311214825911e-03
243304	3.077354946057764e-03	3.090295432513592e-03
243381	2.998209743229840e-03	3.019951720402016e-03
243388	2.837977119184321e-03	2.884031503126605e-03
243430	2.803197948115788e-03	2.818382931264455e-03
245931	2.750009525403607e-03	2.754228703338166e-03
245980	2.664181932296339e-03	2.691534803926917e-03
245987	2.615637342678778e-03	2.630267991895381e-03
246071	2.569717955261619e-03	2.570395782768865e-03
247667	2.435879567275645e-03	2.454708915685031e-03
247875	2.337775068951276e-03	2.344228815319923e-03
248262	2.233255343497387e-03	2.238721138568340e-03
248777	2.160737105585731e-03	2.187761623949552e-03
248900	2.096454979475193e-03	2.137962089502233e-03
249077	2.059302991438305e-03	2.089296130854039e-03
249234	2.014569297358326e-03	2.041737944669530e-03
249553	1.994969234128119e-03	1.995262314968879e-03
249886	1.926363071564463e-03	1.949844599758046e-03
250023	1.898994240829510e-03	1.905460717963246e-03
250359	1.838762970435948e-03	1.862087136662868e-03
250510	1.814641899336888e-03	1.819700858609983e-03
250794	1.774316510491203e-03	1.778279410038923e-03
251166	1.725290108842703e-03	1.737800828749376e-03
251485	1.698146190393879e-03	1.698243652461744e-03
251887	1.653275760447714e-03	1.659586907437561e-03
252131	1.620054526392689e-03	1.621810097358930e-03
252431	1.573001007191710e-03	1.584893192461114e-03
252441	1.541745226004587e-03	1.548816618912481e-03
252642	1.499795513418056e-03	1.513561248436209e-03
252644	1.471384324697733e-03	1.479108388168207e-03
252880	1.443886137405426e-03	1.445439770745928e-03
253233	1.400904865598296e-03	1.412537544622754e-03
253242	1.373918506662908e-03	1.380384264602885e-03
253244	1.347656699234201e-03	1.348962882591653e-03
253247	1.309176495520092e-03	1.318256738556408e-03
253249	1.286908116688634e-03	1.288249551693134e-03
253328	1.249733954361010e-03	1.258925411794167e-03
253330	1.225452102081248e-03	1.230268770812381e-03
253407	1.194064792280236e-03	1.202264434617413e-03
253409	1.173073902392963e-03	1.174897554939529e-03
253614	1.140094517851353e-03	1.148153621496883e-03
253623	1.119431895593936e-03	1.122018454301963e-03
253762	1.093178654276272e-03	1.096478196143185e-03
253901	1.071333536177610e-03	1.071519305237606e-03
254305	1.046040925398506e-03	1.047128548050900e-03
254976	1.022366415041720e-03	1.023292992280754e-03
255381	9.939215174463722e-04	1.000000000000000e-03
255754	9.742084183274047e-04	9.772372209558111e-04
256334	9.542043355686980e-04	9.549925860214359e-04
256688	9.311226471460099e-04	9.332543007969915e-04
257142	9.091467800712572e-04	9.120108393559096e-04
257422	8.872186676359695e-04	8.912509381337459e-04
257916	8.705317526762624e-04	8.709635899560805e-04
258327	8.510768781385680e-04	8.511380382023768e-04
258857	8.293822578897547e-04	8.317637711026709e-04
259037	8.119959561427859e-04	8.128305161640995e-04
259043	7.912666443986582e-04	7.943282347242813e-04
259069	7.762438836267371e-04	7.762471166286919e-04
259302	7.558891956037650e-04	7.585775750291835e-04
259546	7.380441162111451e-04	7.413102413009177e-04
259819	7.240964470608402e-04	7.244359600749898e-04
259963	7.051783078473317e-04	7.079457843841380e-04
259975	6.901457209859130e-04	6.918309709189362e-04
260034	6.748929905178169e-04	6.760829753919819e-04
260047	6.588470275349367e-04	6.606934480075957e-04
260083	6.439972283778239e-04	6.456542290346556e-04
260325	6.282474997758580e-04	6.309573444801930e-04
260485	6.163804195868927e-04	6.165950018614823e-04
260933	6.010971266922072e-04	6.025595860743575e-04
261360	5.873736802641805e-04	5.888436553555889e-04
261745	5.752085678243368e-04	5.754399373371566e-04
262541	5.610921529010104e-04	5.623413251903491e-04
263152	5.488622688990530e-04	5.495408738576248e-04
263807	5.362958886460101e-04	5.370317963702527e-04
264584	5.232145416873557e-04	5.248074602497728e-04
265194	5.122798813267382e-04	5.128613839913648e-04
265912	4.999093061825999e-04	5.011872336272725e-04
266502	4.894021485388755e-04	4.897788193684461e-04
266953	4.782706519372848e-04	4.786300923226385e-04
267324	4.669183509852237e-04	4.677351412871981e-04
267972	4.561488439881467e-04	4.570881896148752e-04
268938	4.463922358733940e-04	4.466835921509630e-04
270240	4.359146808965431e-04	4.365158322401661e-04
270627	4.263564990549806e-04	4.265795188015926e-04
270679	4.161550395844760e-04	4.168693834703355e-04
270944	4.069241025103087e-04	4.073802778041126e-04
271035	3.979390312337516e-04	3.981071705534974e-04
271175	3.888288882528679e-04	3.890451449942805e-04
271832	3.794933503288300e-04	3.801893963205612e-04
272171	3.709281848477408e-04	3.715352290971724e-04
272328	3.624159590410736e-04	3.630780547701014e-04
272359	3.547991526541283e-04	3.548133892335753e-04
272529	3.466571782044792e-04	3.467368504525317e-04
272710	3.384844410785348e-04	3.388441561392024e-04
272981	3.310404186473992e-04	3.311311214825911e-04
273322	3.234790652099084e-04	3.235936569296281e-04
273997	3.159486716292070e-04	3.162277660168379e-04
274899	3.085413208865351e-04	3.090295432513592e-04
275874	3.016261936483744e-04	3.019951720402016e-04
276793	2.950693559812256e-04	2.951209226666387e-04
277811	2.882724837743877e-04	2.884031503126605e-04
278825	2.814194499217715e-04	2.818382931264455e-04
279420	2.752319436724049e-04	2.754228703338166e-04
280294	2.691532714935718e-04	2.691534803926917e-04
281168	2.629582593562940e-04	2.630267991895381e-04
282018	2.569356924447819e-04	2.570395782768865e-04
282983	2.511394069135697e-04	2.511886431509580e-04
283628	2.452223003284182e-04	2.454708915685031e-04
284179	2.397029457786859e-04	2.398832919019490e-04
285000	2.343316885105029e-04	2.344228815319923e-04
286535	2.288846847736670e-04	2.290867652767772e-04
288087	2.236673916109488e-04	2.238721138568340e-04
288760	2.186811765779728e-04	2.187761623949552e-04
288784	2.135892819343788e-04	2.137962089502232e-04
289062	2.087882936478991e-04	2.089296130854039e-04
289259	2.040634638623695e-04	2.041737944669530e-04
289746	1.993760135428069e-04	1.995262314968879e-04
289924	1.949339308500164e-04	1.949844599758046e-04
290447	1.904268624569605e-04	1.905460717963246e-04
290943	1.861160734314415e-04	1.862087136662868e-04
291357	1.819416298229903e-04	1.819700858609983e-04
291768	1.777231934515511e-04	1.778279410038923e-04
291962	1.736546341855050e-04	1.737800828749376e-04
292317	1.697414509359563e-04	1.698243652461744e-04
293510	1.658175852710109e-04	1.659586907437562e-04
294689	1.620865246182435e-04	1.621810097358930e-04
296370	1.584473705013023e-04	1.584893192461114e-04
297089	1.547929455749664e-04	1.548816618912481e-04
297939	1.512601139740388e-04	1.513561248436209e-04
299255	1.478637937891714e-04	1.479108388168207e-04
300000	1.469947063711396e-04	1.479108388168207e-04
