%
% index = 3495, name = bbob_f002_i02_d20__bbob_f013_i04_d20
% instance = 1, reference value = 8.383503940774270e-01
% function evaluation | indicator value | target hit
1	3.418325193519895e+00	3.467368504525317e+00
58	3.365366625058491e+00	3.388441561392026e+00
60	3.211589286175640e+00	3.235936569296283e+00
101	2.981187162180204e+00	3.019951720402016e+00
142	2.690622047738970e+00	2.691534803926916e+00
183	2.437690375253277e+00	2.454708915685031e+00
224	2.215346660446050e+00	2.238721138568339e+00
265	2.014615232661014e+00	2.041737944669529e+00
306	1.825173478514383e+00	1.862087136662868e+00
347	1.635548821461248e+00	1.659586907437561e+00
388	1.438108477527470e+00	1.445439770745927e+00
429	1.245674532831010e+00	1.258925411794167e+00
470	1.089790259816802e+00	1.096478196143185e+00
511	9.766994855282697e-01	9.772372209558107e-01
552	9.008832478420676e-01	9.120108393559098e-01
593	8.691675187754270e-01	8.709635899560807e-01
634	8.383411460884960e-01	8.511380382023764e-01
675	8.310475397848571e-01	8.317637711026710e-01
757	8.047291480524491e-01	8.128305161640993e-01
798	7.863931384161169e-01	7.943282347242815e-01
839	7.651213791197178e-01	7.762471166286917e-01
880	7.412973236710454e-01	7.413102413009175e-01
921	7.156493188733184e-01	7.244359600749900e-01
962	6.888633921757084e-01	6.918309709189365e-01
1003	6.616442082717665e-01	6.760829753919817e-01
1044	6.346456399222782e-01	6.456542290346555e-01
1085	6.086136240630109e-01	6.165950018614822e-01
1126	5.840544851480411e-01	5.888436553555889e-01
1167	5.607213823366893e-01	5.623413251903491e-01
1208	5.377353298083403e-01	5.495408738576245e-01
1249	5.145142601842156e-01	5.248074602497725e-01
1290	4.911313844241831e-01	5.011872336272722e-01
1331	4.683014747685735e-01	4.786300923226383e-01
1372	4.474197252180537e-01	4.570881896148750e-01
1413	4.297397824015780e-01	4.365158322401660e-01
1454	4.150985721239967e-01	4.168693834703354e-01
1495	4.035459816184196e-01	4.073802778041127e-01
1536	3.879814380473433e-01	3.890451449942806e-01
1577	3.685217485203010e-01	3.715352290971726e-01
1659	3.552648126132138e-01	3.630780547701014e-01
1700	3.437078165831832e-01	3.467368504525316e-01
1741	3.253872574253910e-01	3.311311214825911e-01
1782	3.204109060052239e-01	3.235936569296283e-01
1864	3.094714832299719e-01	3.162277660168379e-01
1905	2.987119235698706e-01	3.019951720402016e-01
1946	2.926624933220590e-01	2.951209226666385e-01
2028	2.855965154002559e-01	2.884031503126606e-01
2110	2.816831207704347e-01	2.818382931264454e-01
2151	2.718868890848309e-01	2.754228703338166e-01
2192	2.613665921462476e-01	2.630267991895382e-01
2356	2.520629818555781e-01	2.570395782768864e-01
2397	2.429776442864021e-01	2.454708915685030e-01
2520	2.397874620211101e-01	2.398832919019490e-01
2684	2.337000626664353e-01	2.344228815319922e-01
2725	2.247595268076420e-01	2.290867652767773e-01
2930	2.233523855464415e-01	2.238721138568339e-01
3217	2.126506585182502e-01	2.137962089502232e-01
5144	2.007192501052628e-01	2.041737944669530e-01
5841	1.991443052144762e-01	1.995262314968880e-01
260269	1.946502055145232e-01	1.949844599758045e-01
341691	1.875002373413727e-01	1.905460717963247e-01
346332	1.815844967612033e-01	1.819700858609984e-01
353651	1.685220813766369e-01	1.698243652461744e-01
361227	1.569773708912907e-01	1.584893192461113e-01
366592	1.502662007692394e-01	1.513561248436208e-01
372169	1.367150831206778e-01	1.380384264602885e-01
378258	1.286863328687516e-01	1.288249551693134e-01
624686	1.257868056645393e-01	1.258925411794167e-01
627871	1.176774762067063e-01	1.202264434617413e-01
636184	1.137126567978645e-01	1.148153621496883e-01
1045398	1.085587040270913e-01	1.096478196143185e-01
1049590	9.914862441191064e-02	1.000000000000000e-01
1053916	8.148898670862992e-02	8.317637711026708e-02
1057678	6.440562742851264e-02	6.456542290346556e-02
1060994	5.029052698895886e-02	5.128613839913648e-02
1061870	4.993295642437345e-02	5.011872336272722e-02
1062405	4.877696893564465e-02	4.897788193684462e-02
1065216	4.307724585434114e-02	4.365158322401658e-02
1065437	4.206194937491092e-02	4.265795188015926e-02
1066891	4.156807759095038e-02	4.168693834703355e-02
1209436	4.067171708609640e-02	4.073802778041128e-02
1398158	3.691299984720897e-02	3.715352290971726e-02
1402193	2.875475171640274e-02	2.884031503126606e-02
1406887	2.163709755839249e-02	2.187761623949553e-02
1411136	1.696226753231556e-02	1.698243652461744e-02
1414546	1.482765955267662e-02	1.513561248436208e-02
1414600	1.477396436406175e-02	1.479108388168207e-02
1423316	1.445272786588936e-02	1.445439770745927e-02
1423526	1.412482000594506e-02	1.412537544622754e-02
1512362	1.380252815753069e-02	1.380384264602885e-02
1665771	1.339825844491671e-02	1.348962882591653e-02
1909834	1.315194575152823e-02	1.318256738556407e-02
1916695	1.284426605099764e-02	1.288249551693134e-02
1921051	1.248026994677987e-02	1.258925411794167e-02
2000000	1.245899690729435e-02	1.258925411794167e-02
%
% index = 3496, name = bbob_f002_i03_d20__bbob_f013_i05_d20
% instance = 2, reference value = 9.093125078727310e-01
% function evaluation | indicator value | target hit
1	9.033879616331668e-01	9.120108393559098e-01
101	8.784701009195274e-01	8.912509381337456e-01
142	8.576539806093417e-01	8.709635899560807e-01
183	8.351399664785140e-01	8.511380382023764e-01
224	8.103450130197731e-01	8.128305161640993e-01
265	7.825623701989004e-01	7.943282347242815e-01
306	7.515055095298221e-01	7.585775750291838e-01
347	7.184296917539488e-01	7.244359600749900e-01
388	6.850182906390603e-01	6.918309709189365e-01
429	6.515468699172264e-01	6.606934480075960e-01
470	6.181822626164692e-01	6.309573444801932e-01
511	5.854042992710516e-01	5.888436553555889e-01
552	5.533025761048893e-01	5.623413251903491e-01
593	5.213330372258094e-01	5.248074602497725e-01
634	4.931063821742619e-01	5.011872336272722e-01
675	4.682708959754918e-01	4.786300923226383e-01
716	4.443734055867638e-01	4.466835921509631e-01
757	4.218036794182931e-01	4.265795188015927e-01
798	3.995850415573876e-01	4.073802778041127e-01
839	3.769496237913114e-01	3.801893963205612e-01
880	3.542786460671412e-01	3.548133892335755e-01
921	3.336750645920621e-01	3.388441561392025e-01
962	3.162826570839751e-01	3.235936569296283e-01
1003	3.009249430101554e-01	3.019951720402016e-01
1044	2.871307178891161e-01	2.884031503126606e-01
1085	2.760727513008746e-01	2.818382931264454e-01
1126	2.669922545615750e-01	2.691534803926916e-01
1167	2.585973944259184e-01	2.630267991895382e-01
1208	2.512270778493852e-01	2.570395782768864e-01
1249	2.448369480255282e-01	2.454708915685030e-01
1290	2.393862883406019e-01	2.398832919019490e-01
1372	2.301808068729361e-01	2.344228815319922e-01
1413	2.250194231320550e-01	2.290867652767773e-01
1454	2.204861007960727e-01	2.238721138568339e-01
1495	2.161520211974970e-01	2.187761623949552e-01
1536	2.129221968959620e-01	2.137962089502232e-01
1618	2.071356583317624e-01	2.089296130854039e-01
1700	2.035018922438248e-01	2.041737944669530e-01
1905	1.991312022282943e-01	1.995262314968880e-01
2069	1.907189930909200e-01	1.949844599758045e-01
2110	1.901448683685525e-01	1.905460717963247e-01
2643	1.861697581140970e-01	1.862087136662867e-01
52079	1.813587683250222e-01	1.819700858609984e-01
356333	1.777524342891369e-01	1.778279410038923e-01
362344	1.730838434519826e-01	1.737800828749375e-01
365496	1.680724852248345e-01	1.698243652461744e-01
383132	1.657695388071272e-01	1.659586907437560e-01
443667	1.604054330512245e-01	1.621810097358930e-01
445444	1.564021137260917e-01	1.584893192461113e-01
447759	1.545629833833274e-01	1.548816618912481e-01
449087	1.503222625102703e-01	1.513561248436208e-01
631934	1.451994841773288e-01	1.479108388168208e-01
633180	1.371616816047949e-01	1.380384264602885e-01
635210	1.312157309649147e-01	1.318256738556407e-01
636581	1.238279848185813e-01	1.258925411794167e-01
638035	1.186517387550656e-01	1.202264434617413e-01
639201	1.160655551550078e-01	1.174897554939529e-01
641271	1.115783217609019e-01	1.122018454301964e-01
642972	1.076462103953580e-01	1.096478196143185e-01
647163	1.041066861409227e-01	1.047128548050900e-01
648655	9.819741904031143e-02	1.000000000000000e-01
651063	9.545916896551265e-02	9.549925860214359e-02
652310	9.156233234510414e-02	9.332543007969910e-02
653638	8.452158327952330e-02	8.511380382023763e-02
654970	7.714629225887271e-02	7.762471166286916e-02
656505	6.845836052063570e-02	6.918309709189366e-02
658326	6.048809850740611e-02	6.165950018614822e-02
1431097	6.018492586957347e-02	6.025595860743578e-02
2000000	5.998565900300290e-02	6.025595860743578e-02
%
% index = 3497, name = bbob_f002_i07_d20__bbob_f013_i08_d20
% instance = 3, reference value = 9.185584426826320e-01
% function evaluation | indicator value | target hit
1	3.152855102639363e+00	3.162277660168380e+00
59	3.063867462398423e+00	3.090295432513591e+00
60	2.977996081929180e+00	3.019951720402016e+00
101	2.782476043282947e+00	2.818382931264454e+00
142	2.528318721952452e+00	2.570395782768863e+00
183	2.291383202469019e+00	2.344228815319922e+00
224	2.062483090654246e+00	2.089296130854040e+00
265	1.834728832008467e+00	1.862087136662868e+00
306	1.605401854442101e+00	1.621810097358930e+00
347	1.377653728881666e+00	1.380384264602885e+00
388	1.160275840357132e+00	1.174897554939530e+00
429	9.644015711571320e-01	9.772372209558107e-01
470	9.097296217849987e-01	9.120108393559098e-01
552	8.758557943388069e-01	8.912509381337456e-01
593	8.558051866995552e-01	8.709635899560807e-01
634	8.323768112417720e-01	8.511380382023764e-01
675	8.035116668818535e-01	8.128305161640993e-01
716	7.726316190358085e-01	7.762471166286917e-01
757	7.468117546989979e-01	7.585775750291838e-01
798	7.237071985466657e-01	7.244359600749900e-01
839	7.007067504747931e-01	7.079457843841379e-01
880	6.773343910668393e-01	6.918309709189365e-01
921	6.532513944145805e-01	6.606934480075960e-01
962	6.273998385233759e-01	6.309573444801932e-01
1003	6.016008716720088e-01	6.025595860743578e-01
1044	5.784382719023256e-01	5.888436553555889e-01
1085	5.585081137913313e-01	5.623413251903491e-01
1126	5.401714936269090e-01	5.495408738576245e-01
1167	5.219341439656344e-01	5.248074602497725e-01
1208	5.020404988081796e-01	5.128613839913648e-01
1249	4.857398997484002e-01	4.897788193684462e-01
1290	4.710608922236412e-01	4.786300923226383e-01
1331	4.482435569253347e-01	4.570881896148750e-01
1372	4.318152883793832e-01	4.365158322401660e-01
1413	4.224323090007990e-01	4.265795188015927e-01
1454	4.059148546406756e-01	4.073802778041127e-01
1495	3.916147465658291e-01	3.981071705534972e-01
1536	3.736346998774186e-01	3.801893963205612e-01
1577	3.625588290523217e-01	3.630780547701014e-01
1618	3.531238145464560e-01	3.548133892335755e-01
1659	3.451240216420557e-01	3.467368504525316e-01
1741	3.323757529580297e-01	3.388441561392025e-01
1782	3.252412529841380e-01	3.311311214825911e-01
1823	3.198081324069854e-01	3.235936569296283e-01
1864	3.161300698939514e-01	3.162277660168379e-01
1946	2.972625421512942e-01	3.019951720402016e-01
1987	2.766939154731887e-01	2.818382931264454e-01
2028	2.714773558751258e-01	2.754228703338166e-01
2069	2.676834779197551e-01	2.691534803926916e-01
2110	2.606857217264684e-01	2.630267991895382e-01
2151	2.534958443447395e-01	2.570395782768864e-01
2192	2.442377509250266e-01	2.454708915685030e-01
2233	2.296225008088569e-01	2.344228815319922e-01
2274	2.247343442919466e-01	2.290867652767773e-01
2315	2.234079999163799e-01	2.238721138568339e-01
2397	2.157640933071184e-01	2.187761623949552e-01
2438	2.043658401475630e-01	2.089296130854039e-01
2479	2.013844874633672e-01	2.041737944669530e-01
2561	1.986649366381005e-01	1.995262314968880e-01
2602	1.922851637252158e-01	1.949844599758045e-01
2643	1.788249570389254e-01	1.819700858609984e-01
2684	1.778052168526996e-01	1.778279410038923e-01
2807	1.723898463079966e-01	1.737800828749375e-01
2930	1.694268715164584e-01	1.698243652461744e-01
3135	1.656641427136759e-01	1.659586907437560e-01
3627	1.621800333878117e-01	1.621810097358930e-01
91235	1.579567066806891e-01	1.584893192461113e-01
94133	1.518688180512545e-01	1.548816618912481e-01
255940	1.509731359866444e-01	1.513561248436208e-01
258629	1.445989575057581e-01	1.479108388168208e-01
260174	1.423462835882949e-01	1.445439770745928e-01
391075	1.396918027040478e-01	1.412537544622754e-01
437375	1.358548936528071e-01	1.380384264602885e-01
438865	1.313438395270295e-01	1.318256738556407e-01
440396	1.223999544580746e-01	1.230268770812381e-01
441889	1.116074306749023e-01	1.122018454301964e-01
443710	1.020544782761267e-01	1.023292992280754e-01
445160	8.857889629110138e-02	8.912509381337455e-02
446612	7.423691583107039e-02	7.585775750291836e-02
446668	7.413062906047430e-02	7.413102413009177e-02
448270	6.442060646636472e-02	6.456542290346556e-02
449436	5.137369638632683e-02	5.248074602497726e-02
449700	5.128540376240931e-02	5.128613839913648e-02
451768	4.540225527927466e-02	4.570881896148749e-02
663406	4.466553690196795e-02	4.466835921509630e-02
908367	4.364963055504556e-02	4.365158322401658e-02
914033	4.224058351715154e-02	4.265795188015926e-02
915111	3.292362325687870e-02	3.311311214825911e-02
916192	2.519179683232997e-02	2.570395782768863e-02
918422	2.004947554485315e-02	2.041737944669529e-02
921885	1.807217452162935e-02	1.819700858609984e-02
921941	1.777035884929579e-02	1.778279410038923e-02
934369	1.733646746516038e-02	1.737800828749375e-02
1014076	1.688738878517748e-02	1.698243652461744e-02
1768435	1.629333193648341e-02	1.659586907437561e-02
1771402	1.620657166949846e-02	1.621810097358930e-02
1920246	1.548394502549411e-02	1.548816618912481e-02
1925958	1.501414353126185e-02	1.513561248436208e-02
1927610	1.463348595817582e-02	1.479108388168207e-02
1929938	1.390809041851404e-02	1.412537544622754e-02
1992672	1.376271079535418e-02	1.380384264602885e-02
1998742	1.330190657914565e-02	1.348962882591653e-02
2000000	1.330148517955354e-02	1.348962882591653e-02
%
% index = 3498, name = bbob_f002_i09_d20__bbob_f013_i10_d20
% instance = 4, reference value = 9.024862149174980e-01
% function evaluation | indicator value | target hit
1	1.683732511115998e+00	1.698243652461744e+00
59	1.648922303451998e+00	1.659586907437561e+00
60	1.613520268503498e+00	1.621810097358930e+00
101	1.526936341532998e+00	1.548816618912481e+00
142	1.404854153451498e+00	1.412537544622754e+00
183	1.288373776660998e+00	1.318256738556407e+00
224	1.181591230640498e+00	1.202264434617413e+00
265	1.085205066526998e+00	1.096478196143185e+00
306	9.969373478844979e-01	1.000000000000000e+00
347	9.133094190809979e-01	9.332543007969910e-01
388	8.853102061495143e-01	8.912509381337456e-01
429	8.617790895683861e-01	8.709635899560807e-01
470	8.344557761519016e-01	8.511380382023764e-01
511	8.043933341612067e-01	8.128305161640993e-01
552	7.732000595786607e-01	7.762471166286917e-01
593	7.420248861664076e-01	7.585775750291838e-01
634	7.110952401569948e-01	7.244359600749900e-01
675	6.800021231517188e-01	6.918309709189365e-01
716	6.476383111530108e-01	6.606934480075960e-01
757	6.129565948144722e-01	6.165950018614822e-01
798	5.801219857095476e-01	5.888436553555889e-01
839	5.529169376043364e-01	5.623413251903491e-01
880	5.289346431041313e-01	5.370317963702527e-01
921	5.057706569621205e-01	5.128613839913648e-01
962	4.796274390276624e-01	4.897788193684462e-01
1003	4.575392222601394e-01	4.677351412871982e-01
1044	4.347386020148744e-01	4.365158322401660e-01
1085	4.109283485170718e-01	4.168693834703354e-01
1126	3.905206779333057e-01	3.981071705534972e-01
1167	3.712105550405609e-01	3.715352290971726e-01
1208	3.525072768234286e-01	3.548133892335755e-01
1249	3.351658775245751e-01	3.388441561392025e-01
1290	3.201268845216535e-01	3.235936569296283e-01
1331	3.075620395937684e-01	3.090295432513591e-01
1372	2.960041335281626e-01	3.019951720402016e-01
1413	2.824573027869347e-01	2.884031503126606e-01
1454	2.735440102813808e-01	2.754228703338166e-01
1495	2.657341005731594e-01	2.691534803926916e-01
1536	2.586926900257772e-01	2.630267991895382e-01
1577	2.523171102925154e-01	2.570395782768864e-01
1618	2.465837758069837e-01	2.511886431509580e-01
1659	2.416271493065759e-01	2.454708915685030e-01
1700	2.372411418382347e-01	2.398832919019490e-01
1741	2.327023003315106e-01	2.344228815319922e-01
1782	2.260620539303678e-01	2.290867652767773e-01
1864	2.221698272160441e-01	2.238721138568339e-01
1987	2.161045084708225e-01	2.187761623949552e-01
2192	2.136032567281881e-01	2.137962089502232e-01
13565	2.085187630365434e-01	2.089296130854039e-01
306626	2.040405521265429e-01	2.041737944669530e-01
319528	1.979657329121604e-01	1.995262314968880e-01
325114	1.929921656573947e-01	1.949844599758045e-01
359039	1.901125761926780e-01	1.905460717963247e-01
362550	1.798515102555677e-01	1.819700858609984e-01
365068	1.689529123686270e-01	1.698243652461744e-01
367053	1.557825912256801e-01	1.584893192461113e-01
370248	1.526372977775859e-01	1.548816618912481e-01
482315	1.512913945765032e-01	1.513561248436208e-01
484093	1.430661089310592e-01	1.445439770745928e-01
485585	1.319621947040306e-01	1.348962882591654e-01
486459	1.149321098042158e-01	1.174897554939529e-01
488158	1.001635636673973e-01	1.023292992280754e-01
488298	9.999625540036627e-02	1.000000000000000e-01
490144	8.686534339195606e-02	8.709635899560805e-02
492912	7.486334570600517e-02	7.585775750291836e-02
497143	6.887557552010648e-02	6.918309709189366e-02
500601	6.077041307764974e-02	6.165950018614822e-02
504315	5.626798373816622e-02	5.754399373371569e-02
504371	5.621929618163446e-02	5.623413251903491e-02
506956	5.262462532031809e-02	5.370317963702527e-02
508815	4.592719070202123e-02	4.677351412871981e-02
510857	3.584175437864590e-02	3.630780547701014e-02
513976	2.746403469318615e-02	2.754228703338166e-02
516169	2.089060915262320e-02	2.089296130854040e-02
526031	1.993026382864416e-02	1.995262314968880e-02
526088	1.948312050957213e-02	1.949844599758046e-02
553023	1.901032456659357e-02	1.905460717963247e-02
587807	1.851557554592198e-02	1.862087136662868e-02
590331	1.795098291007946e-02	1.819700858609984e-02
592148	1.731217478342828e-02	1.737800828749375e-02
594806	1.697717091638939e-02	1.698243652461744e-02
757731	1.649453894010777e-02	1.659586907437561e-02
776873	1.621497869634247e-02	1.621810097358930e-02
789294	1.579802761389415e-02	1.584893192461113e-02
800359	1.544148235925480e-02	1.548816618912481e-02
822858	1.496545731341836e-02	1.513561248436208e-02
832077	1.478253374388916e-02	1.479108388168207e-02
1143808	1.444705093976106e-02	1.445439770745927e-02
1322535	1.401497667488494e-02	1.412537544622754e-02
1338795	1.380327633492462e-02	1.380384264602885e-02
2000000	1.363397748207562e-02	1.380384264602885e-02
%
% index = 3499, name = bbob_f002_i11_d20__bbob_f013_i12_d20
% instance = 5, reference value = 8.856731841252020e-01
% function evaluation | indicator value | target hit
1	4.756234196510202e+00	4.786300923226384e+00
59	4.621671561761202e+00	4.677351412871983e+00
60	4.497210003752702e+00	4.570881896148751e+00
101	4.230091227856702e+00	4.265795188015927e+00
142	3.882980349753702e+00	3.890451449942806e+00
183	3.498328000323202e+00	3.548133892335755e+00
224	3.015373541635202e+00	3.019951720402016e+00
265	2.569437135026702e+00	2.570395782768863e+00
306	2.311118769691702e+00	2.344228815319922e+00
347	2.126123911160202e+00	2.137962089502232e+00
388	1.960908722765702e+00	1.995262314968880e+00
429	1.717744745795202e+00	1.737800828749375e+00
470	1.563112751410702e+00	1.584893192461114e+00
511	1.435114733771202e+00	1.445439770745927e+00
552	1.269677046186202e+00	1.288249551693134e+00
593	1.123212109235702e+00	1.148153621496883e+00
634	9.765641696842019e-01	9.772372209558107e-01
675	8.666631533235756e-01	8.709635899560807e-01
716	8.048372664479548e-01	8.128305161640993e-01
757	7.476479919936971e-01	7.585775750291838e-01
798	6.957140161601716e-01	7.079457843841379e-01
839	6.496618279708672e-01	6.606934480075960e-01
880	6.087268295388506e-01	6.165950018614822e-01
921	5.714936891325015e-01	5.754399373371569e-01
962	5.346573697878408e-01	5.370317963702527e-01
1003	4.974287711403880e-01	5.011872336272722e-01
1044	4.601706015745114e-01	4.677351412871982e-01
1085	4.246324226274067e-01	4.265795188015927e-01
1126	3.939440383670412e-01	3.981071705534972e-01
1167	3.696875561635964e-01	3.715352290971726e-01
1208	3.510146025881464e-01	3.548133892335755e-01
1249	3.347087442336496e-01	3.388441561392025e-01
1290	3.161564039968239e-01	3.162277660168379e-01
1331	2.930339492740344e-01	2.951209226666385e-01
1372	2.710493540836763e-01	2.754228703338166e-01
1413	2.558636204969968e-01	2.570395782768864e-01
1454	2.458610312990305e-01	2.511886431509580e-01
1495	2.394322253721948e-01	2.398832919019490e-01
1577	2.303510798250262e-01	2.344228815319922e-01
1618	2.252378565842820e-01	2.290867652767773e-01
1700	2.230026729344754e-01	2.238721138568339e-01
1782	2.166042176831997e-01	2.187761623949552e-01
1823	2.127169205031403e-01	2.137962089502232e-01
2028	2.050720615860816e-01	2.089296130854039e-01
2151	2.040831129807669e-01	2.041737944669530e-01
2233	1.953586512708146e-01	1.995262314968880e-01
2315	1.947446859418778e-01	1.949844599758045e-01
2602	1.864066079279525e-01	1.905460717963247e-01
2643	1.859517792505726e-01	1.862087136662867e-01
4365	1.809156064985216e-01	1.819700858609984e-01
32459	1.704119227797137e-01	1.737800828749375e-01
34734	1.598118300623184e-01	1.621810097358930e-01
39201	1.524386834342448e-01	1.548816618912481e-01
44434	1.475808588309567e-01	1.479108388168208e-01
213074	1.441090414765697e-01	1.445439770745928e-01
214615	1.407555941440067e-01	1.412537544622754e-01
216652	1.340173262758075e-01	1.348962882591654e-01
218848	1.284401317709871e-01	1.288249551693134e-01
549525	1.254260845372236e-01	1.258925411794167e-01
551394	1.221248225853786e-01	1.230268770812381e-01
553261	1.161040381020090e-01	1.174897554939529e-01
555004	1.071997159880694e-01	1.096478196143185e-01
555842	1.071501712730042e-01	1.071519305237607e-01
557795	1.026612354650992e-01	1.047128548050900e-01
558345	1.023208901864067e-01	1.023292992280754e-01
1617611	9.872714198644794e-02	1.000000000000000e-01
1621714	9.519550184151082e-02	9.549925860214359e-02
1627729	9.099738435250326e-02	9.120108393559097e-02
1635644	8.826045587957088e-02	8.912509381337455e-02
1635950	8.499258366703666e-02	8.511380382023763e-02
1635991	8.158887088329769e-02	8.317637711026708e-02
1755014	8.126831449996319e-02	8.128305161640990e-02
1756013	7.813932609146812e-02	7.943282347242814e-02
1757178	7.126363938248337e-02	7.244359600749903e-02
1758837	6.601515895792298e-02	6.606934480075961e-02
1760373	6.206100931449066e-02	6.309573444801933e-02
1762483	5.928607320107526e-02	6.025595860743578e-02
1765421	5.814105085673626e-02	5.888436553555890e-02
1776605	5.754348298743850e-02	5.754399373371569e-02
1891173	5.563823535874823e-02	5.623413251903491e-02
1894707	5.351221330354428e-02	5.370317963702527e-02
1898786	5.056184235123562e-02	5.128613839913648e-02
1903038	4.652718430623115e-02	4.677351412871981e-02
1911628	4.361146235526958e-02	4.365158322401658e-02
1915999	4.165104613194548e-02	4.168693834703355e-02
1921403	4.003771959609614e-02	4.073802778041128e-02
1921462	3.904622819565662e-02	3.981071705534973e-02
1926679	3.866752455740752e-02	3.890451449942807e-02
1926680	3.693557006399562e-02	3.715352290971726e-02
2000000	3.679788968273257e-02	3.715352290971726e-02
%
% index = 3500, name = bbob_f002_i13_d20__bbob_f013_i14_d20
% instance = 6, reference value = 8.775989428897840e-01
% function evaluation | indicator value | target hit
1	1.121144943137784e+00	1.122018454301963e+00
101	1.087226030863784e+00	1.096478196143185e+00
142	1.061524780530284e+00	1.071519305237606e+00
183	1.036413736371284e+00	1.047128548050900e+00
224	1.012005378873784e+00	1.023292992280754e+00
265	9.882931030187839e-01	1.000000000000000e+00
306	9.652254405857840e-01	9.772372209558107e-01
347	9.427125713207839e-01	9.549925860214360e-01
388	9.206997780667839e-01	9.332543007969910e-01
429	8.993995467442840e-01	9.120108393559098e-01
470	8.787375765817841e-01	8.912509381337456e-01
511	8.593859794405487e-01	8.709635899560807e-01
552	8.384577324895089e-01	8.511380382023764e-01
593	8.165675130914117e-01	8.317637711026710e-01
634	7.947942109607454e-01	8.128305161640993e-01
675	7.731390166505431e-01	7.762471166286917e-01
716	7.518791258229585e-01	7.585775750291838e-01
757	7.314664448199893e-01	7.413102413009175e-01
798	7.113711362695572e-01	7.244359600749900e-01
839	6.928368146272046e-01	7.079457843841379e-01
880	6.749603961493400e-01	6.760829753919817e-01
921	6.567182227873936e-01	6.606934480075960e-01
962	6.353527827751058e-01	6.456542290346555e-01
1003	6.173535829908174e-01	6.309573444801932e-01
1044	6.007772905684341e-01	6.025595860743578e-01
1085	5.848005469766923e-01	5.888436553555889e-01
1126	5.685659229615254e-01	5.754399373371569e-01
1167	5.530933234602595e-01	5.623413251903491e-01
1208	5.323635271682092e-01	5.370317963702527e-01
1249	5.208590249864296e-01	5.248074602497725e-01
1290	5.102868719973834e-01	5.128613839913648e-01
1331	4.961052697762803e-01	5.011872336272722e-01
1372	4.760234350002883e-01	4.786300923226383e-01
1413	4.664046488821740e-01	4.677351412871982e-01
1495	4.491105597930355e-01	4.570881896148750e-01
1536	4.388467860160228e-01	4.466835921509631e-01
1577	4.228759871261824e-01	4.265795188015927e-01
1618	4.150723761390325e-01	4.168693834703354e-01
1700	4.045227712647583e-01	4.073802778041127e-01
1741	3.855531679914330e-01	3.890451449942806e-01
1782	3.766221208982122e-01	3.801893963205612e-01
1864	3.669818370646809e-01	3.715352290971726e-01
1905	3.595391644905890e-01	3.630780547701014e-01
1946	3.519412665680536e-01	3.548133892335755e-01
2028	3.448312959752331e-01	3.467368504525316e-01
2151	3.348697533021484e-01	3.388441561392025e-01
2192	3.244489200301652e-01	3.311311214825911e-01
2233	3.112837833041562e-01	3.162277660168379e-01
2274	3.080455909859681e-01	3.090295432513591e-01
2397	2.945231060954661e-01	2.951209226666385e-01
2520	2.877223017244909e-01	2.884031503126606e-01
2807	2.702337863726779e-01	2.754228703338166e-01
2848	2.690573588733223e-01	2.691534803926916e-01
2930	2.617729290751826e-01	2.630267991895382e-01
3053	2.538477292871707e-01	2.570395782768864e-01
3176	2.459503374542154e-01	2.511886431509580e-01
3258	2.436190002081505e-01	2.454708915685030e-01
3299	2.314367593912449e-01	2.344228815319922e-01
3422	2.283854028464652e-01	2.290867652767773e-01
3750	2.209799247633367e-01	2.238721138568339e-01
3914	2.169890086305889e-01	2.187761623949552e-01
4775	2.131150937392934e-01	2.137962089502232e-01
51233	2.079094293137541e-01	2.089296130854039e-01
53935	2.031561680094608e-01	2.041737944669530e-01
57206	1.938853351661380e-01	1.949844599758045e-01
59729	1.827745718758075e-01	1.862087136662867e-01
59870	1.807817234607980e-01	1.819700858609984e-01
297760	1.775798716871807e-01	1.778279410038923e-01
302102	1.693057252940908e-01	1.698243652461744e-01
304421	1.586225761120996e-01	1.621810097358930e-01
304520	1.582697962343820e-01	1.584893192461113e-01
307766	1.493311415930356e-01	1.513561248436208e-01
310376	1.410363634198316e-01	1.412537544622754e-01
312367	1.364970552606211e-01	1.380384264602885e-01
314605	1.340717151032437e-01	1.348962882591654e-01
316548	1.299454117360904e-01	1.318256738556407e-01
318862	1.210769940821034e-01	1.230268770812381e-01
321915	1.116336057861185e-01	1.122018454301964e-01
660534	1.094991653021966e-01	1.096478196143185e-01
1103242	1.062040074587741e-01	1.071519305237607e-01
1104647	1.031781144551399e-01	1.047128548050900e-01
1106013	9.724511494293764e-02	9.772372209558107e-02
1107341	8.529704104525160e-02	8.709635899560805e-02
1107397	8.503504823022767e-02	8.511380382023763e-02
1107441	8.046825627567555e-02	8.128305161640990e-02
1331411	6.988370429166579e-02	7.079457843841380e-02
1333149	5.972854291093588e-02	6.025595860743578e-02
1335935	5.431364177812303e-02	5.495408738576246e-02
1628456	4.975737389533841e-02	5.011872336272722e-02
1630175	4.708378320442319e-02	4.786300923226382e-02
1741994	4.675147087069986e-02	4.677351412871981e-02
1742733	4.532736881609500e-02	4.570881896148749e-02
1743676	4.466346511682040e-02	4.466835921509630e-02
1830854	4.318947144737562e-02	4.365158322401658e-02
1831683	4.196975451903218e-02	4.265795188015926e-02
1832720	3.961968476561084e-02	3.981071705534973e-02
1834292	3.530149932134130e-02	3.548133892335755e-02
1835990	3.006039795940652e-02	3.019951720402016e-02
2000000	2.978399828704692e-02	3.019951720402016e-02
%
% index = 3501, name = bbob_f002_i15_d20__bbob_f013_i16_d20
% instance = 7, reference value = 8.460203940872090e-01
% function evaluation | indicator value | target hit
1	1.092661055846209e+00	1.096478196143185e+00
60	1.070430991648209e+00	1.071519305237606e+00
101	1.043984568746709e+00	1.047128548050900e+00
142	1.007300852856209e+00	1.023292992280754e+00
183	9.714879461262090e-01	9.772372209558107e-01
224	9.365368631382091e-01	9.549925860214360e-01
265	9.021526850727090e-01	9.120108393559098e-01
306	8.677401348222090e-01	8.709635899560807e-01
347	8.370100502813089e-01	8.511380382023764e-01
388	8.116107718956203e-01	8.128305161640993e-01
429	7.856335060417972e-01	7.943282347242815e-01
470	7.591325344930043e-01	7.762471166286917e-01
511	7.319515313576374e-01	7.413102413009175e-01
552	7.050540695905003e-01	7.079457843841379e-01
593	6.791288902239306e-01	6.918309709189365e-01
634	6.546585168448437e-01	6.606934480075960e-01
675	6.312314797309415e-01	6.456542290346555e-01
716	6.079925247743040e-01	6.165950018614822e-01
757	5.834246314954675e-01	5.888436553555889e-01
798	5.586882665861479e-01	5.623413251903491e-01
839	5.366736443957048e-01	5.370317963702527e-01
880	5.174941491870435e-01	5.248074602497725e-01
921	5.011389809374558e-01	5.011872336272722e-01
962	4.854878363263548e-01	4.897788193684462e-01
1003	4.705210687635714e-01	4.786300923226383e-01
1044	4.535938105763389e-01	4.570881896148750e-01
1085	4.398090005379008e-01	4.466835921509631e-01
1126	4.257897732114967e-01	4.265795188015927e-01
1167	4.137610271967623e-01	4.168693834703354e-01
1208	4.045137105375063e-01	4.073802778041127e-01
1249	3.917390616068473e-01	3.981071705534972e-01
1290	3.769014652458267e-01	3.801893963205612e-01
1331	3.699477808592075e-01	3.715352290971726e-01
1454	3.594670629694788e-01	3.630780547701014e-01
1495	3.544948163929462e-01	3.548133892335755e-01
1577	3.436495941140520e-01	3.467368504525316e-01
1741	3.386919510678189e-01	3.388441561392025e-01
1905	3.302266976855316e-01	3.311311214825911e-01
2069	3.226879513577482e-01	3.235936569296283e-01
2192	3.116516374095200e-01	3.162277660168379e-01
2233	3.089311478749830e-01	3.090295432513591e-01
2397	2.967479859259486e-01	3.019951720402016e-01
2561	2.945165065074581e-01	2.951209226666385e-01
2807	2.852797813095677e-01	2.884031503126606e-01
80829	2.817971679222124e-01	2.818382931264454e-01
84847	2.735694965062718e-01	2.754228703338166e-01
86502	2.653338992564681e-01	2.691534803926916e-01
88857	2.571040864786754e-01	2.630267991895382e-01
88913	2.570018561964796e-01	2.570395782768864e-01
91172	2.511413323120636e-01	2.511886431509580e-01
93240	2.419417056406433e-01	2.454708915685030e-01
96128	2.329389130025535e-01	2.344228815319922e-01
97743	2.182927025537947e-01	2.187761623949552e-01
99787	2.132643470622705e-01	2.137962089502232e-01
294503	2.085206913675610e-01	2.089296130854039e-01
296368	2.030333652534271e-01	2.041737944669530e-01
298231	1.957337860709304e-01	1.995262314968880e-01
300012	1.894218558820445e-01	1.905460717963247e-01
301548	1.840388140451551e-01	1.862087136662867e-01
302794	1.738221197107708e-01	1.778279410038923e-01
303957	1.588811645465450e-01	1.621810097358930e-01
305450	1.460978387178477e-01	1.479108388168208e-01
306817	1.343153190329006e-01	1.348962882591654e-01
769977	1.295203752730966e-01	1.318256738556407e-01
771181	1.220674255253982e-01	1.230268770812381e-01
970373	1.147942754011048e-01	1.148153621496883e-01
971454	1.039075970136092e-01	1.047128548050900e-01
972827	9.407084259268073e-02	9.549925860214359e-02
974155	8.414483923727278e-02	8.511380382023763e-02
975813	7.311809415577220e-02	7.413102413009177e-02
977348	6.146643419695230e-02	6.165950018614822e-02
978761	5.004498324659223e-02	5.011872336272722e-02
980502	4.001606379918332e-02	4.073802778041128e-02
982290	3.186497899441743e-02	3.235936569296283e-02
985604	2.762214595748369e-02	2.818382931264454e-02
988640	2.452982734080311e-02	2.454708915685030e-02
990883	2.013239914342824e-02	2.041737944669529e-02
996177	1.993047571828910e-02	1.995262314968880e-02
996180	1.949630873439856e-02	1.949844599758046e-02
1001749	1.807923143968260e-02	1.819700858609984e-02
1035104	1.750837752493550e-02	1.778279410038923e-02
1043094	1.721554938126557e-02	1.737800828749375e-02
1166505	1.679145770666723e-02	1.698243652461744e-02
1171255	1.648124981381871e-02	1.659586907437561e-02
1180077	1.614957762823777e-02	1.621810097358930e-02
1184584	1.563887736528946e-02	1.584893192461113e-02
1276546	1.507683238261059e-02	1.513561248436208e-02
1454481	1.470992031433782e-02	1.479108388168207e-02
1455896	1.441782452616125e-02	1.445439770745927e-02
1457766	1.392721705421640e-02	1.412537544622754e-02
1459713	1.319308160034349e-02	1.348962882591653e-02
1462029	1.215335932923989e-02	1.230268770812382e-02
1465620	1.132740576607705e-02	1.148153621496883e-02
1543546	1.121986623221616e-02	1.122018454301964e-02
1995296	1.076872053078171e-02	1.096478196143185e-02
1999522	1.047315287521100e-02	1.071519305237606e-02
1999740	1.047121432027942e-02	1.047128548050900e-02
2000000	1.047119113373529e-02	1.047128548050900e-02
%
% index = 3502, name = bbob_f002_i17_d20__bbob_f013_i18_d20
% instance = 8, reference value = 8.646598830798030e-01
% function evaluation | indicator value | target hit
1	1.214885730508880e+00	1.230268770812382e+00
58	1.191433081858112e+00	1.202264434617413e+00
59	1.170667003645590e+00	1.174897554939530e+00
60	1.140876211391893e+00	1.148153621496883e+00
101	1.115410006321303e+00	1.122018454301963e+00
142	1.084273043157303e+00	1.096478196143185e+00
183	1.052493794560803e+00	1.071519305237606e+00
224	1.021425648375803e+00	1.023292992280754e+00
265	9.921849112308031e-01	1.000000000000000e+00
306	9.623394737858030e-01	9.772372209558107e-01
347	9.331213192018030e-01	9.332543007969910e-01
388	9.047056676548030e-01	9.120108393559098e-01
429	8.770340158573030e-01	8.912509381337456e-01
470	8.542972851318881e-01	8.709635899560807e-01
511	8.343302989587529e-01	8.511380382023764e-01
552	8.131763458869201e-01	8.317637711026710e-01
593	7.909708872626007e-01	7.943282347242815e-01
634	7.680324183900102e-01	7.762471166286917e-01
675	7.448756778532890e-01	7.585775750291838e-01
716	7.221311162243611e-01	7.244359600749900e-01
757	7.002403388202764e-01	7.079457843841379e-01
798	6.792501310661146e-01	6.918309709189365e-01
839	6.589442798712979e-01	6.606934480075960e-01
880	6.386265874071571e-01	6.456542290346555e-01
921	6.184705849044735e-01	6.309573444801932e-01
962	5.999581458136202e-01	6.025595860743578e-01
1003	5.835687972344341e-01	5.888436553555889e-01
1044	5.684074120828116e-01	5.754399373371569e-01
1085	5.525244672179760e-01	5.623413251903491e-01
1126	5.384251234793664e-01	5.495408738576245e-01
1167	5.211951223118820e-01	5.248074602497725e-01
1208	5.054304195718603e-01	5.128613839913648e-01
1249	4.982320127143984e-01	5.011872336272722e-01
1290	4.864389463399388e-01	4.897788193684462e-01
1331	4.719810241639949e-01	4.786300923226383e-01
1372	4.594654225525140e-01	4.677351412871982e-01
1413	4.509442774181192e-01	4.570881896148750e-01
1454	4.384122769627067e-01	4.466835921509631e-01
1495	4.242473245976128e-01	4.265795188015927e-01
1577	4.138848875191142e-01	4.168693834703354e-01
1618	4.027120011432904e-01	4.073802778041127e-01
1659	3.863647417667495e-01	3.890451449942806e-01
1700	3.791383508637076e-01	3.801893963205612e-01
1823	3.618926784053684e-01	3.630780547701014e-01
1864	3.492553809297703e-01	3.548133892335755e-01
1905	3.455066461743018e-01	3.467368504525316e-01
1987	3.350261089269733e-01	3.388441561392025e-01
2069	3.308435198199308e-01	3.311311214825911e-01
2151	3.133514010672095e-01	3.162277660168379e-01
2192	3.084609475715262e-01	3.090295432513591e-01
2356	3.016429952576803e-01	3.019951720402016e-01
2438	2.946093560268058e-01	2.951209226666385e-01
2602	2.875540501423597e-01	2.884031503126606e-01
2643	2.787212079778736e-01	2.818382931264454e-01
2725	2.749597465360648e-01	2.754228703338166e-01
2766	2.656559618104486e-01	2.691534803926916e-01
2848	2.607921294471333e-01	2.630267991895382e-01
2889	2.569975117882227e-01	2.570395782768864e-01
3053	2.431862578468373e-01	2.454708915685030e-01
3094	2.365909621694571e-01	2.398832919019490e-01
3217	2.331760463285905e-01	2.344228815319922e-01
3258	2.250254163462069e-01	2.290867652767773e-01
3340	2.235965210137362e-01	2.238721138568339e-01
3709	2.081967783638702e-01	2.089296130854039e-01
3832	1.955080110611828e-01	1.995262314968880e-01
3914	1.944708624269094e-01	1.949844599758045e-01
4488	1.905121370963095e-01	1.905460717963247e-01
4652	1.854155112954511e-01	1.862087136662867e-01
129849	1.819167534957524e-01	1.819700858609984e-01
134043	1.777353224304837e-01	1.778279410038923e-01
136410	1.721790438903927e-01	1.737800828749375e-01
138695	1.610527105986613e-01	1.621810097358930e-01
141422	1.473261888727764e-01	1.479108388168208e-01
151391	1.408778744116232e-01	1.412537544622754e-01
153953	1.306351851278523e-01	1.318256738556407e-01
156599	1.183927877405041e-01	1.202264434617413e-01
165065	1.150584417279751e-01	1.174897554939529e-01
168001	1.088815961043044e-01	1.096478196143185e-01
170572	1.004157520753621e-01	1.023292992280754e-01
172517	8.937907825181901e-02	9.120108393559097e-02
172575	8.911456136781526e-02	8.912509381337455e-02
204283	8.706678713882088e-02	8.709635899560805e-02
463285	8.490134120456383e-02	8.511380382023763e-02
465520	7.904397085037085e-02	7.943282347242814e-02
467549	6.845302535932818e-02	6.918309709189366e-02
470196	5.846163441629193e-02	5.888436553555890e-02
472099	4.994984238377420e-02	5.011872336272722e-02
473838	4.221130785755123e-02	4.265795188015926e-02
473897	4.146466430694828e-02	4.168693834703355e-02
473979	4.069128380130127e-02	4.073802778041128e-02
595980	3.969905836277199e-02	3.981071705534973e-02
633422	3.798932466551508e-02	3.801893963205612e-02
635157	3.192758825494646e-02	3.235936569296283e-02
637018	2.691683587866545e-02	2.754228703338166e-02
637070	2.691408322255040e-02	2.691534803926915e-02
637198	2.598674362456022e-02	2.630267991895381e-02
637363	2.566192997782080e-02	2.570395782768863e-02
758250	2.508157966821678e-02	2.511886431509579e-02
819376	2.454686493191205e-02	2.454708915685030e-02
827227	2.216848793077719e-02	2.238721138568340e-02
828471	1.900820421559180e-02	1.905460717963247e-02
830210	1.723563704475384e-02	1.737800828749375e-02
832564	1.671177196543860e-02	1.698243652461744e-02
832702	1.658384920475231e-02	1.659586907437561e-02
922737	1.621074167575243e-02	1.621810097358930e-02
1293663	1.581131532798652e-02	1.584893192461113e-02
2000000	1.553865004033606e-02	1.584893192461113e-02
%
% index = 3503, name = bbob_f002_i19_d20__bbob_f013_i21_d20
% instance = 9, reference value = 9.000022489501410e-01
% function evaluation | indicator value | target hit
1	1.167060700785641e+00	1.174897554939530e+00
101	1.130888802799641e+00	1.148153621496883e+00
142	1.103458488175141e+00	1.122018454301963e+00
183	1.076425732798141e+00	1.096478196143185e+00
224	1.049589665431141e+00	1.071519305237606e+00
265	1.022857868620141e+00	1.023292992280754e+00
306	9.964585203491411e-01	1.000000000000000e+00
347	9.708346827801410e-01	9.772372209558107e-01
388	9.458192372426409e-01	9.549925860214360e-01
429	9.208886016926411e-01	9.332543007969910e-01
470	8.970105995263875e-01	9.120108393559098e-01
511	8.779201930681512e-01	8.912509381337456e-01
552	8.572557872219384e-01	8.709635899560807e-01
593	8.366727826311435e-01	8.511380382023764e-01
634	8.165029115443684e-01	8.317637711026710e-01
675	7.957605882519214e-01	8.128305161640993e-01
716	7.742989290906298e-01	7.762471166286917e-01
757	7.526494119212481e-01	7.585775750291838e-01
798	7.311859414231434e-01	7.413102413009175e-01
839	7.087650465191735e-01	7.244359600749900e-01
880	6.851887013509659e-01	6.918309709189365e-01
921	6.653418113854642e-01	6.760829753919817e-01
962	6.494432593844621e-01	6.606934480075960e-01
1003	6.304144048148922e-01	6.309573444801932e-01
1044	6.112204592977908e-01	6.165950018614822e-01
1085	5.937655966384919e-01	6.025595860743578e-01
1126	5.803117404557282e-01	5.888436553555889e-01
1167	5.649948796630180e-01	5.754399373371569e-01
1208	5.528330971765913e-01	5.623413251903491e-01
1249	5.422857745864618e-01	5.495408738576245e-01
1290	5.316930898468690e-01	5.370317963702527e-01
1331	5.174791970699432e-01	5.248074602497725e-01
1372	5.030320509149538e-01	5.128613839913648e-01
1413	4.948661702517663e-01	5.011872336272722e-01
1454	4.862154837527889e-01	4.897788193684462e-01
1536	4.770448149955232e-01	4.786300923226383e-01
1618	4.598896621659251e-01	4.677351412871982e-01
1659	4.501203123445692e-01	4.570881896148750e-01
1700	4.425569374766004e-01	4.466835921509631e-01
1741	4.294452013875800e-01	4.365158322401660e-01
1782	4.175692100191030e-01	4.265795188015927e-01
1823	4.138211507940470e-01	4.168693834703354e-01
1905	4.016619899386950e-01	4.073802778041127e-01
1946	3.938061287101947e-01	3.981071705534972e-01
1987	3.792650669589608e-01	3.801893963205612e-01
2110	3.689420165042936e-01	3.715352290971726e-01
2151	3.622996245455962e-01	3.630780547701014e-01
2192	3.528216962336469e-01	3.548133892335755e-01
2233	3.464995647086436e-01	3.467368504525316e-01
2397	3.344552747200228e-01	3.388441561392025e-01
2438	3.266341489712580e-01	3.311311214825911e-01
2479	3.229789472910313e-01	3.235936569296283e-01
2725	3.090880904343427e-01	3.162277660168379e-01
2766	3.036692644830478e-01	3.090295432513591e-01
2848	3.008810664153380e-01	3.019951720402016e-01
3094	2.901293898040282e-01	2.951209226666385e-01
3135	2.880936808428034e-01	2.884031503126606e-01
5185	2.799860573091973e-01	2.818382931264454e-01
220305	2.715067564198351e-01	2.754228703338166e-01
223334	2.631454414533563e-01	2.691534803926916e-01
225387	2.629713855636862e-01	2.630267991895382e-01
228012	2.509528900567182e-01	2.511886431509580e-01
534112	2.395637991188672e-01	2.398832919019490e-01
536801	2.309630866256517e-01	2.344228815319922e-01
747273	2.289304840749040e-01	2.290867652767773e-01
752439	2.230692235975700e-01	2.238721138568339e-01
758511	2.149248714600451e-01	2.187761623949552e-01
760454	2.082301972138387e-01	2.089296130854039e-01
827564	1.986277215588692e-01	1.995262314968880e-01
956303	1.943707406352941e-01	1.949844599758045e-01
958170	1.901314548361535e-01	1.905460717963247e-01
964787	1.837848904824499e-01	1.862087136662867e-01
968347	1.814357637169962e-01	1.819700858609984e-01
970707	1.752125811710665e-01	1.778279410038923e-01
972117	1.665896358160883e-01	1.698243652461744e-01
973954	1.612386870811485e-01	1.621810097358930e-01
1039263	1.540271775098456e-01	1.548816618912481e-01
1212716	1.445923912485444e-01	1.479108388168208e-01
1214374	1.405195034850428e-01	1.412537544622754e-01
1401076	1.375567651290756e-01	1.380384264602885e-01
1402649	1.346924316897419e-01	1.348962882591654e-01
1404634	1.266637344678004e-01	1.288249551693134e-01
1408443	1.255646826434087e-01	1.258925411794167e-01
1410304	1.219864562967957e-01	1.230268770812381e-01
1411877	1.163932428278894e-01	1.174897554939529e-01
1413450	1.061442558798795e-01	1.071519305237607e-01
1415373	1.016678339975630e-01	1.023292992280754e-01
1613592	9.733052233482498e-02	9.772372209558107e-02
1614919	8.759439698655724e-02	8.912509381337455e-02
1616206	7.737664477806860e-02	7.762471166286916e-02
1617824	6.802377968725526e-02	6.918309709189366e-02
1619442	5.860765477423568e-02	5.888436553555890e-02
1620979	4.769975444599583e-02	4.786300923226382e-02
1622265	3.775561994660359e-02	3.801893963205612e-02
1627411	3.235660932155837e-02	3.235936569296283e-02
2000000	3.182869384816667e-02	3.235936569296283e-02
%
% index = 3504, name = bbob_f002_i21_d20__bbob_f013_i22_d20
% instance = 10, reference value = 9.482652328234030e-01
% function evaluation | indicator value | target hit
1	9.514830722749029e-01	9.549925860214360e-01
142	9.255147184286854e-01	9.332543007969910e-01
183	9.072316347749908e-01	9.120108393559098e-01
224	8.794490666264315e-01	8.912509381337456e-01
265	8.540636729605234e-01	8.709635899560807e-01
306	8.201986328363327e-01	8.317637711026710e-01
347	7.824707327285914e-01	7.943282347242815e-01
388	7.482855402793239e-01	7.585775750291838e-01
429	7.188475420114115e-01	7.244359600749900e-01
470	6.938203332729710e-01	7.079457843841379e-01
511	6.684016689058121e-01	6.760829753919817e-01
552	6.344349719201390e-01	6.456542290346555e-01
593	6.107421620132348e-01	6.165950018614822e-01
634	5.864441305026140e-01	5.888436553555889e-01
675	5.649926463965478e-01	5.754399373371569e-01
716	5.443945746346390e-01	5.495408738576245e-01
757	5.239381425415177e-01	5.248074602497725e-01
798	5.030462138180454e-01	5.128613839913648e-01
839	4.771164819603266e-01	4.786300923226383e-01
880	4.576476351506875e-01	4.677351412871982e-01
921	4.389773161043645e-01	4.466835921509631e-01
962	4.231011326243767e-01	4.265795188015927e-01
1003	4.054353708183189e-01	4.073802778041127e-01
1044	3.928403667615549e-01	3.981071705534972e-01
1085	3.820296777805241e-01	3.890451449942806e-01
1126	3.667415346714311e-01	3.715352290971726e-01
1167	3.535859418318897e-01	3.548133892335755e-01
1208	3.383150240238605e-01	3.388441561392025e-01
1249	3.217529417987783e-01	3.235936569296283e-01
1290	3.134933630026336e-01	3.162277660168379e-01
1331	3.057031024652280e-01	3.090295432513591e-01
1372	2.990516117459161e-01	3.019951720402016e-01
1454	2.840002876691380e-01	2.884031503126606e-01
1495	2.677167354358622e-01	2.691534803926916e-01
1536	2.618697886275653e-01	2.630267991895382e-01
1618	2.534223181393602e-01	2.570395782768864e-01
1659	2.451698200705829e-01	2.454708915685030e-01
1700	2.318342501082862e-01	2.344228815319922e-01
1741	2.256224459824696e-01	2.290867652767773e-01
1782	2.225500922705824e-01	2.238721138568339e-01
1864	2.182917503989655e-01	2.187761623949552e-01
1946	2.114796454548710e-01	2.137962089502232e-01
1987	1.993300155355159e-01	1.995262314968880e-01
2192	1.934953349000789e-01	1.949844599758045e-01
25159	1.894331164948183e-01	1.905460717963247e-01
202184	1.855737703274064e-01	1.862087136662867e-01
203640	1.819290336787868e-01	1.819700858609984e-01
205180	1.746534116034349e-01	1.778279410038923e-01
208072	1.669108690372838e-01	1.698243652461744e-01
210799	1.585398449926699e-01	1.621810097358930e-01
210854	1.584554086304568e-01	1.584893192461113e-01
564077	1.543495449731926e-01	1.548816618912481e-01
565369	1.504609150095569e-01	1.513561248436208e-01
567565	1.427443083149633e-01	1.445439770745928e-01
570577	1.354986249082062e-01	1.380384264602885e-01
573427	1.313639267855971e-01	1.318256738556407e-01
582669	1.281754206598101e-01	1.288249551693134e-01
585124	1.252921739151608e-01	1.258925411794167e-01
588299	1.205676733336249e-01	1.230268770812381e-01
588357	1.201733350784682e-01	1.202264434617413e-01
632048	1.151632667133983e-01	1.174897554939529e-01
633666	1.084547555300350e-01	1.096478196143185e-01
635488	9.624328533052307e-02	9.772372209558107e-02
637639	8.295848658074045e-02	8.317637711026708e-02
642558	7.742180742341132e-02	7.762471166286916e-02
776545	7.494095109234100e-02	7.585775750291836e-02
777994	6.754085608444671e-02	6.760829753919818e-02
779978	5.609265756788806e-02	5.623413251903491e-02
782187	5.487387502370067e-02	5.495408738576246e-02
784296	5.367197753654118e-02	5.370317963702527e-02
813684	5.214834670525614e-02	5.248074602497726e-02
842757	5.128446929512120e-02	5.128613839913648e-02
844453	4.911847208444198e-02	5.011872336272722e-02
846535	4.657838835832795e-02	4.677351412871981e-02
847863	4.417423349281180e-02	4.466835921509630e-02
847989	4.213038712741035e-02	4.265795188015926e-02
848156	4.044997823471419e-02	4.073802778041128e-02
848446	3.913650928650092e-02	3.981071705534973e-02
849234	3.818192488277317e-02	3.890451449942807e-02
849650	3.755843425183569e-02	3.801893963205612e-02
850564	3.706841161653907e-02	3.715352290971726e-02
1586427	3.588556509040519e-02	3.630780547701014e-02
1594569	3.303144100459732e-02	3.311311214825911e-02
1603131	3.119869563492528e-02	3.162277660168379e-02
1611111	2.791990835514324e-02	2.818382931264454e-02
1635673	2.701621990009695e-02	2.754228703338166e-02
1641360	2.541154091555042e-02	2.570395782768863e-02
1641870	2.472238971964869e-02	2.511886431509579e-02
1641911	2.363534702701553e-02	2.398832919019490e-02
1650097	2.244246755426582e-02	2.290867652767773e-02
1735785	2.238273317469652e-02	2.238721138568340e-02
1951558	2.187592801863847e-02	2.187761623949553e-02
1957271	2.123976041534392e-02	2.137962089502233e-02
2000000	2.108058175922867e-02	2.137962089502233e-02
