%
% index = 615, name = bbob_f014_i02_d02__bbob_f015_i04_d02
% instance = 1, reference value = 9.484649703077380e-01
% function evaluation | indicator value | target hit
1	4.499986727105261e-01	4.570881896148750e-01
20	4.465290769853840e-01	4.466835921509631e-01
23	4.269298741283821e-01	4.365158322401660e-01
28	4.219136272956285e-01	4.265795188015927e-01
206	4.121697917795668e-01	4.168693834703354e-01
238	4.024671584143455e-01	4.073802778041127e-01
273	3.803068755443524e-01	3.890451449942806e-01
288	3.801694533819907e-01	3.801893963205612e-01
294	3.714730785856533e-01	3.715352290971726e-01
295	3.630007637832483e-01	3.630780547701014e-01
300	3.345348897922295e-01	3.388441561392025e-01
511	2.998748675933539e-01	3.019951720402016e-01
516	2.637265860952965e-01	2.691534803926916e-01
521	2.447091953315318e-01	2.454708915685030e-01
677	2.387891992292374e-01	2.398832919019490e-01
1165	2.313090395905156e-01	2.344228815319922e-01
1188	2.245763442482444e-01	2.290867652767773e-01
1221	2.118912378085650e-01	2.137962089502232e-01
1242	2.078647801886238e-01	2.089296130854039e-01
1243	2.039294914396425e-01	2.041737944669530e-01
1248	1.949905487729120e-01	1.995262314968880e-01
1320	1.878892631799467e-01	1.905460717963247e-01
1639	1.824315361176021e-01	1.862087136662867e-01
1644	1.817955543758458e-01	1.819700858609984e-01
2101	1.777700072743138e-01	1.778279410038923e-01
2171	1.689641969917868e-01	1.698243652461744e-01
2281	1.649202943522792e-01	1.659586907437560e-01
2438	1.580886873572718e-01	1.584893192461113e-01
2639	1.509757860250320e-01	1.513561248436208e-01
2654	1.472083986288808e-01	1.479108388168208e-01
2664	1.421455335549413e-01	1.445439770745928e-01
2674	1.410911354527140e-01	1.412537544622754e-01
3249	1.369279156844746e-01	1.380384264602885e-01
3281	1.337122046862018e-01	1.348962882591654e-01
3321	1.276718496456929e-01	1.288249551693134e-01
3373	1.216387885805390e-01	1.230268770812381e-01
3551	1.177673352682606e-01	1.202264434617413e-01
3561	1.107051871810265e-01	1.122018454301964e-01
3566	1.091645823711701e-01	1.096478196143185e-01
3800	1.071160984875922e-01	1.071519305237607e-01
4225	1.045449365502087e-01	1.047128548050900e-01
4337	1.022469260237121e-01	1.023292992280754e-01
15709	9.965224327140343e-02	1.000000000000000e-01
16113	9.748931605486888e-02	9.772372209558107e-02
21878	9.477028910360208e-02	9.549925860214359e-02
35746	9.328636952432356e-02	9.332543007969910e-02
36688	9.112167880382493e-02	9.120108393559097e-02
37378	8.910189743215002e-02	8.912509381337455e-02
37934	8.704934484366589e-02	8.709635899560805e-02
47260	8.507388221444601e-02	8.511380382023763e-02
62806	8.313955329778211e-02	8.317637711026708e-02
145422	7.078601317959632e-02	7.079457843841380e-02
145442	6.828043859693500e-02	6.918309709189366e-02
145443	6.675503901507140e-02	6.760829753919818e-02
145449	6.446722382880432e-02	6.456542290346556e-02
145719	6.304140893681165e-02	6.309573444801933e-02
145722	6.158290987167592e-02	6.165950018614822e-02
145905	5.592619227215834e-02	5.623413251903491e-02
145910	5.464975976154962e-02	5.495408738576246e-02
146098	5.368731763428614e-02	5.370317963702527e-02
146130	4.924870884230448e-02	5.011872336272722e-02
146168	4.533107102991385e-02	4.570881896148749e-02
146729	4.460562814617086e-02	4.466835921509630e-02
146731	4.255465282439241e-02	4.265795188015926e-02
146871	4.129220025824187e-02	4.168693834703355e-02
146881	3.957618990526335e-02	3.981071705534973e-02
146886	3.837440642660783e-02	3.890451449942807e-02
146891	3.686154030455857e-02	3.715352290971726e-02
146896	3.529749075501232e-02	3.548133892335755e-02
146906	3.434660646200416e-02	3.467368504525317e-02
147101	3.254515527829938e-02	3.311311214825911e-02
147145	2.915504956934489e-02	2.951209226666385e-02
147200	2.848542139223498e-02	2.884031503126606e-02
147218	2.817185896855856e-02	2.818382931264454e-02
147623	2.732806343825023e-02	2.754228703338166e-02
147678	2.680551484577665e-02	2.691534803926915e-02
147698	2.607903584914961e-02	2.630267991895381e-02
147699	2.488525241390283e-02	2.511886431509579e-02
147700	2.415997443958884e-02	2.454708915685030e-02
147705	2.387218113064438e-02	2.398832919019490e-02
147706	2.314477178714702e-02	2.344228815319923e-02
147912	2.290046422233261e-02	2.290867652767773e-02
147917	2.098779690907693e-02	2.137962089502233e-02
147922	2.076113131772050e-02	2.089296130854040e-02
148108	2.006882388116782e-02	2.041737944669529e-02
148158	1.981787821446479e-02	1.995262314968880e-02
148159	1.943158417062663e-02	1.949844599758046e-02
148160	1.895563639714126e-02	1.905460717963247e-02
148624	1.857021607501341e-02	1.862087136662868e-02
148693	1.804530190698028e-02	1.819700858609984e-02
148733	1.761122386935543e-02	1.778279410038923e-02
148752	1.722134142919729e-02	1.737800828749375e-02
148753	1.670822350114465e-02	1.698243652461744e-02
148754	1.587619716429800e-02	1.621810097358930e-02
148755	1.534625265142386e-02	1.548816618912481e-02
148770	1.510498337795740e-02	1.513561248436208e-02
149056	1.479105690562055e-02	1.479108388168207e-02
149181	1.431760592514919e-02	1.445439770745927e-02
149205	1.382642960956226e-02	1.412537544622754e-02
149243	1.379332799892941e-02	1.380384264602885e-02
149653	1.343614565587392e-02	1.348962882591653e-02
149715	1.316004631879164e-02	1.318256738556407e-02
149716	1.282175245158079e-02	1.288249551693134e-02
149857	1.214590149726646e-02	1.230268770812382e-02
149867	1.145542294581925e-02	1.148153621496883e-02
149872	1.086809036452141e-02	1.096478196143185e-02
149877	1.048617423334974e-02	1.071519305237606e-02
149878	1.023704649166113e-02	1.047128548050900e-02
149883	1.019658974184068e-02	1.023292992280754e-02
150146	9.969748094935449e-03	1.000000000000000e-02
150667	9.603901609949506e-03	9.772372209558112e-03
150700	9.404823572399024e-03	9.549925860214359e-03
150740	9.200149272257541e-03	9.332543007969915e-03
150760	9.090189125716464e-03	9.120108393559097e-03
150767	8.743912882919203e-03	8.912509381337459e-03
151301	8.689912309974068e-03	8.709635899560805e-03
151354	8.465620933321816e-03	8.511380382023767e-03
163674	8.247470361743447e-03	8.317637711026709e-03
163689	8.096044006095315e-03	8.128305161640995e-03
163842	7.917356318313362e-03	7.943282347242814e-03
165673	7.761485864315687e-03	7.762471166286920e-03
172043	7.552638455149308e-03	7.585775750291836e-03
172254	7.390794381658017e-03	7.413102413009177e-03
173233	7.244358353400315e-03	7.244359600749898e-03
200000	7.079553206124967e-03	7.244359600749898e-03
%
% index = 616, name = bbob_f014_i03_d02__bbob_f015_i05_d02
% instance = 2, reference value = 9.388900336761120e-01
% function evaluation | indicator value | target hit
1	8.691924270045119e+01	8.709635899560806e+01
35	8.442653451288757e+01	8.511380382023764e+01
40	8.305275340649877e+01	8.317637711026708e+01
46	7.673021761310447e+01	7.762471166286916e+01
51	6.988723424005731e+01	7.079457843841381e+01
56	6.359696538278514e+01	6.456542290346556e+01
61	5.764782539301920e+01	5.888436553555890e+01
66	5.209371815684007e+01	5.248074602497726e+01
86	4.655620252209206e+01	4.677351412871981e+01
91	4.178596590851726e+01	4.265795188015925e+01
96	3.745654096939481e+01	3.801893963205612e+01
106	3.681065202187546e+01	3.715352290971726e+01
116	3.267807706048394e+01	3.311311214825911e+01
121	3.208989585143014e+01	3.235936569296283e+01
126	3.109565182147771e+01	3.162277660168379e+01
131	2.749721803235235e+01	2.754228703338166e+01
136	2.661294912707435e+01	2.691534803926915e+01
141	2.440703858182831e+01	2.454708915685030e+01
146	2.364957251570738e+01	2.398832919019490e+01
161	2.341262582935485e+01	2.344228815319923e+01
347	2.288867701172882e+01	2.290867652767773e+01
428	2.164080272663729e+01	2.187761623949553e+01
483	2.064714905347133e+01	2.089296130854040e+01
537	1.950018143088634e+01	1.995262314968880e+01
549	1.949781366025749e+01	1.949844599758045e+01
576	1.885173595675600e+01	1.905460717963247e+01
588	1.826410531068609e+01	1.862087136662868e+01
671	1.687493227413195e+01	1.698243652461744e+01
1106	1.571119467389986e+01	1.584893192461113e+01
1111	1.515456329318954e+01	1.548816618912481e+01
1116	1.479544143869269e+01	1.513561248436208e+01
1121	1.306985501326819e+01	1.318256738556407e+01
1126	1.097022682009491e+01	1.122018454301964e+01
1131	9.242169975006206e+00	9.332543007969910e+00
1721	9.117934846036873e+00	9.120108393559097e+00
1772	8.773259426045739e+00	8.912509381337454e+00
1807	8.305939200161692e+00	8.317637711026711e+00
2161	7.617987969368925e+00	7.762471166286917e+00
2166	7.120772156231865e+00	7.244359600749901e+00
2171	6.772531611634404e+00	6.918309709189364e+00
2176	6.488544983190425e+00	6.606934480075959e+00
2181	5.456044806028415e+00	5.495408738576246e+00
2186	4.803472453214651e+00	4.897788193684462e+00
2191	3.909873139943147e+00	3.981071705534972e+00
2196	3.344700583076307e+00	3.388441561392026e+00
2201	2.981270871865080e+00	3.019951720402016e+00
2206	2.885201422372813e+00	2.951209226666386e+00
2211	2.856154946198391e+00	2.884031503126606e+00
2989	2.812912535423940e+00	2.818382931264454e+00
3042	2.716533649562344e+00	2.754228703338166e+00
3043	2.610624552049647e+00	2.630267991895382e+00
3239	2.542658144477199e+00	2.570395782768863e+00
3949	2.510019980154557e+00	2.511886431509580e+00
4007	2.408585828865814e+00	2.454708915685031e+00
4008	2.339728894201612e+00	2.344228815319922e+00
4009	2.274944315512836e+00	2.290867652767773e+00
12367	2.236616032411221e+00	2.238721138568339e+00
12372	2.168726763519945e+00	2.187761623949553e+00
12377	2.059444016486112e+00	2.089296130854040e+00
12382	1.858489037412612e+00	1.862087136662868e+00
13282	1.808159277052612e+00	1.819700858609983e+00
13313	1.777024102746112e+00	1.778279410038923e+00
13392	1.715356169576612e+00	1.737800828749375e+00
13430	1.671999328816112e+00	1.698243652461744e+00
13449	1.653161676683112e+00	1.659586907437561e+00
13451	1.600286035932112e+00	1.621810097358930e+00
13452	1.537458320371112e+00	1.548816618912481e+00
14209	1.513308785473112e+00	1.513561248436208e+00
14305	1.471783306123612e+00	1.479108388168207e+00
14338	1.433552291297112e+00	1.445439770745927e+00
14378	1.380497902264612e+00	1.412537544622754e+00
14620	1.365840770372612e+00	1.380384264602885e+00
14621	1.307999756808112e+00	1.318256738556407e+00
14631	1.195944837997612e+00	1.202264434617413e+00
14646	1.172045653515112e+00	1.174897554939530e+00
14666	1.025988831535112e+00	1.047128548050900e+00
14671	1.016832050845112e+00	1.023292992280754e+00
15032	9.998948466761121e-01	1.000000000000000e+00
15153	9.757767508051119e-01	9.772372209558107e-01
15184	9.513862889536121e-01	9.549925860214360e-01
17261	9.321624139128363e-01	9.332543007969910e-01
17271	8.125890461339428e-01	8.128305161640993e-01
17276	7.753979369096796e-01	7.762471166286917e-01
17281	7.521697049184206e-01	7.585775750291838e-01
17286	7.323206516431735e-01	7.413102413009175e-01
18247	7.242358693871638e-01	7.244359600749900e-01
18325	6.956191490590112e-01	7.079457843841379e-01
18345	6.895805671957478e-01	6.918309709189365e-01
18347	6.679760508218553e-01	6.760829753919817e-01
19264	5.842974112908279e-01	5.888436553555889e-01
19274	5.300082660335919e-01	5.370317963702527e-01
19279	5.078707038270669e-01	5.128613839913648e-01
19284	4.797636185590424e-01	4.897788193684462e-01
19289	4.540368315397060e-01	4.570881896148750e-01
19294	4.418968694008275e-01	4.466835921509631e-01
22259	4.358436898581263e-01	4.365158322401660e-01
22621	4.241529417210751e-01	4.265795188015927e-01
22653	4.158169785111646e-01	4.168693834703354e-01
22708	4.071921862051732e-01	4.073802778041127e-01
27774	3.481429394876169e-01	3.548133892335755e-01
27779	2.291549133276639e-01	2.344228815319922e-01
27784	2.269240826947750e-01	2.290867652767773e-01
28074	2.134093448989253e-01	2.137962089502232e-01
28330	2.084925614902901e-01	2.089296130854039e-01
28391	2.025974678396958e-01	2.041737944669530e-01
28415	1.964589422853641e-01	1.995262314968880e-01
28442	1.861947963486006e-01	1.862087136662867e-01
28476	1.736882536982897e-01	1.737800828749375e-01
28534	1.691442143351610e-01	1.698243652461744e-01
28536	1.644994843873465e-01	1.659586907437560e-01
28609	1.585871421292293e-01	1.621810097358930e-01
28626	1.584521357467054e-01	1.584893192461113e-01
28645	1.519901207867868e-01	1.548816618912481e-01
28679	1.448488615868202e-01	1.479108388168208e-01
28713	1.359606084241508e-01	1.380384264602885e-01
28734	1.339080137375103e-01	1.348962882591654e-01
28739	1.244167783601597e-01	1.258925411794167e-01
28803	1.221912247971200e-01	1.230268770812381e-01
28804	1.104797744362445e-01	1.122018454301964e-01
28805	5.424682835642380e-02	5.495408738576246e-02
33703	5.005234902483335e-02	5.011872336272722e-02
33708	4.395139682687943e-02	4.466835921509630e-02
33713	4.287342178054065e-02	4.365158322401658e-02
33739	4.264729871001605e-02	4.265795188015926e-02
33763	4.126872572866713e-02	4.168693834703355e-02
33775	3.972194595608058e-02	3.981071705534973e-02
33795	3.671832986782497e-02	3.715352290971726e-02
33816	3.111342832768649e-02	3.162277660168379e-02
33839	2.174786336583112e-02	2.187761623949553e-02
33863	1.123995637181585e-02	1.148153621496883e-02
33895	1.032904800439571e-02	1.047128548050900e-02
33910	1.019836107708383e-02	1.023292992280754e-02
33912	9.905913935799648e-03	1.000000000000000e-02
33913	9.760129343885704e-03	9.772372209558112e-03
34115	9.497552251324426e-03	9.549925860214359e-03
34167	9.067970592193997e-03	9.120108393559097e-03
34197	8.581611187006177e-03	8.709635899560805e-03
34233	7.690889286156577e-03	7.762471166286920e-03
34269	6.419421341395393e-03	6.456542290346556e-03
34303	5.774637673849226e-03	5.888436553555890e-03
34961	5.753762145177421e-03	5.754399373371567e-03
36110	5.623360215728401e-03	5.623413251903491e-03
36863	5.336879636504088e-03	5.370317963702527e-03
36893	4.828953345193954e-03	4.897788193684461e-03
36923	3.974111859135099e-03	3.981071705534973e-03
36953	3.430919529369247e-03	3.467368504525317e-03
37030	3.387827840313107e-03	3.388441561392024e-03
98022	3.079793872513670e-03	3.090295432513592e-03
98065	2.896242436618124e-03	2.951209226666387e-03
98089	2.821442808411789e-03	2.884031503126605e-03
98107	2.752185374438110e-03	2.754228703338166e-03
98145	2.635741567100891e-03	2.691534803926917e-03
98212	2.590882108670534e-03	2.630267991895381e-03
98234	2.552236023800503e-03	2.570395782768865e-03
104464	2.494673932244229e-03	2.511886431509579e-03
104508	2.443882795324925e-03	2.454708915685031e-03
104553	2.397164950166619e-03	2.398832919019490e-03
104660	2.340538081201382e-03	2.344228815319923e-03
104783	2.283469910605129e-03	2.290867652767772e-03
104914	2.237911343604182e-03	2.238721138568340e-03
105007	2.186851291417824e-03	2.187761623949552e-03
105379	2.137800276682977e-03	2.137962089502233e-03
105669	2.088720794859555e-03	2.089296130854039e-03
106445	2.041684014498002e-03	2.041737944669530e-03
200000	2.013210599094317e-03	2.041737944669530e-03
%
% index = 617, name = bbob_f014_i07_d02__bbob_f015_i08_d02
% instance = 3, reference value = 8.130876415344800e-01
% function evaluation | indicator value | target hit
1	3.032208384587748e+01	3.090295432513591e+01
19	3.016381223402998e+01	3.019951720402016e+01
22	2.907121069701148e+01	2.951209226666386e+01
23	2.785500393973198e+01	2.818382931264453e+01
28	2.644314994256498e+01	2.691534803926915e+01
33	2.398379566874598e+01	2.398832919019490e+01
38	2.263985034504348e+01	2.290867652767773e+01
43	2.138363024048898e+01	2.187761623949553e+01
48	2.033364743510648e+01	2.041737944669530e+01
53	1.993997556127198e+01	1.995262314968880e+01
176	1.934251800554048e+01	1.949844599758045e+01
197	1.899869312640598e+01	1.905460717963247e+01
220	1.832509833137648e+01	1.862087136662868e+01
252	1.704089431500998e+01	1.737800828749375e+01
272	1.698163048066848e+01	1.698243652461744e+01
279	1.638269610759148e+01	1.659586907437561e+01
849	1.488147231451448e+01	1.513561248436208e+01
854	1.349945379158548e+01	1.380384264602885e+01
859	1.233620581952348e+01	1.258925411794167e+01
864	1.159611548728448e+01	1.174897554939530e+01
869	1.049015169720048e+01	1.071519305237607e+01
884	1.029983030281998e+01	1.047128548050900e+01
1335	1.022872317080198e+01	1.023292992280754e+01
1410	9.803789795442979e+00	1.000000000000000e+01
1440	9.331181625226479e+00	9.332543007969910e+00
1472	8.432351386685980e+00	8.511380382023766e+00
1492	8.302544051491980e+00	8.317637711026711e+00
1494	7.920971981010981e+00	7.943282347242816e+00
1499	7.538115321256480e+00	7.585775750291837e+00
1571	7.247824031202480e+00	7.413102413009175e+00
1576	6.627973279136480e+00	6.760829753919817e+00
1877	6.595607171246480e+00	6.606934480075959e+00
1882	5.970326859298980e+00	6.025595860743578e+00
1887	5.200398977561480e+00	5.248074602497725e+00
4193	5.118139654514480e+00	5.128613839913648e+00
4224	4.903525070069980e+00	5.011872336272722e+00
4245	4.626701415932980e+00	4.677351412871983e+00
4268	4.104406541027980e+00	4.168693834703354e+00
4295	3.453177451155480e+00	3.467368504525317e+00
4316	3.368042566579980e+00	3.388441561392026e+00
4317	3.284464094947980e+00	3.311311214825911e+00
4322	3.125183194333980e+00	3.162277660168380e+00
4871	2.582792361261980e+00	2.630267991895382e+00
4876	2.281004309231480e+00	2.290867652767773e+00
4881	1.927706419002480e+00	1.949844599758045e+00
4886	1.697163763007980e+00	1.698243652461744e+00
4902	1.623068443751480e+00	1.659586907437561e+00
4912	1.621277607854480e+00	1.621810097358930e+00
5450	1.558148011297480e+00	1.584893192461114e+00
5487	1.506590719004480e+00	1.513561248436208e+00
5506	1.461175731638980e+00	1.479108388168207e+00
5507	1.416643142536480e+00	1.445439770745927e+00
5508	1.330197250105480e+00	1.348962882591654e+00
5767	1.199818982086980e+00	1.202264434617413e+00
5777	9.229230419324800e-01	9.332543007969910e-01
5782	7.395548454556937e-01	7.413102413009175e-01
5788	7.197893645232871e-01	7.244359600749900e-01
5798	6.456396147866522e-01	6.456542290346555e-01
6543	6.261766602425178e-01	6.309573444801932e-01
6549	6.127494632284638e-01	6.165950018614822e-01
6568	5.872235588171341e-01	5.888436553555889e-01
6589	5.414531735890782e-01	5.495408738576245e-01
6613	4.701066622569037e-01	4.786300923226383e-01
6634	4.669432883718229e-01	4.677351412871982e-01
6640	4.381381362956722e-01	4.466835921509631e-01
6671	4.329565825068190e-01	4.365158322401660e-01
6693	4.204920030926165e-01	4.265795188015927e-01
6698	4.036464816756146e-01	4.073802778041127e-01
7293	3.853380431600076e-01	3.890451449942806e-01
7298	3.394970992791038e-01	3.467368504525316e-01
7299	3.344038069048184e-01	3.388441561392025e-01
7309	3.135850382939483e-01	3.162277660168379e-01
8352	3.061467600653149e-01	3.090295432513591e-01
8391	2.960147675594286e-01	3.019951720402016e-01
8412	2.930101903580209e-01	2.951209226666385e-01
8413	2.823255427758898e-01	2.884031503126606e-01
18425	2.755710344223480e-01	2.818382931264454e-01
18430	2.747888139290083e-01	2.754228703338166e-01
18435	2.689609036611285e-01	2.691534803926916e-01
19082	2.617802927967156e-01	2.630267991895382e-01
19105	2.555663613645972e-01	2.570395782768864e-01
19130	2.445432787850977e-01	2.454708915685030e-01
19169	2.258585378410961e-01	2.290867652767773e-01
19196	2.219110136351000e-01	2.238721138568339e-01
35982	2.157596119451143e-01	2.187761623949552e-01
35987	2.074452826055325e-01	2.089296130854039e-01
35992	2.027958546828987e-01	2.041737944669530e-01
35997	1.970884547077778e-01	1.995262314968880e-01
36002	1.717662946254347e-01	1.737800828749375e-01
36008	1.623118519905906e-01	1.659586907437560e-01
36013	1.500465858237027e-01	1.513561248436208e-01
36018	1.389479982054874e-01	1.412537544622754e-01
36023	1.373074886757817e-01	1.380384264602885e-01
36028	1.206595312923271e-01	1.230268770812381e-01
36029	1.178239956524323e-01	1.202264434617413e-01
36034	1.174887284095507e-01	1.174897554939529e-01
36453	1.116071856254510e-01	1.122018454301964e-01
36545	1.095995062200023e-01	1.096478196143185e-01
36548	1.066347168128161e-01	1.071519305237607e-01
36549	1.027564521205101e-01	1.047128548050900e-01
36550	9.738503996920811e-02	9.772372209558107e-02
49203	8.983407090283035e-02	9.120108393559097e-02
49209	8.881675909644937e-02	8.912509381337455e-02
49214	8.694571950628205e-02	8.709635899560805e-02
50193	8.411868030728353e-02	8.511380382023763e-02
50227	7.972688689358765e-02	8.128305161640990e-02
50265	7.283207758090782e-02	7.413102413009177e-02
50286	7.087543895561299e-02	7.244359600749903e-02
50287	6.603851200379285e-02	6.606934480075961e-02
50288	6.050587640452432e-02	6.165950018614822e-02
61923	6.005759735551031e-02	6.025595860743578e-02
62076	5.880419876130627e-02	5.888436553555890e-02
62911	5.741615463632765e-02	5.754399373371569e-02
62970	5.513667740467543e-02	5.623413251903491e-02
62987	5.484010817453733e-02	5.495408738576246e-02
62990	5.226061919898606e-02	5.248074602497726e-02
62991	4.905872173372494e-02	5.011872336272722e-02
62992	4.639238746910590e-02	4.677351412871981e-02
68644	4.535262314506050e-02	4.570881896148749e-02
68654	4.441096207010242e-02	4.466835921509630e-02
68771	4.360683624497852e-02	4.365158322401658e-02
68879	4.254318812952118e-02	4.265795188015926e-02
69881	4.140859043230194e-02	4.168693834703355e-02
69914	4.040990585273541e-02	4.073802778041128e-02
69947	3.925886811412838e-02	3.981071705534973e-02
69966	3.868969888735296e-02	3.890451449942807e-02
69967	3.801876372283364e-02	3.801893963205612e-02
69968	3.692881650867930e-02	3.715352290971726e-02
79992	3.616146981174340e-02	3.630780547701014e-02
80002	3.499563200387157e-02	3.548133892335755e-02
80007	3.467277581042472e-02	3.467368504525317e-02
80027	3.371669077309314e-02	3.388441561392026e-02
80196	3.304687619154434e-02	3.311311214825911e-02
80973	3.224271069255691e-02	3.235936569296283e-02
108356	3.157609975656606e-02	3.162277660168379e-02
109074	2.568768469145721e-02	2.570395782768863e-02
109275	2.221580942525225e-02	2.238721138568340e-02
109306	1.949242822091501e-02	1.949844599758046e-02
110169	1.881250565240677e-02	1.905460717963247e-02
110186	1.858138375048646e-02	1.862087136662868e-02
179338	1.661534488512806e-02	1.698243652461744e-02
179355	1.658447919571682e-02	1.659586907437561e-02
179383	1.487233641000785e-02	1.513561248436208e-02
179399	1.475355894810348e-02	1.479108388168207e-02
179402	1.422916686579689e-02	1.445439770745927e-02
179408	1.410424942830890e-02	1.412537544622754e-02
179446	1.368742006173673e-02	1.380384264602885e-02
184107	1.318388096704615e-02	1.348962882591653e-02
184122	1.318187734845466e-02	1.318256738556407e-02
184171	1.278701191036058e-02	1.288249551693134e-02
184173	1.250629446438145e-02	1.258925411794167e-02
185174	9.646957395933020e-03	9.772372209558112e-03
185215	8.413079814583058e-03	8.511380382023767e-03
185234	8.299600726582534e-03	8.317637711026709e-03
185261	8.027535455710333e-03	8.128305161640995e-03
185279	7.907705581740587e-03	7.943282347242814e-03
197897	7.690911437654657e-03	7.762471166286920e-03
197930	6.751293355704457e-03	6.760829753919818e-03
197973	6.228466755282991e-03	6.309573444801930e-03
198027	6.130095124050716e-03	6.165950018614822e-03
198056	6.004021597422193e-03	6.025595860743574e-03
199272	5.028415418726562e-03	5.128613839913648e-03
199297	4.784526320695703e-03	4.786300923226385e-03
200000	4.747308319052679e-03	4.786300923226385e-03
%
% index = 618, name = bbob_f014_i09_d02__bbob_f015_i10_d02
% instance = 4, reference value = 8.826061008738650e-01
% function evaluation | indicator value | target hit
1	2.371797799983750e+01	2.398832919019490e+01
30	2.328415876922746e+01	2.344228815319923e+01
35	2.216431068965604e+01	2.238721138568340e+01
40	2.184663575525499e+01	2.187761623949553e+01
45	2.040009629718340e+01	2.041737944669530e+01
50	1.894024410820141e+01	1.905460717963247e+01
55	1.754927619972782e+01	1.778279410038923e+01
60	1.734269272295887e+01	1.737800828749375e+01
65	1.660462642496486e+01	1.698243652461744e+01
70	1.536422537742236e+01	1.548816618912481e+01
75	1.441365743969786e+01	1.445439770745927e+01
85	1.387633557063336e+01	1.412537544622754e+01
90	1.280483629286686e+01	1.288249551693134e+01
95	1.225768122308936e+01	1.230268770812382e+01
100	1.197050686998787e+01	1.202264434617413e+01
110	1.173448133885887e+01	1.174897554939530e+01
274	1.136398008083486e+01	1.148153621496883e+01
305	1.104074560721486e+01	1.122018454301964e+01
343	1.043796360329186e+01	1.047128548050900e+01
389	9.718503079423364e+00	9.772372209558107e+00
416	8.813341334963864e+00	8.912509381337454e+00
499	8.609744013771865e+00	8.709635899560805e+00
917	7.925095449928365e+00	7.943282347242816e+00
922	7.557062785746365e+00	7.585775750291837e+00
927	6.860659974574864e+00	6.918309709189364e+00
932	6.177039996625365e+00	6.309573444801933e+00
937	5.976023293513864e+00	6.025595860743578e+00
942	5.672917162214365e+00	5.754399373371569e+00
947	5.575490028199865e+00	5.623413251903491e+00
952	5.019976676291865e+00	5.128613839913648e+00
957	4.467934508255365e+00	4.570881896148751e+00
962	3.942644595982864e+00	3.981071705534972e+00
967	3.736435156454365e+00	3.801893963205611e+00
972	3.470604468422865e+00	3.548133892335755e+00
977	3.289443411043865e+00	3.311311214825911e+00
1002	3.231735289124865e+00	3.235936569296283e+00
1007	3.077579559408365e+00	3.090295432513591e+00
1012	2.789685544389865e+00	2.818382931264454e+00
1017	2.421533798990865e+00	2.454708915685031e+00
1022	2.225235175701365e+00	2.238721138568339e+00
1027	1.937265267267865e+00	1.949844599758045e+00
1032	1.643170743351865e+00	1.659586907437561e+00
1037	1.559171407236365e+00	1.584893192461114e+00
1042	1.481332714186365e+00	1.513561248436208e+00
1047	1.359274076872865e+00	1.380384264602885e+00
1052	1.167822410674865e+00	1.174897554939530e+00
1057	1.146453563452865e+00	1.148153621496883e+00
1581	1.108373181474365e+00	1.122018454301963e+00
1610	1.075178472999365e+00	1.096478196143185e+00
1639	1.011442195220865e+00	1.023292992280754e+00
1677	8.876698337603650e-01	8.912509381337456e-01
1698	8.667536441934534e-01	8.709635899560807e-01
1699	8.458325108010888e-01	8.511380382023764e-01
1704	7.935599232626908e-01	7.943282347242815e-01
1770	7.284816338520962e-01	7.413102413009175e-01
1775	6.670703986537272e-01	6.760829753919817e-01
2674	6.155429192053684e-01	6.165950018614822e-01
2679	5.531349201167537e-01	5.623413251903491e-01
2684	5.397458213508725e-01	5.495408738576245e-01
3291	5.366542409819373e-01	5.370317963702527e-01
3371	5.243447792843027e-01	5.248074602497725e-01
3827	5.124064769227411e-01	5.128613839913648e-01
4123	4.996466932520415e-01	5.011872336272722e-01
4757	4.820754006590586e-01	4.897788193684462e-01
4762	4.115115921601117e-01	4.168693834703354e-01
4767	3.687664618107268e-01	3.715352290971726e-01
4772	3.529290868861140e-01	3.548133892335755e-01
5456	3.460577643103295e-01	3.467368504525316e-01
5507	3.363964101705851e-01	3.388441561392025e-01
10945	3.226572490468762e-01	3.235936569296283e-01
10950	3.087508962758931e-01	3.090295432513591e-01
11805	2.979781916399201e-01	3.019951720402016e-01
11845	2.913642458782718e-01	2.951209226666385e-01
11866	2.862087315559005e-01	2.884031503126606e-01
11867	2.809828031438136e-01	2.818382931264454e-01
11872	2.707299095585810e-01	2.754228703338166e-01
19758	2.628811471562257e-01	2.630267991895382e-01
19788	2.538024048298184e-01	2.570395782768864e-01
20080	2.509989037926239e-01	2.511886431509580e-01
20584	2.431584957780464e-01	2.454708915685030e-01
20819	2.389746345968502e-01	2.398832919019490e-01
20820	2.325796486284433e-01	2.344228815319922e-01
20821	2.182926759669965e-01	2.187761623949552e-01
20836	2.095237671275162e-01	2.137962089502232e-01
21172	2.014866380377948e-01	2.041737944669530e-01
21219	1.988414971982948e-01	1.995262314968880e-01
21542	1.949686748943011e-01	1.949844599758045e-01
21665	1.867128962080115e-01	1.905460717963247e-01
21730	1.853831817039949e-01	1.862087136662867e-01
24834	1.770222578004780e-01	1.778279410038923e-01
25256	1.730418615261748e-01	1.737800828749375e-01
25569	1.697029980072267e-01	1.698243652461744e-01
25585	1.583413727010077e-01	1.584893192461113e-01
26283	1.540669155728506e-01	1.548816618912481e-01
26886	1.501652722525849e-01	1.513561248436208e-01
26905	1.477732084558139e-01	1.479108388168208e-01
26936	1.435539968240573e-01	1.445439770745928e-01
26956	1.403928697861385e-01	1.412537544622754e-01
26957	1.370430775339222e-01	1.380384264602885e-01
26958	1.313966411898928e-01	1.318256738556407e-01
27792	1.264966246131296e-01	1.288249551693134e-01
27882	1.258220760010174e-01	1.258925411794167e-01
28498	1.215548525082768e-01	1.230268770812381e-01
28536	1.177409024341798e-01	1.202264434617413e-01
28556	1.174797145828368e-01	1.174897554939529e-01
28563	1.126750086848396e-01	1.148153621496883e-01
28629	1.114206096152895e-01	1.122018454301964e-01
28634	1.071336167740823e-01	1.071519305237607e-01
29404	1.030839545208266e-01	1.047128548050900e-01
29409	9.555704571979773e-02	9.772372209558107e-02
29414	8.807196581567900e-02	8.912509381337455e-02
29419	8.526331584876945e-02	8.709635899560805e-02
29522	8.507798575507264e-02	8.511380382023763e-02
33778	8.275623034397095e-02	8.317637711026708e-02
33824	8.038338939754419e-02	8.128305161640990e-02
33857	7.796326985714386e-02	7.943282347242814e-02
34020	7.762272229975720e-02	7.762471166286916e-02
40782	7.547317276729948e-02	7.585775750291836e-02
40787	6.965910225965488e-02	7.079457843841380e-02
40851	6.898542636141103e-02	6.918309709189366e-02
40915	6.629574901342061e-02	6.760829753919818e-02
40938	6.571978104776155e-02	6.606934480075961e-02
41227	6.440925967050581e-02	6.456542290346556e-02
41283	6.144748899605323e-02	6.165950018614822e-02
41329	5.972099291791078e-02	6.025595860743578e-02
41359	5.620671541707467e-02	5.623413251903491e-02
41452	4.859657889701341e-02	4.897788193684462e-02
41774	4.277942698854742e-02	4.365158322401658e-02
41779	4.221230394575615e-02	4.265795188015926e-02
41897	4.158875261847350e-02	4.168693834703355e-02
42173	4.061260907570985e-02	4.073802778041128e-02
42591	3.974646364181200e-02	3.981071705534973e-02
42637	3.781836610933875e-02	3.801893963205612e-02
42663	3.578476127336183e-02	3.630780547701014e-02
42704	3.306128756122984e-02	3.311311214825911e-02
42724	3.228055624757853e-02	3.235936569296283e-02
42725	3.142875294753422e-02	3.162277660168379e-02
42726	2.952157822221446e-02	3.019951720402016e-02
42731	2.650595006192857e-02	2.691534803926915e-02
49316	2.628446820499175e-02	2.630267991895381e-02
49430	2.530936671633965e-02	2.570395782768863e-02
49456	2.449166448528362e-02	2.454708915685030e-02
49489	2.375504265721429e-02	2.398832919019490e-02
49974	2.241466497873545e-02	2.290867652767773e-02
50014	2.097290027713283e-02	2.137962089502233e-02
50032	2.085626100303040e-02	2.089296130854040e-02
50035	2.004086077616951e-02	2.041737944669529e-02
50036	1.920391644467145e-02	1.949844599758046e-02
50041	1.699119579730834e-02	1.737800828749375e-02
54593	1.649856186441079e-02	1.659586907437561e-02
54729	1.601366290790962e-02	1.621810097358930e-02
54754	1.556162669716399e-02	1.584893192461113e-02
54779	1.533650434158873e-02	1.548816618912481e-02
55237	1.434116407191155e-02	1.445439770745927e-02
55263	1.307147980115841e-02	1.318256738556407e-02
55298	1.105710965088413e-02	1.122018454301964e-02
55320	1.093431920149790e-02	1.096478196143185e-02
55321	9.365501305929613e-03	9.549925860214359e-03
55643	8.034907977960137e-03	8.128305161640995e-03
55653	7.679663229766542e-03	7.762471166286920e-03
55714	7.581095563404583e-03	7.585775750291836e-03
55822	7.142656443041906e-03	7.244359600749898e-03
55855	6.900377050931161e-03	6.918309709189363e-03
56374	6.749485310316938e-03	6.760829753919818e-03
56416	6.410405089766535e-03	6.456542290346556e-03
56440	6.035781456725564e-03	6.165950018614822e-03
56465	5.528728786704851e-03	5.623413251903491e-03
56496	5.164505157565391e-03	5.248074602497728e-03
56556	5.034824316886954e-03	5.128613839913648e-03
56609	4.957244396191607e-03	5.011872336272725e-03
56681	4.883771439784912e-03	4.897788193684461e-03
65388	4.634366747816032e-03	4.677351412871981e-03
65393	4.513394424339734e-03	4.570881896148752e-03
65403	4.464478744800049e-03	4.466835921509630e-03
65529	4.326733315203612e-03	4.365158322401661e-03
65553	3.927941103618160e-03	3.981071705534973e-03
65583	3.656752602064217e-03	3.715352290971724e-03
65878	3.624852376246546e-03	3.630780547701014e-03
74608	3.469468171429457e-03	3.548133892335753e-03
74639	3.308387664409329e-03	3.311311214825911e-03
83023	3.172231654437474e-03	3.235936569296281e-03
91870	3.161464711019524e-03	3.162277660168379e-03
92916	3.079986835216153e-03	3.090295432513592e-03
92946	2.987119845320962e-03	3.019951720402016e-03
92976	2.856035211405983e-03	2.884031503126605e-03
92999	2.818294712621849e-03	2.818382931264455e-03
94096	2.743981679315000e-03	2.754228703338166e-03
123525	1.802524986993626e-03	1.819700858609983e-03
131324	1.667400989320611e-03	1.698243652461744e-03
131382	1.656671706896651e-03	1.659586907437561e-03
131385	1.592774349013615e-03	1.621810097358930e-03
154607	1.582496426184465e-03	1.584893192461114e-03
172515	1.500275989067323e-03	1.513561248436209e-03
172546	1.452125022643913e-03	1.479108388168207e-03
172579	1.441082398830784e-03	1.445439770745928e-03
172641	1.369687521061036e-03	1.380384264602885e-03
172677	1.319021959355626e-03	1.348962882591653e-03
172735	1.277115392117278e-03	1.288249551693134e-03
172819	1.237795349351867e-03	1.258925411794167e-03
172871	1.214467933120855e-03	1.230268770812381e-03
172932	1.174529470153285e-03	1.174897554939529e-03
172982	1.142802454552783e-03	1.148153621496883e-03
173039	1.119234396701030e-03	1.122018454301963e-03
173152	1.089448102636337e-03	1.096478196143185e-03
173216	1.066425247267078e-03	1.071519305237606e-03
173269	1.034536037395339e-03	1.047128548050900e-03
173291	1.017063739576995e-03	1.023292992280754e-03
173342	9.963358088336260e-04	1.000000000000000e-03
173425	9.623298285753590e-04	9.772372209558111e-04
173447	9.475761156138018e-04	9.549925860214359e-04
173542	9.211471392760462e-04	9.332543007969915e-04
173589	9.069836873187853e-04	9.120108393559096e-04
173674	8.893551476382155e-04	8.912509381337459e-04
173742	8.682036829276152e-04	8.709635899560805e-04
173834	8.431994947205590e-04	8.511380382023768e-04
173948	8.268966782568610e-04	8.317637711026709e-04
174064	8.110698527996618e-04	8.128305161640995e-04
174168	7.864350429827027e-04	7.943282347242813e-04
174233	7.690805484799057e-04	7.762471166286919e-04
174307	7.565975563662564e-04	7.585775750291835e-04
174420	7.404863276182505e-04	7.413102413009177e-04
174611	7.236661484492091e-04	7.244359600749898e-04
174685	7.069916710759072e-04	7.079457843841380e-04
174803	6.898082614785750e-04	6.918309709189362e-04
174882	6.751414850403314e-04	6.760829753919819e-04
174979	6.591582945417729e-04	6.606934480075957e-04
175105	6.417016213655646e-04	6.456542290346556e-04
175169	6.300764471299791e-04	6.309573444801930e-04
175313	6.130500695437080e-04	6.165950018614823e-04
175397	6.012817629357237e-04	6.025595860743575e-04
175533	5.879091084590726e-04	5.888436553555889e-04
175689	5.753506945966880e-04	5.754399373371566e-04
175924	5.614267741237411e-04	5.623413251903491e-04
176072	5.484963302264667e-04	5.495408738576248e-04
176231	5.360761438636397e-04	5.370317963702527e-04
176393	5.230165203370385e-04	5.248074602497728e-04
176635	5.124267537836014e-04	5.128613839913648e-04
176861	5.003736745148313e-04	5.011872336272725e-04
177053	4.888250600908473e-04	4.897788193684461e-04
177242	4.777618560573016e-04	4.786300923226385e-04
177413	4.671149898934912e-04	4.677351412871981e-04
177590	4.568904889757919e-04	4.570881896148752e-04
177780	4.463706571034010e-04	4.466835921509630e-04
178044	4.355882984701243e-04	4.365158322401661e-04
178300	4.257145437190912e-04	4.265795188015926e-04
178518	4.167670956884972e-04	4.168693834703355e-04
178844	4.071443839387401e-04	4.073802778041126e-04
179165	3.980330419169897e-04	3.981071705534974e-04
179466	3.886686791334526e-04	3.890451449942805e-04
179911	3.797200796769040e-04	3.801893963205612e-04
180299	3.714223877744338e-04	3.715352290971724e-04
180661	3.629379379981312e-04	3.630780547701014e-04
181107	3.544884826487404e-04	3.548133892335753e-04
181569	3.467025396259871e-04	3.467368504525317e-04
181970	3.385401898619023e-04	3.388441561392024e-04
182430	3.308521526235175e-04	3.311311214825911e-04
182953	3.234543703972692e-04	3.235936569296281e-04
183487	3.159886715959903e-04	3.162277660168379e-04
184111	3.090239059859723e-04	3.090295432513592e-04
184668	3.019688372346563e-04	3.019951720402016e-04
185347	2.951083302635826e-04	2.951209226666387e-04
186214	2.883218925326947e-04	2.884031503126605e-04
187079	2.817601270783676e-04	2.818382931264455e-04
187931	2.753630191864032e-04	2.754228703338166e-04
188905	2.690755869791950e-04	2.691534803926917e-04
189742	2.629964957667763e-04	2.630267991895381e-04
190828	2.569888847354651e-04	2.570395782768865e-04
192175	2.511525934754122e-04	2.511886431509580e-04
193146	2.454606365097645e-04	2.454708915685031e-04
194705	2.398551362000623e-04	2.398832919019490e-04
196426	2.344066388350052e-04	2.344228815319923e-04
197594	2.290672177274189e-04	2.290867652767772e-04
198812	2.238712114775998e-04	2.238721138568340e-04
200000	2.207636839633986e-04	2.238721138568340e-04
%
% index = 619, name = bbob_f014_i11_d02__bbob_f015_i12_d02
% instance = 5, reference value = 9.802075843308320e-01
% function evaluation | indicator value | target hit
1	5.854850139349738e-01	5.888436553555889e-01
33	5.707529458524585e-01	5.754399373371569e-01
38	5.079515275381759e-01	5.128613839913648e-01
58	4.684874082248197e-01	4.786300923226383e-01
63	4.538540203589380e-01	4.570881896148750e-01
573	4.339788233611926e-01	4.365158322401660e-01
583	4.005556543591757e-01	4.073802778041127e-01
1111	3.948095764328975e-01	3.981071705534972e-01
1112	3.676118562999112e-01	3.715352290971726e-01
1418	3.599403508751099e-01	3.630780547701014e-01
1790	3.486688335915027e-01	3.548133892335755e-01
1791	3.243016443707765e-01	3.311311214825911e-01
2116	3.167259790165591e-01	3.235936569296283e-01
2605	3.158523382775943e-01	3.162277660168379e-01
2831	2.895654992892805e-01	2.951209226666385e-01
2836	2.879652958757444e-01	2.884031503126606e-01
2841	2.774477151336350e-01	2.818382931264454e-01
10665	2.550485451288697e-01	2.570395782768864e-01
10675	2.419950706514484e-01	2.454708915685030e-01
11445	2.289306465959133e-01	2.290867652767773e-01
11446	2.034441410125133e-01	2.041737944669530e-01
11945	1.995140014055312e-01	1.995262314968880e-01
12857	1.678436883683484e-01	1.698243652461744e-01
12872	1.558740919417002e-01	1.584893192461113e-01
12877	1.528490531617182e-01	1.548816618912481e-01
13701	1.326004101218434e-01	1.348962882591654e-01
13949	1.260542553136562e-01	1.288249551693134e-01
14444	1.258617938065216e-01	1.258925411794167e-01
14785	1.144381671978265e-01	1.148153621496883e-01
15052	1.019866508164716e-01	1.023292992280754e-01
15538	9.926117035890003e-02	1.000000000000000e-01
15623	9.610378070606873e-02	9.772372209558107e-02
15644	9.512141872816515e-02	9.549925860214359e-02
15650	9.298040598184143e-02	9.332543007969910e-02
20393	8.598864173293519e-02	8.709635899560805e-02
21022	8.494134524090691e-02	8.511380382023763e-02
21803	6.947542805667839e-02	7.079457843841380e-02
22376	6.909865601406173e-02	6.918309709189366e-02
22528	6.745664556791720e-02	6.760829753919818e-02
22530	6.581464782579016e-02	6.606934480075961e-02
25247	6.450892247453788e-02	6.456542290346556e-02
25333	6.248024781274608e-02	6.309573444801933e-02
31207	6.129994448795129e-02	6.165950018614822e-02
31444	5.875252833831202e-02	5.888436553555890e-02
31476	5.741637014394696e-02	5.754399373371569e-02
31508	5.611495217708706e-02	5.623413251903491e-02
31922	5.487772629290255e-02	5.495408738576246e-02
45126	5.346467007458133e-02	5.370317963702527e-02
45131	5.181147023951616e-02	5.248074602497726e-02
45393	5.027071451031251e-02	5.128613839913648e-02
45409	5.008362326500038e-02	5.011872336272722e-02
47152	4.815262554256006e-02	4.897788193684462e-02
47167	4.766811470893439e-02	4.786300923226382e-02
47861	4.675966613536398e-02	4.677351412871981e-02
47918	4.549708084523896e-02	4.570881896148749e-02
48219	4.395536616216777e-02	4.466835921509630e-02
48664	4.363256642785218e-02	4.365158322401658e-02
48798	4.221008638700829e-02	4.265795188015926e-02
49844	4.129064505339752e-02	4.168693834703355e-02
49849	3.924057863317632e-02	3.981071705534973e-02
50342	3.889719740168751e-02	3.890451449942807e-02
50407	3.801681356261022e-02	3.801893963205612e-02
54473	3.711076891042808e-02	3.715352290971726e-02
54478	3.581361108110970e-02	3.630780547701014e-02
55012	3.533772664051860e-02	3.548133892335755e-02
55063	3.455482150551881e-02	3.467368504525317e-02
55098	3.367189237683887e-02	3.388441561392026e-02
67075	3.192196036558137e-02	3.235936569296283e-02
67662	3.161930940037072e-02	3.162277660168379e-02
67754	3.082131201510485e-02	3.090295432513590e-02
68052	3.015558962789566e-02	3.019951720402016e-02
68058	2.912447525524575e-02	2.951209226666385e-02
68074	2.878985501858877e-02	2.884031503126606e-02
92666	2.818381853203678e-02	2.818382931264454e-02
93415	2.743675019524772e-02	2.754228703338166e-02
93507	2.606436056517181e-02	2.630267991895381e-02
94729	2.564979049218208e-02	2.570395782768863e-02
94796	2.507901149631642e-02	2.511886431509579e-02
94989	2.394055790842897e-02	2.398832919019490e-02
95503	2.324444296756789e-02	2.344228815319923e-02
95525	2.269793015494803e-02	2.290867652767773e-02
95764	2.205162293666829e-02	2.238721138568340e-02
96298	2.185648745306745e-02	2.187761623949553e-02
96319	2.105904565214112e-02	2.137962089502233e-02
96324	1.989727479718717e-02	1.995262314968880e-02
100746	1.853804505852907e-02	1.862087136662868e-02
105500	1.818972924537809e-02	1.819700858609984e-02
109581	1.761781909645999e-02	1.778279410038923e-02
109688	1.735719872368968e-02	1.737800828749375e-02
128230	1.683075712800752e-02	1.698243652461744e-02
128246	1.616479664787585e-02	1.621810097358930e-02
129091	1.584018074773419e-02	1.584893192461113e-02
129095	1.532580225158153e-02	1.548816618912481e-02
129100	1.500406961031020e-02	1.513561248436208e-02
140336	1.471204018290262e-02	1.479108388168207e-02
140982	1.434112372249308e-02	1.445439770745927e-02
141069	1.388045771755619e-02	1.412537544622754e-02
141088	1.379082957747069e-02	1.380384264602885e-02
141095	1.308058201284834e-02	1.318256738556407e-02
141174	1.277914897655708e-02	1.288249551693134e-02
141278	1.258729109339818e-02	1.258925411794167e-02
193796	1.229966495052970e-02	1.230268770812382e-02
200000	1.222278181976322e-02	1.230268770812382e-02
%
% index = 620, name = bbob_f014_i13_d02__bbob_f015_i14_d02
% instance = 6, reference value = 9.488467612820470e-01
% function evaluation | indicator value | target hit
1	9.859462391497327e+02	1.000000000000000e+03
21	9.754944159981300e+02	9.772372209558112e+02
23	9.445828840263895e+02	9.549925860214360e+02
28	9.237061202674985e+02	9.332543007969915e+02
182	9.071463449118371e+02	9.120108393559096e+02
206	8.910498381185216e+02	8.912509381337459e+02
237	8.591870986302241e+02	8.709635899560806e+02
274	8.431498980780509e+02	8.511380382023768e+02
650	7.948894143188339e+02	8.128305161640995e+02
655	7.538943161776489e+02	7.585775750291835e+02
660	7.182519876156658e+02	7.244359600749899e+02
665	6.936104902947824e+02	7.079457843841381e+02
670	6.634235423918187e+02	6.760829753919819e+02
675	6.546765604066835e+02	6.606934480075957e+02
680	6.449380102241944e+02	6.456542290346556e+02
685	6.178531820943997e+02	6.309573444801930e+02
690	6.028393225781253e+02	6.165950018614822e+02
695	5.684060694685513e+02	5.754399373371566e+02
700	5.337412528931108e+02	5.370317963702527e+02
705	5.038000053111393e+02	5.128613839913648e+02
710	4.815223333986786e+02	4.897788193684461e+02
715	4.676858903337039e+02	4.677351412871981e+02
725	4.546928659669315e+02	4.570881896148752e+02
730	4.404060150852284e+02	4.466835921509630e+02
735	4.364448781260851e+02	4.365158322401661e+02
1177	4.252006861693395e+02	4.265795188015925e+02
1219	4.108225584851886e+02	4.168693834703355e+02
1248	3.921084059761192e+02	3.981071705534973e+02
1270	3.884640455503662e+02	3.890451449942805e+02
1271	3.758159362637037e+02	3.801893963205613e+02
1477	3.638272544505517e+02	3.715352290971724e+02
1482	3.400375409181986e+02	3.467368504525317e+02
1487	3.177713654344214e+02	3.235936569296281e+02
1492	3.003795804229129e+02	3.019951720402016e+02
1497	2.868046683300622e+02	2.884031503126606e+02
1502	2.730778305346829e+02	2.754228703338166e+02
1507	2.668501382918770e+02	2.691534803926917e+02
1512	2.605779226118268e+02	2.630267991895382e+02
1517	2.458054242346980e+02	2.511886431509580e+02
1522	2.422015333849046e+02	2.454708915685031e+02
2118	2.385962246735706e+02	2.398832919019490e+02
2157	2.339856701904139e+02	2.344228815319923e+02
2160	2.261064673534400e+02	2.290867652767772e+02
2341	2.210765595124700e+02	2.238721138568340e+02
2351	2.028407072345807e+02	2.041737944669530e+02
2356	1.855655412973568e+02	1.862087136662867e+02
2361	1.739242882432929e+02	1.778279410038923e+02
2366	1.634850433513683e+02	1.659586907437561e+02
2371	1.600799854024468e+02	1.621810097358930e+02
2376	1.544697497042874e+02	1.548816618912481e+02
2381	1.435198273766474e+02	1.445439770745928e+02
2386	1.391011838007720e+02	1.412537544622754e+02
2391	1.318103542177100e+02	1.318256738556407e+02
2396	1.196660946740158e+02	1.202264434617413e+02
2401	1.085594400553033e+02	1.096478196143185e+02
2406	9.962413370417062e+01	1.000000000000000e+02
2411	9.328981466689477e+01	9.332543007969910e+01
2426	9.084120816028287e+01	9.120108393559097e+01
2952	8.902979404183316e+01	8.912509381337455e+01
3035	8.645355761316505e+01	8.709635899560806e+01
3120	8.468161892996513e+01	8.511380382023764e+01
3181	8.037277990311524e+01	8.128305161640991e+01
3225	7.521817766998549e+01	7.585775750291836e+01
3269	6.677424027340484e+01	6.760829753919819e+01
3292	6.445357397325544e+01	6.456542290346556e+01
3297	6.189336737870348e+01	6.309573444801933e+01
3695	5.901514832497480e+01	6.025595860743578e+01
3700	5.155626597358621e+01	5.248074602497726e+01
3705	4.958220882015975e+01	5.011872336272722e+01
3710	4.706315638938977e+01	4.786300923226383e+01
3715	4.121078580023790e+01	4.168693834703355e+01
3720	4.010792967522217e+01	4.073802778041128e+01
3725	3.799566654904989e+01	3.801893963205612e+01
6742	3.699210538348264e+01	3.715352290971726e+01
6779	3.554658802455454e+01	3.630780547701014e+01
6802	3.367655056224519e+01	3.388441561392025e+01
6821	3.307685202619899e+01	3.311311214825911e+01
6823	3.131731034718383e+01	3.162277660168379e+01
6824	2.907137003499193e+01	2.951209226666386e+01
7043	2.631697205277127e+01	2.691534803926915e+01
7048	2.300921565134995e+01	2.344228815319923e+01
7053	2.124561573742170e+01	2.137962089502232e+01
7058	1.883694756297162e+01	1.905460717963247e+01
7063	1.658420711434630e+01	1.659586907437561e+01
7068	1.499948324367093e+01	1.513561248436208e+01
7083	1.434446357612599e+01	1.445439770745927e+01
7088	1.374249097241230e+01	1.380384264602885e+01
7094	1.347513318082599e+01	1.348962882591653e+01
7104	1.314804233071994e+01	1.318256738556407e+01
7114	1.279304396550520e+01	1.288249551693134e+01
7124	1.233599598407957e+01	1.258925411794167e+01
7129	1.060648574897717e+01	1.071519305237607e+01
7134	9.230117080527329e+00	9.332543007969910e+00
7139	8.817514987576001e+00	8.912509381337454e+00
7144	8.575307604878326e+00	8.709635899560805e+00
7149	8.383063490265691e+00	8.511380382023766e+00
7159	8.153966833950356e+00	8.317637711026711e+00
7174	8.117147249817332e+00	8.128305161640993e+00
18955	7.937375457918967e+00	7.943282347242816e+00
18960	7.646199591807715e+00	7.762471166286917e+00
18965	6.924711141440164e+00	7.079457843841379e+00
18970	6.850960490582551e+00	6.918309709189364e+00
18975	6.708286669439871e+00	6.760829753919817e+00
18980	6.563102880794223e+00	6.606934480075959e+00
19985	6.450583029183098e+00	6.456542290346556e+00
19987	6.268174690796066e+00	6.309573444801933e+00
19988	5.961839665367135e+00	6.025595860743578e+00
19993	5.740929041899086e+00	5.754399373371569e+00
20279	5.605718157930828e+00	5.623413251903491e+00
20294	5.495034140412542e+00	5.495408738576246e+00
24613	5.231535049316135e+00	5.248074602497725e+00
24618	4.635506977476008e+00	4.677351412871983e+00
32875	4.428954419803095e+00	4.466835921509632e+00
32880	3.870799924525866e+00	3.890451449942806e+00
32885	3.794216672667372e+00	3.801893963205611e+00
33462	3.681659234699982e+00	3.715352290971725e+00
33467	3.498610035869338e+00	3.548133892335755e+00
33524	3.222944585880547e+00	3.235936569296283e+00
33529	3.094942267686414e+00	3.162277660168380e+00
47556	3.065836031698121e+00	3.090295432513591e+00
47561	2.940952933457393e+00	2.951209226666386e+00
47566	2.388589146750909e+00	2.398832919019490e+00
47571	2.098477915892943e+00	2.137962089502232e+00
47576	2.045405684639533e+00	2.089296130854040e+00
47581	2.022990806842193e+00	2.041737944669529e+00
48407	1.988408523733590e+00	1.995262314968880e+00
48408	1.947180186609633e+00	1.949844599758045e+00
48409	1.844551044898563e+00	1.862087136662868e+00
48681	1.750290810582202e+00	1.778279410038923e+00
48682	1.622573203842047e+00	1.659586907437561e+00
48687	1.619043344101547e+00	1.621810097358930e+00
48697	1.582741903603047e+00	1.584893192461114e+00
50540	1.540483963487047e+00	1.548816618912481e+00
50567	1.511772097100970e+00	1.513561248436208e+00
50622	1.472807141227384e+00	1.479108388168207e+00
50677	1.426111054288687e+00	1.445439770745927e+00
50678	1.366147481281946e+00	1.380384264602885e+00
50679	1.286351241127047e+00	1.288249551693134e+00
50680	1.158799327169547e+00	1.174897554939530e+00
50946	1.128150599707047e+00	1.148153621496883e+00
50951	1.121335555251547e+00	1.122018454301963e+00
51442	1.082462408262547e+00	1.096478196143185e+00
51475	1.044284315401047e+00	1.047128548050900e+00
51514	1.003302878289547e+00	1.023292992280754e+00
51641	9.703409343285470e-01	9.772372209558107e-01
51646	8.991956355545838e-01	9.120108393559098e-01
53706	8.857254631621586e-01	8.912509381337456e-01
54476	7.305489534572782e-01	7.413102413009175e-01
54658	7.165682595603909e-01	7.244359600749900e-01
54663	7.023578581482018e-01	7.079457843841379e-01
55488	6.899527983562734e-01	6.918309709189365e-01
56289	5.317904255269361e-01	5.370317963702527e-01
56294	4.450065763427739e-01	4.466835921509631e-01
56299	1.409976251318202e-01	1.412537544622754e-01
56933	1.375977214308292e-01	1.380384264602885e-01
56953	1.346899246199247e-01	1.348962882591654e-01
56975	1.291299787202798e-01	1.318256738556407e-01
56999	1.190879900622404e-01	1.202264434617413e-01
57030	1.047298371227674e-01	1.071519305237607e-01
57044	1.046987252651341e-01	1.047128548050900e-01
57082	1.014088812051206e-01	1.023292992280754e-01
57111	9.969163818405824e-02	1.000000000000000e-01
57164	9.711713609087924e-02	9.772372209558107e-02
66133	9.503965685452076e-02	9.549925860214359e-02
66151	9.189374776599446e-02	9.332543007969910e-02
66169	8.775609388272054e-02	8.912509381337455e-02
66188	7.970402049760805e-02	8.128305161640990e-02
66210	6.458360675226138e-02	6.606934480075961e-02
66233	3.900318454635088e-02	3.981071705534973e-02
66263	9.618421838387459e-03	9.772372209558112e-03
66299	6.979814273245233e-03	7.079457843841380e-03
66312	6.869515295077955e-03	6.918309709189363e-03
66314	6.579834441149179e-03	6.606934480075957e-03
66315	6.290341393563770e-03	6.309573444801930e-03
66316	6.046649475471844e-03	6.165950018614822e-03
66317	6.024640756018829e-03	6.025595860743574e-03
66322	5.698303201535970e-03	5.754399373371567e-03
66327	5.505867568608380e-03	5.623413251903491e-03
66356	5.350499012465981e-03	5.370317963702527e-03
119925	5.161928640992186e-03	5.248074602497728e-03
121679	5.092268010072898e-03	5.128613839913648e-03
121680	4.903461478606541e-03	5.011872336272725e-03
121681	4.349877246835443e-03	4.365158322401661e-03
121682	4.049582606727609e-03	4.073802778041126e-03
121718	3.980725134942076e-03	3.981071705534973e-03
121988	3.887152632034763e-03	3.890451449942805e-03
124361	3.563032015899692e-03	3.630780547701014e-03
124389	3.275485416144752e-03	3.311311214825911e-03
124424	3.124324146652979e-03	3.162277660168379e-03
124493	3.088689413322188e-03	3.090295432513592e-03
126543	2.638703130926512e-03	2.691534803926917e-03
126575	2.308302117798089e-03	2.344228815319923e-03
126597	1.948840878295499e-03	1.949844599758046e-03
126705	1.819894025911983e-03	1.862087136662868e-03
126729	1.719126953118044e-03	1.737800828749376e-03
126803	1.639547758814031e-03	1.659586907437561e-03
126825	1.551368681015575e-03	1.584893192461114e-03
126855	1.461177756793886e-03	1.479108388168207e-03
126910	1.401223508055272e-03	1.412537544622754e-03
126930	1.335520272307877e-03	1.348962882591653e-03
126962	1.262576848389152e-03	1.288249551693134e-03
127026	1.204572192486708e-03	1.230268770812381e-03
127043	1.148277990953184e-03	1.174897554939529e-03
127061	1.115687930550946e-03	1.122018454301963e-03
127081	1.084348896770226e-03	1.096478196143185e-03
127102	1.053152889138653e-03	1.071519305237606e-03
127123	1.022577001799641e-03	1.023292992280754e-03
127143	9.942457133083060e-04	1.000000000000000e-03
127280	9.589915100927104e-04	9.772372209558111e-04
127302	9.375779210544222e-04	9.549925860214359e-04
127323	9.220400595112421e-04	9.332543007969915e-04
127362	8.950897880116715e-04	9.120108393559096e-04
127384	8.716184141253080e-04	8.912509381337459e-04
127403	8.490579087785388e-04	8.511380382023768e-04
127426	8.288578836812555e-04	8.317637711026709e-04
127450	8.074719279668185e-04	8.128305161640995e-04
127528	7.862238574183333e-04	7.943282347242813e-04
127574	7.695238391952630e-04	7.762471166286919e-04
127592	7.469121461785022e-04	7.585775750291835e-04
127663	7.291734395250549e-04	7.413102413009177e-04
127710	7.113897248599566e-04	7.244359600749898e-04
127716	7.061860116645002e-04	7.079457843841380e-04
127751	6.904067846743578e-04	6.918309709189362e-04
127763	6.726318563499145e-04	6.760829753919819e-04
127775	6.577704610141177e-04	6.606934480075957e-04
127800	6.438437993179225e-04	6.456542290346556e-04
127840	6.289080018059279e-04	6.309573444801930e-04
128030	6.073888659340332e-04	6.165950018614823e-04
128155	5.948217543423340e-04	6.025595860743575e-04
128173	5.829383721048798e-04	5.888436553555889e-04
128209	5.714409459305347e-04	5.754399373371566e-04
128247	5.552960654336969e-04	5.623413251903491e-04
128266	5.474913651457580e-04	5.495408738576248e-04
128304	5.318711428925482e-04	5.370317963702527e-04
128322	5.240912105703988e-04	5.248074602497728e-04
128360	5.086467088653013e-04	5.128613839913648e-04
128400	4.960258616806268e-04	5.011872336272725e-04
128439	4.890066228290246e-04	4.897788193684461e-04
128521	4.732618348853856e-04	4.786300923226385e-04
128541	4.671104442149909e-04	4.677351412871981e-04
128579	4.551382830284556e-04	4.570881896148752e-04
128614	4.434539196878085e-04	4.466835921509630e-04
128652	4.316488955340425e-04	4.365158322401661e-04
128673	4.261606056907841e-04	4.265795188015926e-04
128748	4.152353763532401e-04	4.168693834703355e-04
128780	4.051415233536915e-04	4.073802778041126e-04
128878	3.938814596198270e-04	3.981071705534974e-04
128912	3.868090639724819e-04	3.890451449942805e-04
128951	3.780056288574807e-04	3.801893963205612e-04
128958	3.701747085900209e-04	3.715352290971724e-04
128989	3.613485274983619e-04	3.630780547701014e-04
129066	3.538938321147045e-04	3.548133892335753e-04
129106	3.435865340528643e-04	3.467368504525317e-04
129145	3.367342707868426e-04	3.388441561392024e-04
129204	3.296841222283353e-04	3.311311214825911e-04
129245	3.233205013880580e-04	3.235936569296281e-04
129337	3.160336192353785e-04	3.162277660168379e-04
129453	3.085606993559198e-04	3.090295432513592e-04
129493	3.018902571048088e-04	3.019951720402016e-04
129554	2.945121809400097e-04	2.951209226666387e-04
129622	2.865223951484808e-04	2.884031503126605e-04
129669	2.806660319073506e-04	2.818382931264455e-04
129715	2.748383554147527e-04	2.754228703338166e-04
129754	2.690326587152514e-04	2.691534803926917e-04
129808	2.628157200381676e-04	2.630267991895381e-04
129950	2.558183783891721e-04	2.570395782768865e-04
130223	2.501817407890572e-04	2.511886431509580e-04
130261	2.453654213678824e-04	2.454708915685031e-04
130344	2.391525573579578e-04	2.398832919019490e-04
130398	2.331473508767612e-04	2.344228815319923e-04
130441	2.288458148422823e-04	2.290867652767772e-04
130511	2.226928324458033e-04	2.238721138568340e-04
130555	2.184317418421067e-04	2.187761623949552e-04
130645	2.131803166448565e-04	2.137962089502232e-04
130700	2.083226784310721e-04	2.089296130854039e-04
130784	2.039181364101861e-04	2.041737944669530e-04
130830	1.985917729956377e-04	1.995262314968879e-04
130926	1.947799072297141e-04	1.949844599758046e-04
130942	1.897483534786248e-04	1.905460717963246e-04
130946	1.860949610826834e-04	1.862087136662868e-04
131025	1.814903467106666e-04	1.819700858609983e-04
131124	1.778124674399750e-04	1.778279410038923e-04
131187	1.735740278001607e-04	1.737800828749376e-04
131254	1.690338579350970e-04	1.698243652461744e-04
131419	1.657743332400541e-04	1.659586907437562e-04
131453	1.619379811895749e-04	1.621810097358930e-04
131555	1.584753863654864e-04	1.584893192461114e-04
131663	1.548562195461400e-04	1.548816618912481e-04
131798	1.513153400722889e-04	1.513561248436209e-04
131805	1.478134164102363e-04	1.479108388168207e-04
131824	1.440901143038298e-04	1.445439770745928e-04
131830	1.411775818724870e-04	1.412537544622754e-04
131847	1.377905187250894e-04	1.380384264602885e-04
131951	1.344569488872516e-04	1.348962882591653e-04
131997	1.317616863220072e-04	1.318256738556407e-04
132094	1.286453554892875e-04	1.288249551693134e-04
132153	1.256771100718312e-04	1.258925411794167e-04
132182	1.228899123451033e-04	1.230268770812381e-04
132212	1.202180109843853e-04	1.202264434617413e-04
132295	1.172003755048889e-04	1.174897554939529e-04
132392	1.145323884048643e-04	1.148153621496883e-04
132498	1.120126095713880e-04	1.122018454301963e-04
132575	1.094146570688181e-04	1.096478196143185e-04
132648	1.068901673777489e-04	1.071519305237606e-04
132740	1.045628119588082e-04	1.047128548050900e-04
132827	1.022111831392447e-04	1.023292992280754e-04
132922	9.986903156888882e-05	1.000000000000000e-04
132973	9.759413339738288e-05	9.772372209558111e-05
132996	9.547191912595565e-05	9.549925860214369e-05
133054	9.331511776333734e-05	9.332543007969905e-05
133113	9.118829506338244e-05	9.120108393559096e-05
133296	8.897689110098916e-05	8.912509381337459e-05
133410	8.698491151537535e-05	8.709635899560814e-05
133540	8.496829957282959e-05	8.511380382023759e-05
133735	8.302050448638632e-05	8.317637711026709e-05
133850	8.115594002000570e-05	8.128305161640995e-05
133953	7.941724445814646e-05	7.943282347242822e-05
134011	7.756238966549756e-05	7.762471166286911e-05
134062	7.579114148914545e-05	7.585775750291836e-05
134082	7.402081187990461e-05	7.413102413009176e-05
134107	7.240447889922397e-05	7.244359600749906e-05
134121	7.071246072531956e-05	7.079457843841373e-05
134202	6.910201101550939e-05	6.918309709189363e-05
134284	6.750837307911706e-05	6.760829753919819e-05
134386	6.597157117516073e-05	6.606934480075965e-05
134414	6.453176514420456e-05	6.456542290346549e-05
134429	6.307442528019624e-05	6.309573444801929e-05
134485	6.160876474037291e-05	6.165950018614822e-05
134539	6.020356642089109e-05	6.025595860743581e-05
134614	5.884374941023118e-05	5.888436553555884e-05
134637	5.753029714650193e-05	5.754399373371566e-05
134688	5.622091057511103e-05	5.623413251903491e-05
134727	5.490760328541455e-05	5.495408738576248e-05
134863	5.366720894783850e-05	5.370317963702532e-05
135063	5.245914447871147e-05	5.248074602497723e-05
135121	5.123134844620125e-05	5.128613839913648e-05
135333	5.006320332257008e-05	5.011872336272725e-05
135445	4.897215554622303e-05	4.897788193684466e-05
135494	4.783383426487653e-05	4.786300923226380e-05
135586	4.674986313102369e-05	4.677351412871981e-05
135799	4.568647411851146e-05	4.570881896148752e-05
135959	4.463583233549340e-05	4.466835921509635e-05
136027	4.363025132236853e-05	4.365158322401657e-05
136167	4.262032542290406e-05	4.265795188015926e-05
136689	4.165884529527819e-05	4.168693834703355e-05
136810	4.072916432051876e-05	4.073802778041130e-05
136851	3.980879823717309e-05	3.981071705534969e-05
136893	3.889894126030136e-05	3.890451449942805e-05
136945	3.800270913789650e-05	3.801893963205612e-05
136974	3.714693712864037e-05	3.715352290971728e-05
137002	3.630109903041134e-05	3.630780547701010e-05
137094	3.547779161983122e-05	3.548133892335753e-05
137169	3.466746408886667e-05	3.467368504525317e-05
137401	3.387811236887917e-05	3.388441561392028e-05
137506	3.308856788886150e-05	3.311311214825908e-05
137544	3.235095544040778e-05	3.235936569296281e-05
137595	3.160938838142613e-05	3.162277660168380e-05
137661	3.088441384990759e-05	3.090295432513592e-05
137744	3.019897759670709e-05	3.019951720402019e-05
137829	2.950739504614663e-05	2.951209226666384e-05
137911	2.883760819083481e-05	2.884031503126606e-05
137956	2.817010707911738e-05	2.818382931264455e-05
138066	2.753835776148073e-05	2.754228703338169e-05
138301	2.691147654310111e-05	2.691534803926914e-05
138495	2.630231331313126e-05	2.630267991895381e-05
138626	2.569623829618006e-05	2.570395782768864e-05
138675	2.511833355212101e-05	2.511886431509582e-05
138767	2.454403099005908e-05	2.454708915685029e-05
138878	2.397624830008382e-05	2.398832919019490e-05
138926	2.343345894750826e-05	2.344228815319923e-05
139045	2.290370916935291e-05	2.290867652767775e-05
139240	2.238498909201692e-05	2.238721138568338e-05
139520	2.187360574124053e-05	2.187761623949552e-05
139849	2.137923812950415e-05	2.137962089502232e-05
140017	2.088844237346787e-05	2.089296130854041e-05
140155	2.041669434593718e-05	2.041737944669527e-05
140219	1.994494818224890e-05	1.995262314968879e-05
140281	1.949644049670241e-05	1.949844599758046e-05
140391	1.904932406071591e-05	1.905460717963248e-05
140449	1.861960759663717e-05	1.862087136662866e-05
140633	1.819528848123753e-05	1.819700858609983e-05
141357	1.778215591219379e-05	1.778279410038923e-05
141550	1.737598372697491e-05	1.737800828749376e-05
141692	1.697847076731485e-05	1.698243652461746e-05
141803	1.659442885582063e-05	1.659586907437560e-05
141940	1.621500508830476e-05	1.621810097358930e-05
142118	1.584842659274610e-05	1.584893192461114e-05
142239	1.548461930200862e-05	1.548816618912483e-05
142442	1.513160554522663e-05	1.513561248436207e-05
142541	1.478747972838423e-05	1.479108388168207e-05
142655	1.445175563385970e-05	1.445439770745928e-05
142835	1.410750281616302e-05	1.412537544622755e-05
146967	1.380284959862088e-05	1.380384264602884e-05
147095	1.348759482333595e-05	1.348962882591653e-05
147234	1.318219455004321e-05	1.318256738556407e-05
147405	1.288243824781876e-05	1.288249551693135e-05
147630	1.258607402132572e-05	1.258925411794166e-05
147843	1.230015469977364e-05	1.230268770812381e-05
147978	1.202203094696763e-05	1.202264434617413e-05
148183	1.174839906969982e-05	1.174897554939530e-05
148610	1.148076576962254e-05	1.148153621496882e-05
149635	1.121999154840569e-05	1.122018454301963e-05
150528	1.096360737906643e-05	1.096478196143185e-05
150921	1.071352078751975e-05	1.071519305237607e-05
151097	1.046972994400708e-05	1.047128548050899e-05
151262	1.023257687915446e-05	1.023292992280754e-05
151386	9.999043002917318e-06	1.000000000000000e-05
151551	9.771396858759829e-06	9.772372209558111e-06
152171	9.548608268183933e-06	9.549925860214369e-06
152350	9.332171445386450e-06	9.332543007969906e-06
152601	9.119439661864348e-06	9.120108393559096e-06
200000	9.038370692993070e-06	9.120108393559096e-06
%
% index = 621, name = bbob_f014_i15_d02__bbob_f015_i16_d02
% instance = 7, reference value = 9.736564200192130e-01
% function evaluation | indicator value | target hit
1	1.931879309125713e+00	1.949844599758045e+00
21	1.889385798426213e+00	1.905460717963247e+00
22	1.846360434359213e+00	1.862087136662868e+00
23	1.810383053261713e+00	1.819700858609983e+00
28	1.703500793541713e+00	1.737800828749375e+00
43	1.622615276527713e+00	1.659586907437561e+00
48	1.563629672040713e+00	1.584893192461114e+00
53	1.405958033898713e+00	1.412537544622754e+00
58	1.275158210639213e+00	1.288249551693134e+00
63	1.169722705261713e+00	1.174897554939530e+00
68	1.083643273253713e+00	1.096478196143185e+00
73	1.001694400553213e+00	1.023292992280754e+00
78	9.165604018276785e-01	9.332543007969910e-01
83	8.239349357519623e-01	8.317637711026710e-01
103	7.671173634913500e-01	7.762471166286917e-01
108	7.026584753200265e-01	7.079457843841379e-01
113	6.609340679158566e-01	6.760829753919817e-01
118	5.875295192350817e-01	5.888436553555889e-01
133	5.070729477612200e-01	5.128613839913648e-01
148	4.670982668519683e-01	4.677351412871982e-01
153	4.554338696846236e-01	4.570881896148750e-01
158	4.436573661719220e-01	4.466835921509631e-01
777	4.249574170329172e-01	4.265795188015927e-01
782	4.158552105832738e-01	4.168693834703354e-01
817	3.799793688023378e-01	3.801893963205612e-01
822	3.524406349182322e-01	3.548133892335755e-01
842	3.359494119577069e-01	3.388441561392025e-01
847	3.194068391423607e-01	3.235936569296283e-01
2465	3.080771502178172e-01	3.090295432513591e-01
5298	2.988309597821697e-01	3.019951720402016e-01
5330	2.938266183666516e-01	2.951209226666385e-01
19134	2.883315868039653e-01	2.884031503126606e-01
77780	2.769011791844030e-01	2.818382931264454e-01
78142	2.752726645233677e-01	2.754228703338166e-01
78147	2.676540599640893e-01	2.691534803926916e-01
78152	2.613582835244714e-01	2.630267991895382e-01
78157	2.564189815775587e-01	2.570395782768864e-01
78969	2.511202386582270e-01	2.511886431509580e-01
79053	2.425808700144368e-01	2.454708915685030e-01
79084	2.380050762181687e-01	2.398832919019490e-01
79118	2.333002238707027e-01	2.344228815319922e-01
79123	2.276643190312418e-01	2.290867652767773e-01
79557	2.230642757134110e-01	2.238721138568339e-01
79568	2.180176657646690e-01	2.187761623949552e-01
79578	2.110624976111972e-01	2.137962089502232e-01
80008	2.087399417546841e-01	2.089296130854039e-01
80115	2.014874664183853e-01	2.041737944669530e-01
80622	1.987503961463543e-01	1.995262314968880e-01
80632	1.934906004609745e-01	1.949844599758045e-01
80647	1.903657993713829e-01	1.905460717963247e-01
81519	1.853337185925552e-01	1.862087136662867e-01
81592	1.814701453549301e-01	1.819700858609984e-01
83182	1.770463263307139e-01	1.778279410038923e-01
83759	1.736536578981636e-01	1.737800828749375e-01
84640	1.696604907299577e-01	1.698243652461744e-01
85223	1.657795839327124e-01	1.659586907437560e-01
130953	1.621810057054284e-01	1.621810097358930e-01
146030	1.575175323596361e-01	1.584893192461113e-01
146054	1.491713833196427e-01	1.513561248436208e-01
146093	1.408405583606385e-01	1.412537544622754e-01
146124	1.358894034461605e-01	1.380384264602885e-01
146152	1.311314454471220e-01	1.318256738556407e-01
146196	1.252502025868601e-01	1.258925411794167e-01
146271	1.215777514698109e-01	1.230268770812381e-01
146677	1.140481213577587e-01	1.148153621496883e-01
146682	1.064233941222238e-01	1.071519305237607e-01
146687	1.009391113912879e-01	1.023292992280754e-01
146692	9.738405046149445e-02	9.772372209558107e-02
146697	9.331235642815872e-02	9.332543007969910e-02
147355	9.054596988577357e-02	9.120108393559097e-02
147388	8.611159490201692e-02	8.709635899560805e-02
147733	8.442059900193799e-02	8.511380382023763e-02
147738	7.813140131618113e-02	7.943282347242814e-02
147743	7.176494542240530e-02	7.244359600749903e-02
147748	6.528029132941560e-02	6.606934480075961e-02
147753	6.244509536696607e-02	6.309573444801933e-02
147758	6.078436089428141e-02	6.165950018614822e-02
147763	5.594623135391363e-02	5.623413251903491e-02
147980	5.424047568421586e-02	5.495408738576246e-02
148503	5.273065060129190e-02	5.370317963702527e-02
148542	5.041875678558316e-02	5.128613839913648e-02
148563	4.983229008241330e-02	5.011872336272722e-02
148569	4.709616438997766e-02	4.786300923226382e-02
148647	4.579801690779284e-02	4.677351412871981e-02
148652	4.522625334963859e-02	4.570881896148749e-02
149141	4.465699832590364e-02	4.466835921509630e-02
149841	4.347178171483312e-02	4.365158322401658e-02
149911	4.231795374113034e-02	4.265795188015926e-02
149955	4.139013301523198e-02	4.168693834703355e-02
149985	3.847752242062974e-02	3.890451449942807e-02
150380	3.758851687586529e-02	3.801893963205612e-02
150385	3.622761225195958e-02	3.630780547701014e-02
150395	3.390433852624353e-02	3.467368504525317e-02
150396	3.375293955611125e-02	3.388441561392026e-02
150608	3.305410194925307e-02	3.311311214825911e-02
151004	3.180815992570407e-02	3.235936569296283e-02
151036	3.028603348145986e-02	3.090295432513590e-02
151053	3.018335878867440e-02	3.019951720402016e-02
151065	2.782656193968569e-02	2.818382931264454e-02
151447	2.528140860089478e-02	2.570395782768863e-02
151452	2.233370222545306e-02	2.238721138568340e-02
151457	2.133701721650894e-02	2.137962089502233e-02
151462	1.945981235564886e-02	1.949844599758046e-02
151652	1.895282859501446e-02	1.905460717963247e-02
151969	1.848646116555197e-02	1.862087136662868e-02
152007	1.741745793246141e-02	1.778279410038923e-02
152024	1.735644634128664e-02	1.737800828749375e-02
152027	1.692861085319897e-02	1.698243652461744e-02
152028	1.644099870229099e-02	1.659586907437561e-02
152029	1.552618465165223e-02	1.584893192461113e-02
152034	1.488773066281501e-02	1.513561248436208e-02
152371	1.462246186754834e-02	1.479108388168207e-02
152376	1.416548733506273e-02	1.445439770745927e-02
152496	1.412085512288197e-02	1.412537544622754e-02
152587	1.379492589516162e-02	1.380384264602885e-02
152958	1.339992306523996e-02	1.348962882591653e-02
152990	1.308105892274469e-02	1.318256738556407e-02
153029	1.256621002849589e-02	1.258925411794167e-02
153051	1.225507912227086e-02	1.230268770812382e-02
153056	1.161911779590730e-02	1.174897554939530e-02
153067	1.112165739469151e-02	1.122018454301964e-02
153176	1.075219227291191e-02	1.096478196143185e-02
153668	1.070985676596314e-02	1.071519305237606e-02
154149	1.032699833693396e-02	1.047128548050900e-02
154189	1.008669734167766e-02	1.023292992280754e-02
154211	9.960496119373552e-03	1.000000000000000e-02
154216	9.452164789111372e-03	9.549925860214359e-03
154228	9.244186181319725e-03	9.332543007969915e-03
154580	9.104501417733224e-03	9.120108393559097e-03
154971	8.904618923329055e-03	8.912509381337459e-03
155087	8.686107334040405e-03	8.709635899560805e-03
155161	8.284533174994668e-03	8.317637711026709e-03
155246	8.093626045181379e-03	8.128305161640995e-03
155728	7.941314008345191e-03	7.943282347242814e-03
158204	7.423876487823167e-03	7.585775750291836e-03
158214	7.392245673316755e-03	7.413102413009177e-03
158723	7.238798431713822e-03	7.244359600749898e-03
162278	6.854340959775662e-03	6.918309709189363e-03
162516	6.760088967827316e-03	6.760829753919818e-03
163095	6.513591768476101e-03	6.606934480075957e-03
163225	6.317691830422412e-03	6.456542290346556e-03
163677	6.309314766368201e-03	6.309573444801930e-03
164268	6.157291713336566e-03	6.165950018614822e-03
164737	6.015115092744217e-03	6.025595860743574e-03
165299	5.821622065821930e-03	5.888436553555890e-03
165300	5.718433887618390e-03	5.754399373371567e-03
166195	5.617786588240636e-03	5.623413251903491e-03
166623	5.466434676178467e-03	5.495408738576248e-03
166629	5.365788084433887e-03	5.370317963702527e-03
167336	5.196238075634518e-03	5.248074602497728e-03
167337	5.120140002056628e-03	5.128613839913648e-03
168215	5.000524256085881e-03	5.011872336272725e-03
168484	4.885691855399110e-03	4.897788193684461e-03
169201	4.775621733592139e-03	4.786300923226385e-03
169773	4.668278814427884e-03	4.677351412871981e-03
170527	4.565044996634460e-03	4.570881896148752e-03
177158	4.466175011493712e-03	4.466835921509630e-03
178478	4.365079317685816e-03	4.365158322401661e-03
200000	4.310616430540315e-03	4.365158322401661e-03
%
% index = 622, name = bbob_f014_i17_d02__bbob_f015_i18_d02
% instance = 8, reference value = 9.172706137748740e-01
% function evaluation | indicator value | target hit
1	4.324868800054674e-01	4.365158322401660e-01
153	4.257844284699958e-01	4.265795188015927e-01
206	4.134270258498705e-01	4.168693834703354e-01
243	3.989514213022043e-01	4.073802778041127e-01
287	3.743571201507383e-01	3.801893963205612e-01
309	3.642450048206569e-01	3.715352290971726e-01
310	3.436881366153693e-01	3.467368504525316e-01
490	3.098875362410551e-01	3.162277660168379e-01
495	2.710410974431586e-01	2.754228703338166e-01
500	2.587845749719119e-01	2.630267991895382e-01
505	2.569682699395682e-01	2.570395782768864e-01
730	2.498994138019417e-01	2.511886431509580e-01
1317	2.438594554048078e-01	2.454708915685030e-01
1342	2.398718717254289e-01	2.398832919019490e-01
1373	2.336549017000540e-01	2.344228815319922e-01
1396	2.281459942993214e-01	2.290867652767773e-01
2318	2.238197311217953e-01	2.238721138568339e-01
109879	2.153404708662091e-01	2.187761623949552e-01
110390	2.128744133523898e-01	2.137962089502232e-01
110481	2.081060318358360e-01	2.089296130854039e-01
110574	2.028282889008097e-01	2.041737944669530e-01
110579	1.988783549012486e-01	1.995262314968880e-01
112663	1.942263448933009e-01	1.949844599758045e-01
112769	1.892717164524601e-01	1.905460717963247e-01
129860	1.819765843463049e-01	1.862087136662867e-01
129865	1.796729570609792e-01	1.819700858609984e-01
130397	1.778204671319535e-01	1.778279410038923e-01
130533	1.736231370968107e-01	1.737800828749375e-01
141177	1.660549993180243e-01	1.698243652461744e-01
141182	1.652469909461328e-01	1.659586907437560e-01
141192	1.618557110176793e-01	1.621810097358930e-01
141824	1.582062796485834e-01	1.584893192461113e-01
146501	1.532455078061423e-01	1.548816618912481e-01
146506	1.489142517288224e-01	1.513561248436208e-01
147228	1.478822819384419e-01	1.479108388168208e-01
171246	1.417963477226392e-01	1.445439770745928e-01
171256	1.410224945234895e-01	1.412537544622754e-01
172010	1.365664213314645e-01	1.380384264602885e-01
184803	1.348433076174673e-01	1.348962882591654e-01
184898	1.313612845176015e-01	1.318256738556407e-01
184919	1.284979756420080e-01	1.288249551693134e-01
184920	1.258840685713859e-01	1.258925411794167e-01
187494	1.221192201938740e-01	1.230268770812381e-01
195208	1.200878095665248e-01	1.202264434617413e-01
195213	1.171948417931586e-01	1.174897554939529e-01
195218	1.129751287277728e-01	1.148153621496883e-01
195617	1.121937408674332e-01	1.122018454301964e-01
196193	1.088642421745425e-01	1.096478196143185e-01
200000	1.073454003345117e-01	1.096478196143185e-01
%
% index = 623, name = bbob_f014_i19_d02__bbob_f015_i21_d02
% instance = 9, reference value = 9.669542429195770e-01
% function evaluation | indicator value | target hit
1	2.605123791923577e+00	2.630267991895382e+00
21	2.570024069782577e+00	2.570395782768863e+00
23	2.466595415503077e+00	2.511886431509580e+00
28	2.348997845887577e+00	2.398832919019490e+00
33	2.187921251254077e+00	2.238721138568339e+00
38	2.081133472650077e+00	2.089296130854040e+00
43	1.952760541894077e+00	1.995262314968880e+00
48	1.892338183492577e+00	1.905460717963247e+00
174	1.859840935172577e+00	1.862087136662868e+00
227	1.770406373916077e+00	1.778279410038923e+00
263	1.655843211650577e+00	1.659586907437561e+00
300	1.505615523369077e+00	1.513561248436208e+00
325	1.449629583657577e+00	1.479108388168207e+00
332	1.419107608797577e+00	1.445439770745927e+00
612	1.366364403848577e+00	1.380384264602885e+00
617	1.262391884212577e+00	1.288249551693134e+00
622	1.153970521100077e+00	1.174897554939530e+00
627	1.068928584984077e+00	1.071519305237606e+00
632	9.920931795440771e-01	1.000000000000000e+00
637	9.488028729042534e-01	9.549925860214360e-01
1190	9.309762305361849e-01	9.332543007969910e-01
1250	8.998287787035418e-01	9.120108393559098e-01
1273	8.676934944040846e-01	8.709635899560807e-01
1297	8.274129449694033e-01	8.317637711026710e-01
1318	8.096545951060750e-01	8.128305161640993e-01
1319	7.903396441323445e-01	7.943282347242815e-01
1387	7.709256208158257e-01	7.762471166286917e-01
1626	7.441647941974214e-01	7.585775750291838e-01
1631	7.040514833436898e-01	7.079457843841379e-01
1641	6.814848376669959e-01	6.918309709189365e-01
2400	6.739564459230007e-01	6.760829753919817e-01
2446	6.581588158746520e-01	6.606934480075960e-01
2477	6.397560187830188e-01	6.456542290346555e-01
2510	6.170626062550941e-01	6.309573444801932e-01
2527	6.165057845013582e-01	6.165950018614822e-01
2541	5.981235753918543e-01	6.025595860743578e-01
2546	5.809720040555308e-01	5.888436553555889e-01
2906	5.695638630584912e-01	5.754399373371569e-01
2911	5.497627818529108e-01	5.623413251903491e-01
2916	5.341691570561229e-01	5.370317963702527e-01
2921	5.213565268073506e-01	5.248074602497725e-01
2931	5.088218186414846e-01	5.128613839913648e-01
3448	5.004008675196895e-01	5.011872336272722e-01
3527	4.835027724137387e-01	4.897788193684462e-01
3565	4.776232647060700e-01	4.786300923226383e-01
3805	4.661605170886176e-01	4.677351412871982e-01
13678	4.570875431791565e-01	4.570881896148750e-01
41185	3.500776062641461e-01	3.548133892335755e-01
41203	3.456765438444516e-01	3.467368504525316e-01
41205	3.327446882388191e-01	3.388441561392025e-01
41206	3.168841858921742e-01	3.235936569296283e-01
41207	2.936522491741735e-01	2.951209226666385e-01
41212	2.741916913166329e-01	2.754228703338166e-01
41217	2.606235584505070e-01	2.630267991895382e-01
41222	2.567349825567420e-01	2.570395782768864e-01
41361	2.510694534156962e-01	2.511886431509580e-01
41439	2.447166214082296e-01	2.454708915685030e-01
41904	2.371343445246746e-01	2.398832919019490e-01
42084	2.295812966296847e-01	2.344228815319922e-01
42452	2.290094304689440e-01	2.290867652767773e-01
50906	2.001711480898239e-01	2.041737944669530e-01
51273	1.995082869146058e-01	1.995262314968880e-01
65067	1.774370552304164e-01	1.778279410038923e-01
77423	1.645194275062560e-01	1.659586907437560e-01
77454	1.432503175876262e-01	1.445439770745928e-01
77496	1.401453575193183e-01	1.412537544622754e-01
77526	1.380236327438145e-01	1.380384264602885e-01
78410	1.288287348816775e-01	1.318256738556407e-01
78415	1.280569151336732e-01	1.288249551693134e-01
78430	9.697609993237510e-02	9.772372209558107e-02
78440	7.383193272137312e-02	7.413102413009177e-02
79060	7.184277467851152e-02	7.244359600749903e-02
79269	6.907327375672434e-02	6.918309709189366e-02
79382	6.636342211586732e-02	6.760829753919818e-02
79407	6.367230348681674e-02	6.456542290346556e-02
79708	6.304370219278932e-02	6.309573444801933e-02
80671	6.096717179000199e-02	6.165950018614822e-02
80779	6.014527659712399e-02	6.025595860743578e-02
80801	5.508898691657005e-02	5.623413251903491e-02
80825	4.930346177885714e-02	5.011872336272722e-02
80851	4.878759656292864e-02	4.897788193684462e-02
82522	4.785330604126281e-02	4.786300923226382e-02
85978	4.619776173877854e-02	4.677351412871981e-02
86165	4.199388503219370e-02	4.265795188015926e-02
86550	4.153597073294724e-02	4.168693834703355e-02
100205	4.008694210556607e-02	4.073802778041128e-02
100857	3.979500591605190e-02	3.981071705534973e-02
100996	3.884539963471101e-02	3.890451449942807e-02
110016	3.797436597505832e-02	3.801893963205612e-02
110192	3.678649831509750e-02	3.715352290971726e-02
110197	3.593678374066267e-02	3.630780547701014e-02
110925	3.538010159542015e-02	3.548133892335755e-02
111261	3.466196340419836e-02	3.467368504525317e-02
112107	3.359812629729630e-02	3.388441561392026e-02
112482	3.306581927159458e-02	3.311311214825911e-02
112558	3.211675078905296e-02	3.235936569296283e-02
112593	3.157383737292940e-02	3.162277660168379e-02
112633	3.075612785585324e-02	3.090295432513590e-02
121356	2.999190349899661e-02	3.019951720402016e-02
135846	2.943096957769320e-02	2.951209226666385e-02
171870	2.543153405452092e-02	2.570395782768863e-02
183092	2.511882496731166e-02	2.511886431509579e-02
200000	2.509297929558207e-02	2.511886431509579e-02
%
% index = 624, name = bbob_f014_i21_d02__bbob_f015_i22_d02
% instance = 10, reference value = 9.680694492430950e-01
% function evaluation | indicator value | target hit
1	3.723656794944908e+00	3.801893963205611e+00
21	3.714174479143969e+00	3.715352290971725e+00
42	3.605520859692901e+00	3.630780547701014e+00
47	3.408289711578550e+00	3.467368504525317e+00
52	3.159906656680850e+00	3.162277660168380e+00
62	3.031263828015617e+00	3.090295432513591e+00
191	3.018782729005433e+00	3.019951720402016e+00
267	2.946706858916453e+00	2.951209226666386e+00
305	2.873758742784094e+00	2.884031503126606e+00
332	2.733283467663748e+00	2.754228703338166e+00
1009	2.490436433178807e+00	2.511886431509580e+00
1014	2.389083940542322e+00	2.398832919019490e+00
1019	2.340921045921736e+00	2.344228815319922e+00
1614	2.290069676601963e+00	2.290867652767773e+00
2612	2.197702057787961e+00	2.238721138568339e+00
2617	1.984621345064190e+00	1.995262314968880e+00
2627	1.911999672445361e+00	1.949844599758045e+00
2632	1.889091874539403e+00	1.905460717963247e+00
4150	1.815651225167308e+00	1.819700858609983e+00
4155	1.644496648760821e+00	1.659586907437561e+00
4180	1.477576424968595e+00	1.479108388168207e+00
5519	1.339106870242595e+00	1.348962882591654e+00
7166	1.315214294355595e+00	1.318256738556407e+00
7171	1.222741868119595e+00	1.230268770812382e+00
7181	1.199887408014595e+00	1.202264434617413e+00
9132	1.111552847180595e+00	1.122018454301963e+00
9137	1.095150851817095e+00	1.096478196143185e+00
10139	1.037361048728595e+00	1.047128548050900e+00
10410	1.002026687636095e+00	1.023292992280754e+00
10415	9.919609339005950e-01	1.000000000000000e+00
11415	9.757874075405950e-01	9.772372209558107e-01
11425	9.075432584495848e-01	9.120108393559098e-01
12075	8.842095668999425e-01	8.912509381337456e-01
13912	8.398636272292406e-01	8.511380382023764e-01
13917	6.664432126980466e-01	6.760829753919817e-01
13987	5.462600495833777e-01	5.495408738576245e-01
14032	5.011398032725604e-01	5.011872336272722e-01
14037	4.424041051357062e-01	4.466835921509631e-01
14042	4.116669013046516e-01	4.168693834703354e-01
14047	4.030876678611341e-01	4.073802778041127e-01
35655	3.344217205663036e-01	3.388441561392025e-01
35660	3.307898640376429e-01	3.311311214825911e-01
48748	3.103149209983790e-01	3.162277660168379e-01
48774	2.859783549530740e-01	2.884031503126606e-01
48803	2.718708705030521e-01	2.754228703338166e-01
49135	2.690713942662952e-01	2.691534803926916e-01
49979	2.607675206545765e-01	2.630267991895382e-01
51887	2.565250513783939e-01	2.570395782768864e-01
52257	2.227976413416858e-01	2.238721138568339e-01
52267	2.141558732285412e-01	2.187761623949552e-01
52729	2.037938386450635e-01	2.041737944669530e-01
53138	1.939509655968139e-01	1.949844599758045e-01
53230	1.829830104662239e-01	1.862087136662867e-01
53603	1.818636185515154e-01	1.819700858609984e-01
63497	1.778279373481133e-01	1.778279410038923e-01
63572	1.534305136004810e-01	1.548816618912481e-01
63845	1.493214799297274e-01	1.513561248436208e-01
63850	1.408938882064464e-01	1.412537544622754e-01
64261	1.231542929522734e-01	1.258925411794167e-01
64299	1.183355831506167e-01	1.202264434617413e-01
64743	1.172321618509028e-01	1.174897554939529e-01
64844	1.144561190453518e-01	1.148153621496883e-01
91872	1.096436806529221e-01	1.096478196143185e-01
92496	1.068815195308490e-01	1.071519305237607e-01
94297	1.047041880560461e-01	1.047128548050900e-01
122318	1.022575298746815e-01	1.023292992280754e-01
122320	9.913027356069970e-02	1.000000000000000e-01
122330	9.498413484195944e-02	9.549925860214359e-02
122335	9.303874521616662e-02	9.332543007969910e-02
123951	9.074795696709115e-02	9.120108393559097e-02
143226	8.876864774659166e-02	8.912509381337455e-02
145535	8.709029947872104e-02	8.709635899560805e-02
154378	8.299136283229802e-02	8.317637711026708e-02
154383	8.073803994130135e-02	8.128305161640990e-02
155813	7.907939694376609e-02	7.943282347242814e-02
155843	7.756641812817122e-02	7.762471166286916e-02
161801	6.060315664993265e-02	6.165950018614822e-02
161806	5.680067167681280e-02	5.754399373371569e-02
161811	5.213043916692861e-02	5.248074602497726e-02
161821	5.117705061878119e-02	5.128613839913648e-02
163284	4.924946746864634e-02	5.011872336272722e-02
164919	4.867021480553269e-02	4.897788193684462e-02
164954	4.784397461513479e-02	4.786300923226382e-02
168094	4.675573305229974e-02	4.677351412871981e-02
169353	4.308332389454483e-02	4.365158322401658e-02
169358	3.587768777675571e-02	3.630780547701014e-02
169363	3.178642366635942e-02	3.235936569296283e-02
169368	3.139030388966269e-02	3.162277660168379e-02
169373	3.054485826840803e-02	3.090295432513590e-02
169388	3.004616068038224e-02	3.019951720402016e-02
169403	2.948477851806242e-02	2.951209226666385e-02
169520	2.847106818990286e-02	2.884031503126606e-02
169544	2.773404202896868e-02	2.818382931264454e-02
169574	2.751336820539585e-02	2.754228703338166e-02
170710	2.685510301210059e-02	2.691534803926915e-02
170768	2.611159227624238e-02	2.630267991895381e-02
171970	2.036854617712458e-02	2.041737944669529e-02
171975	1.957473940948362e-02	1.995262314968880e-02
173671	1.800140163607278e-02	1.819700858609984e-02
173676	1.773609096791651e-02	1.778279410038923e-02
174864	1.640400699336553e-02	1.659586907437561e-02
176306	1.621726071453111e-02	1.621810097358930e-02
176356	1.574559802579834e-02	1.584893192461113e-02
177448	1.340425147217739e-02	1.348962882591653e-02
177453	1.285741574061483e-02	1.288249551693134e-02
177458	1.193586775885913e-02	1.202264434617413e-02
180373	1.171061362974091e-02	1.174897554939530e-02
185344	1.144967843259570e-02	1.148153621496883e-02
186852	1.091617366617703e-02	1.096478196143185e-02
188197	1.063161796255452e-02	1.071519305237606e-02
189717	8.411796514252945e-03	8.511380382023767e-03
189722	6.585698043490962e-03	6.606934480075957e-03
189737	6.443397862601508e-03	6.456542290346556e-03
189924	5.297753379360226e-03	5.370317963702527e-03
189964	3.870908566741105e-03	3.890451449942805e-03
189983	3.792057511068259e-03	3.801893963205613e-03
190064	3.702344129573931e-03	3.715352290971724e-03
190255	3.610515461214048e-03	3.630780547701014e-03
191561	3.547629681878495e-03	3.548133892335753e-03
191584	3.385437973893235e-03	3.388441561392024e-03
191614	3.284310043768168e-03	3.311311214825911e-03
191647	3.235908927404663e-03	3.235936569296281e-03
200000	3.220820122832202e-03	3.235936569296281e-03
