%
% index = 1365, name = bbob_f013_i02_d03__bbob_f015_i04_d03
% instance = 1, reference value = 8.076591035831709e-01
% function evaluation | indicator value | target hit
1	3.202037251860171e+00	3.235936569296283e+00
24	3.146402164109671e+00	3.162277660168380e+00
25	3.082986039471671e+00	3.090295432513591e+00
32	2.990123666738171e+00	3.019951720402016e+00
39	2.797172558831171e+00	2.818382931264454e+00
46	2.624959419751671e+00	2.630267991895382e+00
53	2.417085581186171e+00	2.454708915685031e+00
60	2.202512166847671e+00	2.238721138568339e+00
67	1.986445177822171e+00	1.995262314968880e+00
74	1.783972520325671e+00	1.819700858609983e+00
81	1.584501864308171e+00	1.584893192461114e+00
88	1.390505697400671e+00	1.412537544622754e+00
95	1.215033796370171e+00	1.230268770812382e+00
102	1.066400203650671e+00	1.071519305237606e+00
109	9.270619650721709e-01	9.332543007969910e-01
116	8.278830022996709e-01	8.317637711026710e-01
123	7.461643489264024e-01	7.585775750291838e-01
130	6.785999623179553e-01	6.918309709189365e-01
137	6.209281694013684e-01	6.309573444801932e-01
144	5.797359267021036e-01	5.888436553555889e-01
151	5.387067977835587e-01	5.495408738576245e-01
158	5.365386527257870e-01	5.370317963702527e-01
193	5.155452275704904e-01	5.248074602497725e-01
200	4.979899877050418e-01	5.011872336272722e-01
207	4.762607480289524e-01	4.786300923226383e-01
221	4.512413570733602e-01	4.570881896148750e-01
228	4.466502238244118e-01	4.466835921509631e-01
410	4.362536806981076e-01	4.365158322401660e-01
10016	4.265688893521078e-01	4.265795188015927e-01
24150	4.161548612753114e-01	4.168693834703354e-01
39907	4.049027295799263e-01	4.073802778041127e-01
39949	3.838495853315233e-01	3.890451449942806e-01
39984	3.800145083779559e-01	3.801893963205612e-01
40042	3.714714579932242e-01	3.715352290971726e-01
40056	3.627729696913685e-01	3.630780547701014e-01
42599	3.536012492995551e-01	3.548133892335755e-01
50433	3.405645445011402e-01	3.467368504525316e-01
50440	3.306088063023952e-01	3.311311214825911e-01
50468	3.174534501779633e-01	3.235936569296283e-01
58992	3.156726834251162e-01	3.162277660168379e-01
58999	3.023925178304299e-01	3.090295432513591e-01
59652	3.019918616187872e-01	3.019951720402016e-01
75762	2.832851513971046e-01	2.884031503126606e-01
77217	2.816822908115089e-01	2.818382931264454e-01
77382	2.753842006575157e-01	2.754228703338166e-01
77408	2.623527190225675e-01	2.630267991895382e-01
78056	2.538450520004722e-01	2.570395782768864e-01
79374	2.494229446927068e-01	2.511886431509580e-01
80797	2.450315442721226e-01	2.454708915685030e-01
83758	2.398643628747017e-01	2.398832919019490e-01
83781	2.250519620652399e-01	2.290867652767773e-01
88655	2.198641953031379e-01	2.238721138568339e-01
100858	2.185137276102828e-01	2.187761623949552e-01
107621	2.129178939011073e-01	2.137962089502232e-01
113677	2.047944585581580e-01	2.089296130854039e-01
128537	2.022259934378129e-01	2.041737944669530e-01
128551	1.965752930695152e-01	1.995262314968880e-01
130306	1.931619747808295e-01	1.949844599758045e-01
132464	1.830125486680882e-01	1.862087136662867e-01
139394	1.812973653864763e-01	1.819700858609984e-01
149191	1.777338616835044e-01	1.778279410038923e-01
149198	1.677736858458376e-01	1.698243652461744e-01
153211	1.634125807763336e-01	1.659586907437560e-01
159243	1.595401112003594e-01	1.621810097358930e-01
160880	1.581178888729812e-01	1.584893192461113e-01
161371	1.546831590622878e-01	1.548816618912481e-01
161696	1.501794070641527e-01	1.513561248436208e-01
162944	1.477544291517389e-01	1.479108388168208e-01
173220	1.424641914016724e-01	1.445439770745928e-01
174173	1.411290661373232e-01	1.412537544622754e-01
180946	1.326053281715248e-01	1.348962882591654e-01
189980	1.295383164140959e-01	1.318256738556407e-01
191680	1.287181208275044e-01	1.288249551693134e-01
202098	1.217514326446810e-01	1.230268770812381e-01
217680	1.155346385286526e-01	1.174897554939529e-01
219039	1.146980907130415e-01	1.148153621496883e-01
229186	1.109410715319687e-01	1.122018454301964e-01
229193	1.086646877334262e-01	1.096478196143185e-01
231041	1.068691636963472e-01	1.071519305237607e-01
238708	1.034237353303918e-01	1.047128548050900e-01
240590	1.022697019891521e-01	1.023292992280754e-01
249315	9.704315208217096e-02	9.772372209558107e-02
257255	9.512377117677084e-02	9.549925860214359e-02
257270	9.270031560167535e-02	9.332543007969910e-02
265687	9.109669292061839e-02	9.120108393559097e-02
266456	8.912448490296421e-02	8.912509381337455e-02
267298	8.672251182930357e-02	8.709635899560805e-02
270342	7.613129055554324e-02	7.762471166286916e-02
282366	7.585762699498499e-02	7.585775750291836e-02
299237	7.413082089954526e-02	7.413102413009177e-02
300000	7.244927981336735e-02	7.413102413009177e-02
%
% index = 1366, name = bbob_f013_i03_d03__bbob_f015_i05_d03
% instance = 2, reference value = 8.350120426302170e-01
% function evaluation | indicator value | target hit
1	1.343564347371717e+00	1.348962882591654e+00
32	1.306844707117717e+00	1.318256738556407e+00
53	1.270483880783217e+00	1.288249551693134e+00
60	1.244228891147717e+00	1.258925411794167e+00
116	1.212618844172217e+00	1.230268770812382e+00
130	1.188698314148217e+00	1.202264434617413e+00
137	1.169885309515217e+00	1.174897554939530e+00
144	1.147057054036717e+00	1.148153621496883e+00
249	1.098050266103217e+00	1.122018454301963e+00
256	1.082366051083717e+00	1.096478196143185e+00
263	1.068111279288717e+00	1.071519305237606e+00
284	1.039458615569717e+00	1.047128548050900e+00
319	1.020904367759717e+00	1.023292992280754e+00
326	9.996338246862169e-01	1.000000000000000e+00
340	9.616789331392170e-01	9.772372209558107e-01
347	9.325419277017171e-01	9.332543007969910e-01
375	9.111390033302169e-01	9.120108393559098e-01
452	8.829668521472169e-01	8.912509381337456e-01
459	8.599656797737170e-01	8.709635899560807e-01
473	8.442060309642170e-01	8.511380382023764e-01
480	8.236871305649065e-01	8.317637711026710e-01
522	8.090336754224181e-01	8.128305161640993e-01
529	7.867981189270357e-01	7.943282347242815e-01
543	7.752239759327626e-01	7.762471166286917e-01
557	7.369343502230763e-01	7.413102413009175e-01
571	7.208011289116885e-01	7.244359600749900e-01
585	7.067479534425726e-01	7.079457843841379e-01
627	6.917854439551665e-01	6.918309709189365e-01
648	6.707342474414240e-01	6.760829753919817e-01
655	6.588950142765162e-01	6.606934480075960e-01
1138	6.438753824806664e-01	6.456542290346555e-01
7819	6.297404849803545e-01	6.309573444801932e-01
7883	6.053625152367681e-01	6.165950018614822e-01
7897	6.023497477298756e-01	6.025595860743578e-01
7946	5.728323872308796e-01	5.754399373371569e-01
7981	5.492920526917686e-01	5.495408738576245e-01
8010	5.269136741136442e-01	5.370317963702527e-01
8025	5.145575772669223e-01	5.248074602497725e-01
9031	5.124904253487135e-01	5.128613839913648e-01
20492	4.919881777200349e-01	5.011872336272722e-01
20523	4.780865606520087e-01	4.786300923226383e-01
22300	4.655141756382423e-01	4.677351412871982e-01
23076	4.566749366038415e-01	4.570881896148750e-01
32456	4.345371356923625e-01	4.365158322401660e-01
40544	4.247310466389878e-01	4.265795188015927e-01
40551	4.126498186098545e-01	4.168693834703354e-01
56105	4.023278411984516e-01	4.073802778041127e-01
56126	3.973281943605596e-01	3.981071705534972e-01
56133	3.831639323126921e-01	3.890451449942806e-01
56161	3.794305456834270e-01	3.801893963205612e-01
56182	3.628066757796378e-01	3.630780547701014e-01
58888	3.507242360777617e-01	3.548133892335755e-01
58895	3.460269531706218e-01	3.467368504525316e-01
61038	3.379066651464548e-01	3.388441561392025e-01
61152	3.296647395918156e-01	3.311311214825911e-01
61255	3.225681709606849e-01	3.235936569296283e-01
68625	3.146480147506153e-01	3.162277660168379e-01
68876	3.068407973241044e-01	3.090295432513591e-01
69369	2.953620192521030e-01	3.019951720402016e-01
69370	2.950119296350701e-01	2.951209226666385e-01
77323	2.874631365335354e-01	2.884031503126606e-01
78796	2.806378740042287e-01	2.818382931264454e-01
83241	2.749901084704938e-01	2.754228703338166e-01
84886	2.691353896316313e-01	2.691534803926916e-01
85402	2.629125937865665e-01	2.630267991895382e-01
87303	2.566896712377555e-01	2.570395782768864e-01
87461	2.496582141277685e-01	2.511886431509580e-01
97277	2.406549872389575e-01	2.454708915685030e-01
98635	2.393974572451526e-01	2.398832919019490e-01
98749	2.315471416810941e-01	2.344228815319922e-01
102197	2.241012680619254e-01	2.290867652767773e-01
102340	2.238339924481864e-01	2.238721138568339e-01
124437	2.183574634026465e-01	2.187761623949552e-01
124451	2.132759348938912e-01	2.137962089502232e-01
126533	2.084153543068785e-01	2.089296130854039e-01
126649	2.040284882013228e-01	2.041737944669530e-01
130214	1.995142530355937e-01	1.995262314968880e-01
130989	1.942191543586614e-01	1.949844599758045e-01
131025	1.881660348909185e-01	1.905460717963247e-01
131775	1.854262797099507e-01	1.862087136662867e-01
131790	1.742737836882347e-01	1.778279410038923e-01
133372	1.737781005340898e-01	1.737800828749375e-01
134360	1.677198827156935e-01	1.698243652461744e-01
134396	1.646957115471733e-01	1.659586907437560e-01
134446	1.590680125229955e-01	1.621810097358930e-01
135677	1.582350373404500e-01	1.584893192461113e-01
135917	1.544768132914914e-01	1.548816618912481e-01
138027	1.509079756979405e-01	1.513561248436208e-01
139813	1.476840246594076e-01	1.479108388168208e-01
143276	1.431571989442224e-01	1.445439770745928e-01
144722	1.400806034751046e-01	1.412537544622754e-01
153088	1.370382522982725e-01	1.380384264602885e-01
153095	1.332833691526079e-01	1.348962882591654e-01
153102	1.263291078940882e-01	1.288249551693134e-01
153147	1.246471855752265e-01	1.258925411794167e-01
154140	1.222664559379888e-01	1.230268770812381e-01
154270	1.189759524854029e-01	1.202264434617413e-01
161263	1.171600982183818e-01	1.174897554939529e-01
172858	1.095645589244822e-01	1.096478196143185e-01
176387	1.071376055468911e-01	1.071519305237607e-01
177815	1.045494829340914e-01	1.047128548050900e-01
184472	1.023214304701037e-01	1.023292992280754e-01
186277	9.954945089389711e-02	1.000000000000000e-01
186488	9.763923456968526e-02	9.772372209558107e-02
193821	9.047022840725494e-02	9.120108393559097e-02
193829	8.883282326170150e-02	8.912509381337455e-02
195064	8.688480377688756e-02	8.709635899560805e-02
197487	8.341787897653963e-02	8.511380382023763e-02
197494	8.269300097629373e-02	8.317637711026708e-02
198434	8.081374862197577e-02	8.128305161640990e-02
198497	7.932770020457491e-02	7.943282347242814e-02
204106	7.706696829973647e-02	7.762471166286916e-02
204113	7.462667965546244e-02	7.585775750291836e-02
205251	7.309232092444951e-02	7.413102413009177e-02
211674	7.185504914509933e-02	7.244359600749903e-02
211681	6.808618427739555e-02	6.918309709189366e-02
218052	6.622631480243812e-02	6.760829753919818e-02
218059	6.564427578140208e-02	6.606934480075961e-02
219552	6.415735323602789e-02	6.456542290346556e-02
219620	6.304276931656316e-02	6.309573444801933e-02
219704	6.114681008657497e-02	6.165950018614822e-02
222008	5.841550297398557e-02	5.888436553555890e-02
222022	5.683913331359769e-02	5.754399373371569e-02
222910	5.610461131774958e-02	5.623413251903491e-02
223013	5.463957038729805e-02	5.495408738576246e-02
223075	5.274222839131804e-02	5.370317963702527e-02
223176	5.131578709802054e-02	5.248074602497726e-02
223196	5.127495433569151e-02	5.128613839913648e-02
229349	4.763212587094579e-02	4.786300923226382e-02
230769	4.655625750916192e-02	4.677351412871981e-02
230818	4.470237315737158e-02	4.570881896148749e-02
230917	4.465564086916474e-02	4.466835921509630e-02
230981	4.339195180720623e-02	4.365158322401658e-02
236506	4.088404900972009e-02	4.168693834703355e-02
237553	4.069718261063981e-02	4.073802778041128e-02
237671	3.883407094354252e-02	3.890451449942807e-02
237702	3.734922854090550e-02	3.801893963205612e-02
242950	3.692075095222613e-02	3.715352290971726e-02
243021	3.574240740720414e-02	3.630780547701014e-02
243151	3.519041067394646e-02	3.548133892335755e-02
250710	3.360774013167167e-02	3.388441561392026e-02
251734	3.277859941476280e-02	3.311311214825911e-02
251788	3.196725377590559e-02	3.235936569296283e-02
251906	3.158543835566718e-02	3.162277660168379e-02
256739	3.074609904951253e-02	3.090295432513590e-02
258311	2.957265719121149e-02	3.019951720402016e-02
258361	2.950546293702550e-02	2.951209226666385e-02
266363	2.715940022587715e-02	2.754228703338166e-02
267774	2.626273872576201e-02	2.630267991895381e-02
267798	2.549519193035077e-02	2.570395782768863e-02
279114	2.494728222012399e-02	2.511886431509579e-02
280063	2.447552452206858e-02	2.454708915685030e-02
280186	2.398379818715279e-02	2.398832919019490e-02
280300	2.334432330995417e-02	2.344228815319923e-02
284883	2.261085407765395e-02	2.290867652767773e-02
286466	2.238076236475128e-02	2.238721138568340e-02
293904	2.175985923166379e-02	2.187761623949553e-02
295836	2.130611259939363e-02	2.137962089502233e-02
300000	2.114291500991872e-02	2.137962089502233e-02
%
% index = 1367, name = bbob_f013_i07_d03__bbob_f015_i08_d03
% instance = 3, reference value = 7.798177894288570e-01
% function evaluation | indicator value | target hit
1	2.717691235006857e+00	2.754228703338166e+00
44	2.691443898701357e+00	2.691534803926916e+00
904	2.565259202364357e+00	2.570395782768863e+00
2558	2.506629541625357e+00	2.511886431509580e+00
20982	2.453833594692857e+00	2.454708915685031e+00
33632	2.183965636516357e+00	2.187761623949553e+00
33653	2.098141842073857e+00	2.137962089502232e+00
36984	2.085135381553857e+00	2.089296130854040e+00
37278	2.008760533033857e+00	2.041737944669529e+00
37369	1.993059882779857e+00	1.995262314968880e+00
38195	1.331799432135753e+00	1.348962882591654e+00
38215	1.315886500613273e+00	1.318256738556407e+00
38217	1.268259935047225e+00	1.288249551693134e+00
38218	1.208884182226623e+00	1.230268770812382e+00
38219	1.125928899978869e+00	1.148153621496883e+00
39244	1.095794314450222e+00	1.096478196143185e+00
39258	9.727616094903569e-01	9.772372209558107e-01
41511	8.753267332453570e-01	8.912509381337456e-01
41560	8.443502015283569e-01	8.511380382023764e-01
41567	7.788807641776130e-01	7.943282347242815e-01
41602	7.723847390893558e-01	7.762471166286917e-01
41609	7.399258850404172e-01	7.413102413009175e-01
44520	7.224229359426062e-01	7.244359600749900e-01
44632	6.878894888003776e-01	6.918309709189365e-01
44646	6.454094715915044e-01	6.456542290346555e-01
48894	6.290993546896230e-01	6.309573444801932e-01
68278	6.150221722657598e-01	6.165950018614822e-01
84394	5.992268633483913e-01	6.025595860743578e-01
86756	5.879070908956244e-01	5.888436553555889e-01
87113	5.724808917258855e-01	5.754399373371569e-01
106515	5.620569532349908e-01	5.623413251903491e-01
127456	5.492479482508652e-01	5.495408738576245e-01
131010	5.344374731428747e-01	5.370317963702527e-01
271084	5.223320256646946e-01	5.248074602497725e-01
277309	5.104616915831239e-01	5.128613839913648e-01
277316	4.942004795966229e-01	5.011872336272722e-01
279867	4.897044048492431e-01	4.897788193684462e-01
290800	4.780604101084999e-01	4.786300923226383e-01
300000	4.704349375941782e-01	4.786300923226383e-01
%
% index = 1368, name = bbob_f013_i09_d03__bbob_f015_i10_d03
% instance = 4, reference value = 9.274724022124970e-01
% function evaluation | indicator value | target hit
1	1.238789444579497e+00	1.258925411794167e+00
24	1.226983391857997e+00	1.230268770812382e+00
32	1.199427728958497e+00	1.202264434617413e+00
475	1.167845891112497e+00	1.174897554939530e+00
581	1.145788502477497e+00	1.148153621496883e+00
590	1.114413536040997e+00	1.122018454301963e+00
1252	1.094689553146497e+00	1.096478196143185e+00
2395	1.067882163143997e+00	1.071519305237606e+00
2535	1.040484367826497e+00	1.047128548050900e+00
2559	1.017396207422497e+00	1.023292992280754e+00
2566	9.998331314004970e-01	1.000000000000000e+00
3294	9.748279504209970e-01	9.772372209558107e-01
3301	9.451632389949970e-01	9.549925860214360e-01
3330	9.256599573414981e-01	9.332543007969910e-01
4655	9.114668553073501e-01	9.120108393559098e-01
4828	8.880159640938653e-01	8.912509381337456e-01
5469	8.587742055050664e-01	8.709635899560807e-01
5484	8.422885260979853e-01	8.511380382023764e-01
5513	8.262932078851951e-01	8.317637711026710e-01
6717	8.114380862016339e-01	8.128305161640993e-01
6919	7.911149209545647e-01	7.943282347242815e-01
7575	7.747446147247081e-01	7.762471166286917e-01
7596	7.429576419369666e-01	7.585775750291838e-01
7604	7.397726525261145e-01	7.413102413009175e-01
7625	7.235975692711183e-01	7.244359600749900e-01
9504	6.957457970109575e-01	7.079457843841379e-01
10036	6.909278284966536e-01	6.918309709189365e-01
10065	6.684879292741405e-01	6.760829753919817e-01
10094	6.555310400660432e-01	6.606934480075960e-01
10108	6.406813988341686e-01	6.456542290346555e-01
10115	6.308249572718304e-01	6.309573444801932e-01
10137	6.159342573435149e-01	6.165950018614822e-01
10215	6.020215932082649e-01	6.025595860743578e-01
11856	5.884751702780961e-01	5.888436553555889e-01
12421	5.614792722309911e-01	5.623413251903491e-01
13151	5.467309016150826e-01	5.495408738576245e-01
13176	5.360255166884433e-01	5.370317963702527e-01
17691	5.179872412945936e-01	5.248074602497725e-01
17794	5.042118864703851e-01	5.128613839913648e-01
17921	4.786394767612108e-01	4.897788193684462e-01
17957	4.633931095206718e-01	4.677351412871982e-01
18938	4.551971992936599e-01	4.570881896148750e-01
18960	4.416069060586948e-01	4.466835921509631e-01
18967	4.280058437479220e-01	4.365158322401660e-01
18975	4.262763701988506e-01	4.265795188015927e-01
18989	4.154636502076433e-01	4.168693834703354e-01
19025	4.017330680434399e-01	4.073802778041127e-01
21237	3.976137477414258e-01	3.981071705534972e-01
21408	3.881743955295646e-01	3.890451449942806e-01
21496	3.757833410961501e-01	3.801893963205612e-01
21538	3.578725560085642e-01	3.630780547701014e-01
21562	3.500648052189521e-01	3.548133892335755e-01
21682	3.400238766348458e-01	3.467368504525316e-01
22403	3.281184831194363e-01	3.311311214825911e-01
24533	3.213734380484978e-01	3.235936569296283e-01
32775	3.138474350281029e-01	3.162277660168379e-01
32782	3.012405775922866e-01	3.019951720402016e-01
32796	2.939932441334757e-01	2.951209226666385e-01
32810	2.847110121806241e-01	2.884031503126606e-01
33174	2.814139112618712e-01	2.818382931264454e-01
34305	2.708963446181905e-01	2.754228703338166e-01
34354	2.618997692891381e-01	2.630267991895382e-01
34432	2.538433468842400e-01	2.570395782768864e-01
38302	2.501671923545088e-01	2.511886431509580e-01
41396	2.423929651588431e-01	2.454708915685030e-01
41458	2.361975354271151e-01	2.398832919019490e-01
41528	2.239184227919911e-01	2.290867652767773e-01
41545	2.238314210688862e-01	2.238721138568339e-01
41558	2.184166887830181e-01	2.187761623949552e-01
41581	2.130664204389902e-01	2.137962089502232e-01
41719	2.085588546490301e-01	2.089296130854039e-01
61017	2.037268934340691e-01	2.041737944669530e-01
112286	1.992700075758063e-01	1.995262314968880e-01
113599	1.898623025776899e-01	1.905460717963247e-01
113628	1.859617713996762e-01	1.862087136662867e-01
113643	1.817944928819595e-01	1.819700858609984e-01
115667	1.775163462689934e-01	1.778279410038923e-01
115700	1.737425680271221e-01	1.737800828749375e-01
115736	1.679631693540625e-01	1.698243652461744e-01
115745	1.650390043764475e-01	1.659586907437560e-01
116121	1.621627648696353e-01	1.621810097358930e-01
117328	1.581872555216807e-01	1.584893192461113e-01
117344	1.548562796009948e-01	1.548816618912481e-01
118085	1.485645923286741e-01	1.513561248436208e-01
118087	1.478661067583109e-01	1.479108388168208e-01
118102	1.441594794297042e-01	1.445439770745928e-01
118116	1.392855314524334e-01	1.412537544622754e-01
118123	1.366058860796978e-01	1.380384264602885e-01
118131	1.348215096651256e-01	1.348962882591654e-01
124549	1.314692266993047e-01	1.318256738556407e-01
124556	1.287354659096375e-01	1.288249551693134e-01
126265	1.256071244719807e-01	1.258925411794167e-01
126442	1.229637119232851e-01	1.230268770812381e-01
130479	1.201729842519899e-01	1.202264434617413e-01
141233	1.174213869190874e-01	1.174897554939529e-01
141701	1.147421515089029e-01	1.148153621496883e-01
142737	1.104682087668578e-01	1.122018454301964e-01
147755	1.052620556932546e-01	1.071519305237607e-01
147762	1.038402444965041e-01	1.047128548050900e-01
147790	1.015615888390085e-01	1.023292992280754e-01
168465	9.994027287955987e-02	1.000000000000000e-01
171302	9.752376629112502e-02	9.772372209558107e-02
173362	9.274800246186687e-02	9.332543007969910e-02
173399	8.873293862525278e-02	8.912509381337455e-02
173522	8.672215815555162e-02	8.709635899560805e-02
183393	8.505620217481935e-02	8.511380382023763e-02
183864	8.264811872246758e-02	8.317637711026708e-02
184991	8.127861029806827e-02	8.128305161640990e-02
187598	7.816363174510310e-02	7.943282347242814e-02
187641	7.762361232963100e-02	7.762471166286916e-02
192847	7.532503850514660e-02	7.585775750291836e-02
192960	7.299668463697928e-02	7.413102413009177e-02
192982	7.220147783086239e-02	7.244359600749903e-02
192984	6.918769451278595e-02	7.079457843841380e-02
192991	6.793655457123660e-02	6.918309709189366e-02
193821	6.731379022699624e-02	6.760829753919818e-02
193837	6.393568509916903e-02	6.456542290346556e-02
193845	6.253620981349195e-02	6.309573444801933e-02
194490	6.161303959282616e-02	6.165950018614822e-02
195969	6.023465708685094e-02	6.025595860743578e-02
196066	5.668576516013368e-02	5.754399373371569e-02
196122	5.304533996631766e-02	5.370317963702527e-02
196144	5.228386121874928e-02	5.248074602497726e-02
197121	5.127872127196942e-02	5.128613839913648e-02
300000	5.079853020709857e-02	5.128613839913648e-02
%
% index = 1369, name = bbob_f013_i11_d03__bbob_f015_i12_d03
% instance = 5, reference value = 8.414972106884200e-01
% function evaluation | indicator value | target hit
1	3.055963280512511e+00	3.090295432513591e+00
23	2.993479473889467e+00	3.019951720402016e+00
25	2.934959170625357e+00	2.951209226666386e+00
32	2.868507190745504e+00	2.884031503126606e+00
46	2.772740002809243e+00	2.818382931264454e+00
53	2.420027703238141e+00	2.454708915685031e+00
74	2.364253847112061e+00	2.398832919019490e+00
81	2.143567229990412e+00	2.187761623949553e+00
95	1.868688991764496e+00	1.905460717963247e+00
1248	1.811702784372935e+00	1.819700858609983e+00
1255	1.633179136181676e+00	1.659586907437561e+00
1276	1.433453255229074e+00	1.445439770745927e+00
3319	1.264562344616420e+00	1.288249551693134e+00
10789	1.103810547090920e+00	1.122018454301963e+00
10817	1.013442955291920e+00	1.023292992280754e+00
10852	8.916150965084200e-01	9.120108393559098e-01
10908	8.468581545879199e-01	8.511380382023764e-01
10915	7.649659543249661e-01	7.762471166286917e-01
10971	7.567530619575200e-01	7.585775750291838e-01
10978	6.471287116777649e-01	6.606934480075960e-01
10985	5.428357776573549e-01	5.495408738576245e-01
10999	5.327254084828427e-01	5.370317963702527e-01
12685	5.231660136845229e-01	5.248074602497725e-01
13533	5.126768985593502e-01	5.128613839913648e-01
13547	4.458054118030200e-01	4.466835921509631e-01
13554	4.302345999601881e-01	4.365158322401660e-01
13562	4.242282329679904e-01	4.265795188015927e-01
15229	4.160619291820685e-01	4.168693834703354e-01
15390	4.060591632995463e-01	4.073802778041127e-01
43632	3.965855467316590e-01	3.981071705534972e-01
43647	3.874927310694629e-01	3.890451449942806e-01
43661	3.588585362265203e-01	3.630780547701014e-01
43675	3.400146646151972e-01	3.467368504525316e-01
44979	3.383503431977551e-01	3.388441561392025e-01
45182	3.307128365211316e-01	3.311311214825911e-01
54133	3.209414552224981e-01	3.235936569296283e-01
54175	3.124759446517876e-01	3.162277660168379e-01
54219	3.006900296329065e-01	3.019951720402016e-01
75436	2.774779399257972e-01	2.818382931264454e-01
75437	2.545855901293708e-01	2.570395782768864e-01
76010	2.482958333529828e-01	2.511886431509580e-01
76038	2.454124967474537e-01	2.454708915685030e-01
76548	2.307964278314371e-01	2.344228815319922e-01
76717	2.290659014666795e-01	2.290867652767773e-01
87832	2.233038542484905e-01	2.238721138568339e-01
95542	2.074748941828100e-01	2.089296130854039e-01
95549	1.988457219896669e-01	1.995262314968880e-01
99115	1.944410911522572e-01	1.949844599758045e-01
113346	1.901025349848883e-01	1.905460717963247e-01
120022	1.802453821813832e-01	1.819700858609984e-01
120077	1.762155197756210e-01	1.778279410038923e-01
126154	1.728532717844987e-01	1.737800828749375e-01
138508	1.695856612569089e-01	1.698243652461744e-01
138553	1.656661080994621e-01	1.659586907437560e-01
138621	1.611918476398198e-01	1.621810097358930e-01
168663	1.584174078579833e-01	1.584893192461113e-01
246861	1.440959428775186e-01	1.445439770745928e-01
252470	1.401495996560307e-01	1.412537544622754e-01
252578	1.363699278102743e-01	1.380384264602885e-01
252677	1.347634941199727e-01	1.348962882591654e-01
263879	1.314924792866025e-01	1.318256738556407e-01
264014	1.277513686716368e-01	1.288249551693134e-01
300000	1.276182097659566e-01	1.288249551693134e-01
%
% index = 1370, name = bbob_f013_i13_d03__bbob_f015_i14_d03
% instance = 6, reference value = 9.208494554238080e-01
% function evaluation | indicator value | target hit
1	5.800420988030546e-01	5.888436553555889e-01
22	5.718580017967048e-01	5.754399373371569e-01
24	5.562162944009945e-01	5.623413251903491e-01
32	5.491632938952267e-01	5.495408738576245e-01
39	5.265927871309574e-01	5.370317963702527e-01
46	5.187999004811541e-01	5.248074602497725e-01
53	4.593775226779033e-01	4.677351412871982e-01
60	4.552106568417130e-01	4.570881896148750e-01
116	4.456501400284637e-01	4.466835921509631e-01
123	3.807636711301013e-01	3.890451449942806e-01
130	3.721159844509190e-01	3.801893963205612e-01
137	3.661486784860630e-01	3.715352290971726e-01
144	3.608580134342834e-01	3.630780547701014e-01
235	3.073193476276660e-01	3.090295432513591e-01
242	2.994440955940573e-01	3.019951720402016e-01
270	2.951135317691368e-01	2.951209226666385e-01
7500	2.681605567569371e-01	2.691534803926916e-01
7507	2.581894855858367e-01	2.630267991895382e-01
7514	2.542409938841903e-01	2.570395782768864e-01
7521	2.488972373968337e-01	2.511886431509580e-01
7528	2.437692572242446e-01	2.454708915685030e-01
7592	2.229508158841359e-01	2.238721138568339e-01
7599	2.153055543925722e-01	2.187761623949552e-01
7606	2.078746616592735e-01	2.089296130854039e-01
7613	2.020952623175442e-01	2.041737944669530e-01
7627	1.992935980176490e-01	1.995262314968880e-01
9400	1.943576344320761e-01	1.949844599758045e-01
11741	1.863382349231373e-01	1.905460717963247e-01
11742	1.860578471872489e-01	1.862087136662867e-01
12295	1.699166512288125e-01	1.737800828749375e-01
12311	1.698049356755840e-01	1.698243652461744e-01
12489	1.634620763153493e-01	1.659586907437560e-01
14824	1.621307615358288e-01	1.621810097358930e-01
24728	1.570547950285411e-01	1.584893192461113e-01
32405	1.542288032601324e-01	1.548816618912481e-01
32413	1.510142166241433e-01	1.513561248436208e-01
32434	1.427656626554294e-01	1.445439770745928e-01
32470	1.408363968358292e-01	1.412537544622754e-01
32548	1.372967641726983e-01	1.380384264602885e-01
32555	1.341605634682665e-01	1.348962882591654e-01
32570	1.302870239772136e-01	1.318256738556407e-01
32598	1.288171206090458e-01	1.288249551693134e-01
33945	1.250538920413727e-01	1.258925411794167e-01
34512	1.200600623466903e-01	1.202264434617413e-01
37622	1.174895116929602e-01	1.174897554939529e-01
71030	1.131078443520209e-01	1.148153621496883e-01
75089	1.094787478285957e-01	1.096478196143185e-01
89391	1.060070119072470e-01	1.071519305237607e-01
91738	1.046605164993351e-01	1.047128548050900e-01
127058	1.003153441128248e-01	1.023292992280754e-01
127822	8.738654578363414e-02	8.912509381337455e-02
127891	8.615115865633793e-02	8.709635899560805e-02
141165	8.468728037852025e-02	8.511380382023763e-02
158984	8.172658017044676e-02	8.317637711026708e-02
159005	8.122023206359175e-02	8.128305161640990e-02
170229	7.942931824630495e-02	7.943282347242814e-02
174915	7.713987088726126e-02	7.762471166286916e-02
175682	7.500765176429003e-02	7.585775750291836e-02
176092	7.230696700960193e-02	7.244359600749903e-02
176423	7.057795111077247e-02	7.079457843841380e-02
176476	6.821290944171010e-02	6.918309709189366e-02
176537	6.646884494612548e-02	6.760829753919818e-02
178821	6.606913015643656e-02	6.606934480075961e-02
182927	6.404056119778856e-02	6.456542290346556e-02
191367	6.225451407699700e-02	6.309573444801933e-02
200615	6.110527467145721e-02	6.165950018614822e-02
220481	6.025523759888385e-02	6.025595860743578e-02
300000	6.011786531513141e-02	6.025595860743578e-02
%
% index = 1371, name = bbob_f013_i15_d03__bbob_f015_i16_d03
% instance = 7, reference value = 8.884563065317340e-01
% function evaluation | indicator value | target hit
1	5.900100268613615e+00	6.025595860743578e+00
22	5.881247032570695e+00	5.888436553555890e+00
32	5.634486080408388e+00	5.754399373371569e+00
39	5.605669899299817e+00	5.623413251903491e+00
60	5.393779957101196e+00	5.495408738576246e+00
74	5.285067440731284e+00	5.370317963702527e+00
88	5.169097541926519e+00	5.248074602497725e+00
95	5.079972269011267e+00	5.128613839913648e+00
102	4.904008447988379e+00	5.011872336272722e+00
123	4.687793505651662e+00	4.786300923226384e+00
130	4.648952631811413e+00	4.677351412871983e+00
137	4.492381587468342e+00	4.570881896148751e+00
151	4.438588639345111e+00	4.466835921509632e+00
158	4.276086464308257e+00	4.365158322401660e+00
172	4.151014796818611e+00	4.168693834703354e+00
186	4.016548184629706e+00	4.073802778041127e+00
207	3.951047433651129e+00	3.981071705534972e+00
221	3.745670748102951e+00	3.801893963205611e+00
235	3.646333186093086e+00	3.715352290971725e+00
249	3.483701227770556e+00	3.548133892335755e+00
256	3.444614723612943e+00	3.467368504525317e+00
270	3.301494896371413e+00	3.311311214825911e+00
284	3.113387398509170e+00	3.162277660168380e+00
291	3.054415266975524e+00	3.090295432513591e+00
298	2.928254771127908e+00	2.951209226666386e+00
312	2.786918857040212e+00	2.818382931264454e+00
319	2.572398675536519e+00	2.630267991895382e+00
326	2.522716245705109e+00	2.570395782768863e+00
347	2.423345531831636e+00	2.454708915685031e+00
354	2.336258784008098e+00	2.344228815319922e+00
1411	2.286050821931396e+00	2.290867652767773e+00
2939	2.230919020170996e+00	2.238721138568339e+00
2962	2.182183935272407e+00	2.187761623949553e+00
2976	2.113980920828536e+00	2.137962089502232e+00
2983	2.006211373738209e+00	2.041737944669529e+00
2990	1.946424124532866e+00	1.949844599758045e+00
2997	1.825195733780002e+00	1.862087136662868e+00
3011	1.793230190672833e+00	1.819700858609983e+00
3032	1.771738702754655e+00	1.778279410038923e+00
3039	1.705110061360131e+00	1.737800828749375e+00
3046	1.628142662378326e+00	1.659586907437561e+00
3060	1.596166563852371e+00	1.621810097358930e+00
3074	1.579883504443364e+00	1.584893192461114e+00
3200	1.548151988900920e+00	1.548816618912481e+00
3242	1.499344998837557e+00	1.513561248436208e+00
3256	1.457203287896431e+00	1.479108388168207e+00
3263	1.439789809730564e+00	1.445439770745927e+00
3270	1.404620401394952e+00	1.412537544622754e+00
3277	1.376747627662046e+00	1.380384264602885e+00
3284	1.319809847150289e+00	1.348962882591654e+00
3291	1.266397081434155e+00	1.288249551693134e+00
3298	1.052888107186976e+00	1.071519305237606e+00
3312	1.038731527658734e+00	1.047128548050900e+00
3319	8.971382786277341e-01	9.120108393559098e-01
3403	8.443991655756594e-01	8.511380382023764e-01
3417	7.232266686818452e-01	7.244359600749900e-01
3431	6.001355481774735e-01	6.025595860743578e-01
5203	5.875248606668262e-01	5.888436553555889e-01
5365	5.698266808535473e-01	5.754399373371569e-01
22253	5.622320655037147e-01	5.623413251903491e-01
22414	5.399549069025358e-01	5.495408738576245e-01
22474	5.157090546682566e-01	5.248074602497725e-01
22536	4.831944989647523e-01	4.897788193684462e-01
22629	4.782487259073280e-01	4.786300923226383e-01
35755	4.675435350645268e-01	4.677351412871982e-01
35769	4.482628095009660e-01	4.570881896148750e-01
35783	4.429348466041944e-01	4.466835921509631e-01
38717	4.359288547867864e-01	4.365158322401660e-01
40616	4.242665059519702e-01	4.265795188015927e-01
40678	4.128637889020864e-01	4.168693834703354e-01
40799	4.056412933191524e-01	4.073802778041127e-01
40930	3.963501990063732e-01	3.981071705534972e-01
46201	3.859193247636469e-01	3.890451449942806e-01
46363	3.801853607973281e-01	3.801893963205612e-01
47250	2.115893599591119e-01	2.137962089502232e-01
47264	1.860650829156546e-01	1.862087136662867e-01
47496	1.812063480527457e-01	1.819700858609984e-01
300000	1.782458215281826e-01	1.819700858609984e-01
%
% index = 1372, name = bbob_f013_i17_d03__bbob_f015_i18_d03
% instance = 8, reference value = 7.802835704558470e-01
% function evaluation | indicator value | target hit
1	1.340573492768637e+00	1.348962882591654e+00
23	1.317615864095043e+00	1.318256738556407e+00
25	1.253496765496612e+00	1.258925411794167e+00
32	1.217605963792224e+00	1.230268770812382e+00
46	1.191598494179545e+00	1.202264434617413e+00
67	1.144534219448251e+00	1.148153621496883e+00
74	1.065717932376063e+00	1.071519305237606e+00
102	1.039676245253049e+00	1.047128548050900e+00
109	1.017695105015847e+00	1.023292992280754e+00
116	9.914405172375811e-01	1.000000000000000e+00
130	9.752665962658470e-01	9.772372209558107e-01
137	9.543216911313469e-01	9.549925860214360e-01
144	9.105755665213470e-01	9.120108393559098e-01
207	8.600280487518469e-01	8.709635899560807e-01
214	8.228713712743468e-01	8.317637711026710e-01
221	7.864961806548468e-01	7.943282347242815e-01
242	7.747222358182817e-01	7.762471166286917e-01
256	7.553454726416213e-01	7.585775750291838e-01
263	7.292057939660057e-01	7.413102413009175e-01
270	7.214851387970002e-01	7.244359600749900e-01
305	6.941548605160948e-01	7.079457843841379e-01
312	6.884288830507077e-01	6.918309709189365e-01
354	6.638877494326614e-01	6.760829753919817e-01
361	6.161795189046855e-01	6.165950018614822e-01
781	6.014943161982838e-01	6.025595860743578e-01
5966	5.783238508672262e-01	5.888436553555889e-01
5973	5.723808301722189e-01	5.754399373371569e-01
6418	5.602313979391850e-01	5.623413251903491e-01
7387	5.494537675270379e-01	5.495408738576245e-01
15681	5.271756101007044e-01	5.370317963702527e-01
15688	5.058085446215358e-01	5.128613839913648e-01
16302	4.889635567303304e-01	4.897788193684462e-01
21518	4.563933245237765e-01	4.570881896148750e-01
21525	4.408394851539710e-01	4.466835921509631e-01
21885	4.301724222668772e-01	4.365158322401660e-01
21953	4.103593931949763e-01	4.168693834703354e-01
22022	4.038061023508380e-01	4.073802778041127e-01
22663	3.930850891332235e-01	3.981071705534972e-01
22728	3.795289819555124e-01	3.801893963205612e-01
22825	3.674300660830220e-01	3.715352290971726e-01
22848	3.627370504821397e-01	3.630780547701014e-01
22856	3.516426765995352e-01	3.548133892335755e-01
28229	3.411226473334897e-01	3.467368504525316e-01
28592	3.377093767306778e-01	3.388441561392025e-01
30168	3.304514124316459e-01	3.311311214825911e-01
30171	3.178508990010206e-01	3.235936569296283e-01
30178	3.154179711577050e-01	3.162277660168379e-01
31231	3.074538738433064e-01	3.090295432513591e-01
32450	3.002026967214790e-01	3.019951720402016e-01
41841	2.949364547453645e-01	2.951209226666385e-01
43436	2.880253025625772e-01	2.884031503126606e-01
43580	2.803471562509323e-01	2.818382931264454e-01
43912	2.744923578924762e-01	2.754228703338166e-01
44608	2.672908991025280e-01	2.691534803926916e-01
46464	2.626420807806433e-01	2.630267991895382e-01
46488	2.539268856896418e-01	2.570395782768864e-01
48654	2.509985002717208e-01	2.511886431509580e-01
50121	2.453074443956427e-01	2.454708915685030e-01
76620	2.393729470631715e-01	2.398832919019490e-01
91735	2.340283091605792e-01	2.344228815319922e-01
103230	2.242763562617996e-01	2.290867652767773e-01
103443	2.238617143666657e-01	2.238721138568339e-01
123271	2.176649646018932e-01	2.187761623949552e-01
126382	2.137615880778360e-01	2.137962089502232e-01
148037	2.063017210702808e-01	2.089296130854039e-01
148124	2.031430077056929e-01	2.041737944669530e-01
149871	1.989983038069132e-01	1.995262314968880e-01
153232	1.935583342963680e-01	1.949844599758045e-01
157364	1.892758030863102e-01	1.905460717963247e-01
157850	1.858487565612669e-01	1.862087136662867e-01
157974	1.811452385037428e-01	1.819700858609984e-01
162673	1.777103782090466e-01	1.778279410038923e-01
163089	1.730132228474911e-01	1.737800828749375e-01
165289	1.695045468247335e-01	1.698243652461744e-01
166959	1.652417823591600e-01	1.659586907437560e-01
168168	1.615703909987042e-01	1.621810097358930e-01
168316	1.568620727037970e-01	1.584893192461113e-01
169456	1.543681957244623e-01	1.548816618912481e-01
248543	1.513104359441962e-01	1.513561248436208e-01
248658	1.397286064018008e-01	1.412537544622754e-01
248665	1.372478243709278e-01	1.380384264602885e-01
250358	1.260142936297765e-01	1.288249551693134e-01
250372	1.257813717174801e-01	1.258925411794167e-01
250926	1.169952273793138e-01	1.174897554939529e-01
251043	1.147722168360359e-01	1.148153621496883e-01
254045	1.114788297910106e-01	1.122018454301964e-01
254204	1.095052488322327e-01	1.096478196143185e-01
256249	1.049670389055265e-01	1.071519305237607e-01
256396	1.025088493279360e-01	1.047128548050900e-01
256458	1.023259149415697e-01	1.023292992280754e-01
260675	9.903332782966201e-02	1.000000000000000e-01
265497	9.658608506606092e-02	9.772372209558107e-02
273360	9.548598667219566e-02	9.549925860214359e-02
300000	9.531017771420180e-02	9.549925860214359e-02
%
% index = 1373, name = bbob_f013_i19_d03__bbob_f015_i21_d03
% instance = 9, reference value = 9.720841713909880e-01
% function evaluation | indicator value | target hit
1	2.042098085502488e+00	2.089296130854040e+00
18	2.041566053818488e+00	2.041737944669529e+00
25	1.974322835579488e+00	1.995262314968880e+00
32	1.921672421982488e+00	1.949844599758045e+00
39	1.856657129095488e+00	1.862087136662868e+00
46	1.812756736747488e+00	1.819700858609983e+00
53	1.711723741314488e+00	1.737800828749375e+00
60	1.648705428113488e+00	1.659586907437561e+00
67	1.565094372108988e+00	1.584893192461114e+00
74	1.547222842581988e+00	1.548816618912481e+00
81	1.494936766888488e+00	1.513561248436208e+00
88	1.404150458122988e+00	1.412537544622754e+00
95	1.345722767862988e+00	1.348962882591654e+00
102	1.276195041428488e+00	1.288249551693134e+00
109	1.230334037864988e+00	1.258925411794167e+00
116	1.157320196296488e+00	1.174897554939530e+00
130	1.127934187210988e+00	1.148153621496883e+00
137	1.056764255141488e+00	1.071519305237606e+00
151	1.030599428881988e+00	1.047128548050900e+00
158	9.854357051799880e-01	1.000000000000000e+00
165	9.232872178998299e-01	9.332543007969910e-01
172	8.889902563368207e-01	8.912509381337456e-01
179	8.478795305219463e-01	8.511380382023764e-01
200	8.178804774170968e-01	8.317637711026710e-01
207	7.688476968658908e-01	7.762471166286917e-01
214	7.312652344882502e-01	7.413102413009175e-01
221	7.014260364069185e-01	7.079457843841379e-01
228	6.581614439575209e-01	6.606934480075960e-01
242	6.390096229613983e-01	6.456542290346555e-01
249	6.267882206499138e-01	6.309573444801932e-01
256	5.861255004436201e-01	5.888436553555889e-01
263	5.441291448279604e-01	5.495408738576245e-01
270	5.041333077327262e-01	5.128613839913648e-01
277	4.881730547521953e-01	4.897788193684462e-01
284	4.765191130914871e-01	4.786300923226383e-01
566	4.615889454577832e-01	4.677351412871982e-01
612	4.494098646144402e-01	4.570881896148750e-01
660	4.272620884724848e-01	4.365158322401660e-01
814	4.182978115996024e-01	4.265795188015927e-01
852	4.157747651948476e-01	4.168693834703354e-01
8272	3.954550198228822e-01	3.981071705534972e-01
8286	3.857115375873225e-01	3.890451449942806e-01
9318	3.786829033403964e-01	3.801893963205612e-01
9422	3.687045874496416e-01	3.715352290971726e-01
9491	3.568661452718281e-01	3.630780547701014e-01
9612	3.455445532140452e-01	3.467368504525316e-01
9635	3.335711769270692e-01	3.388441561392025e-01
9636	3.222989077068051e-01	3.235936569296283e-01
9643	3.003842616110551e-01	3.019951720402016e-01
15783	2.565800193360148e-01	2.570395782768864e-01
16184	2.456809615582541e-01	2.511886431509580e-01
16256	2.442334035261547e-01	2.454708915685030e-01
16944	2.365826053729978e-01	2.398832919019490e-01
22357	2.204848827597620e-01	2.238721138568339e-01
22364	2.170533978041880e-01	2.187761623949552e-01
22879	2.133825461197961e-01	2.137962089502232e-01
23705	2.066962549144657e-01	2.089296130854039e-01
23757	2.000461538911321e-01	2.041737944669530e-01
23832	1.866240585559629e-01	1.905460717963247e-01
23894	1.593847423970252e-01	1.621810097358930e-01
23918	1.577014817304955e-01	1.584893192461113e-01
23919	1.503382935400036e-01	1.513561248436208e-01
24268	1.416139333981006e-01	1.445439770745928e-01
24275	1.397476355939260e-01	1.412537544622754e-01
24282	9.470628299212469e-02	9.549925860214359e-02
24635	9.217399468281595e-02	9.332543007969910e-02
24727	9.118570163984585e-02	9.120108393559097e-02
25455	8.810370528672828e-02	8.912509381337455e-02
26183	8.708423772156626e-02	8.709635899560805e-02
39704	8.507428287966512e-02	8.511380382023763e-02
40611	8.039071564285927e-02	8.128305161640990e-02
48343	7.896994169754734e-02	7.943282347242814e-02
48350	7.589852454220480e-02	7.762471166286916e-02
48357	7.557414154627640e-02	7.585775750291836e-02
49987	7.393897699753371e-02	7.413102413009177e-02
50080	7.188054477795558e-02	7.244359600749903e-02
50088	7.042294879103028e-02	7.079457843841380e-02
50095	6.862488257595190e-02	6.918309709189366e-02
50535	6.754187630630493e-02	6.760829753919818e-02
50861	6.606561185698645e-02	6.606934480075961e-02
52134	6.425802381560797e-02	6.456542290346556e-02
52148	6.045063111947213e-02	6.165950018614822e-02
52155	5.976013421565318e-02	6.025595860743578e-02
52706	5.775694310063961e-02	5.888436553555890e-02
52726	5.752131730013221e-02	5.754399373371569e-02
55117	5.620491609604761e-02	5.623413251903491e-02
55153	5.467020547524115e-02	5.495408738576246e-02
55470	5.361952077088716e-02	5.370317963702527e-02
55515	5.194023375240431e-02	5.248074602497726e-02
63290	5.127425303932098e-02	5.128613839913648e-02
63805	4.936273204404151e-02	5.011872336272722e-02
78044	4.849588622963996e-02	4.897788193684462e-02
78058	4.741104836589671e-02	4.786300923226382e-02
78072	4.668521007814441e-02	4.677351412871981e-02
78968	4.551367684976970e-02	4.570881896148749e-02
81093	4.442126071184138e-02	4.466835921509630e-02
105942	3.772263205793425e-02	3.801893963205612e-02
107713	3.715025431013419e-02	3.715352290971726e-02
107793	3.499677310866067e-02	3.548133892335755e-02
107906	3.178906964245376e-02	3.235936569296283e-02
109805	3.122867445643718e-02	3.162277660168379e-02
109822	3.050008174927055e-02	3.090295432513590e-02
109850	3.015941027537294e-02	3.019951720402016e-02
109883	2.914709937366888e-02	2.951209226666385e-02
115510	2.883906783100476e-02	2.884031503126606e-02
161982	2.815046006319311e-02	2.818382931264454e-02
192490	2.721888763211822e-02	2.754228703338166e-02
192497	2.683137803833469e-02	2.691534803926915e-02
193159	2.579329485921389e-02	2.630267991895381e-02
193229	2.559446800136267e-02	2.570395782768863e-02
193250	2.504579428360110e-02	2.511886431509579e-02
193333	2.451228665208616e-02	2.454708915685030e-02
195348	2.380571821710575e-02	2.398832919019490e-02
195422	2.338865852881922e-02	2.344228815319923e-02
195610	2.278784245852583e-02	2.290867652767773e-02
198338	2.189264947565550e-02	2.238721138568340e-02
198552	2.176454839309749e-02	2.187761623949553e-02
201636	2.014747332549482e-02	2.041737944669529e-02
202828	1.982022773137648e-02	1.995262314968880e-02
202835	1.841713452913418e-02	1.862087136662868e-02
203225	1.766706158313514e-02	1.778279410038923e-02
203246	1.733863699845328e-02	1.737800828749375e-02
204220	1.698237976721406e-02	1.698243652461744e-02
207119	1.658844509605140e-02	1.659586907437561e-02
214254	1.570609710694648e-02	1.584893192461113e-02
214362	1.525726754218426e-02	1.548816618912481e-02
220286	1.493557303141413e-02	1.513561248436208e-02
220781	1.458417394351119e-02	1.479108388168207e-02
220863	1.423278414554052e-02	1.445439770745927e-02
220884	1.409350554550459e-02	1.412537544622754e-02
220958	1.378578358293170e-02	1.380384264602885e-02
226574	1.346376364162793e-02	1.348962882591653e-02
226734	1.318201611951864e-02	1.318256738556407e-02
300000	1.308882396899602e-02	1.318256738556407e-02
%
% index = 1374, name = bbob_f013_i21_d03__bbob_f015_i22_d03
% instance = 10, reference value = 7.838602329756730e-01
% function evaluation | indicator value | target hit
1	6.631439598550673e+00	6.760829753919817e+00
22	6.595622073268173e+00	6.606934480075959e+00
25	6.296024301463673e+00	6.309573444801933e+00
32	6.058563890129673e+00	6.165950018614822e+00
39	5.715373418112173e+00	5.754399373371569e+00
46	5.285271070534673e+00	5.370317963702527e+00
53	4.903449927311673e+00	5.011872336272722e+00
60	4.437904841181673e+00	4.466835921509632e+00
67	4.074320452324173e+00	4.168693834703354e+00
74	3.733405940015173e+00	3.801893963205611e+00
81	3.425517523705673e+00	3.467368504525317e+00
88	3.125014146123173e+00	3.162277660168380e+00
95	3.029766471824173e+00	3.090295432513591e+00
102	2.686466624763673e+00	2.691534803926916e+00
109	2.575447864818673e+00	2.630267991895382e+00
116	2.297715984140173e+00	2.344228815319922e+00
123	2.126696149253673e+00	2.137962089502232e+00
130	2.076850174585673e+00	2.089296130854040e+00
137	2.032864242291673e+00	2.041737944669529e+00
144	1.979903655264673e+00	1.995262314968880e+00
151	1.888054290235173e+00	1.905460717963247e+00
158	1.774364475993173e+00	1.778279410038923e+00
165	1.689925148434173e+00	1.698243652461744e+00
1080	1.628255273263173e+00	1.659586907437561e+00
1101	1.555925746165673e+00	1.584893192461114e+00
1129	1.456157938592173e+00	1.479108388168207e+00
1136	1.436152103952173e+00	1.445439770745927e+00
1143	1.385626050341673e+00	1.412537544622754e+00
1150	1.325757077932173e+00	1.348962882591654e+00
3019	1.317352749750173e+00	1.318256738556407e+00
3733	6.274437651208924e-01	6.309573444801932e-01
3756	6.132306975901978e-01	6.165950018614822e-01
3757	6.014370503221902e-01	6.025595860743578e-01
3764	5.817112197516382e-01	5.888436553555889e-01
3778	5.699588485039084e-01	5.754399373371569e-01
8028	5.571685233801287e-01	5.623413251903491e-01
8043	5.210471068737524e-01	5.248074602497725e-01
8050	5.062897350388905e-01	5.128613839913648e-01
8058	5.011668431993898e-01	5.011872336272722e-01
20409	4.827902370453250e-01	4.897788193684462e-01
20416	4.562744271849142e-01	4.570881896148750e-01
23073	4.466145561913765e-01	4.466835921509631e-01
25223	4.188083330850602e-01	4.265795188015927e-01
26236	4.165757387689963e-01	4.168693834703354e-01
26435	4.059501791199326e-01	4.073802778041127e-01
26935	3.976874937165297e-01	3.981071705534972e-01
27199	3.860623544295329e-01	3.890451449942806e-01
28210	3.791223452115524e-01	3.801893963205612e-01
28325	3.667368586201914e-01	3.715352290971726e-01
34033	3.613820153113252e-01	3.630780547701014e-01
35657	3.539385457300168e-01	3.548133892335755e-01
72780	3.455693739040936e-01	3.467368504525316e-01
76459	3.356923250063275e-01	3.388441561392025e-01
78290	3.287552626014598e-01	3.311311214825911e-01
78297	3.206968021487217e-01	3.235936569296283e-01
84054	3.151930365798408e-01	3.162277660168379e-01
84061	3.078507078185925e-01	3.090295432513591e-01
84069	3.013180410858939e-01	3.019951720402016e-01
91487	2.936885728085116e-01	2.951209226666385e-01
91516	2.872754623681261e-01	2.884031503126606e-01
91523	2.775433835168899e-01	2.818382931264454e-01
91537	2.749518975704371e-01	2.754228703338166e-01
91572	2.685405147605141e-01	2.691534803926916e-01
91580	2.621551481139823e-01	2.630267991895382e-01
91594	2.568474866426343e-01	2.570395782768864e-01
91622	2.453129308463055e-01	2.454708915685030e-01
91657	2.374544106194629e-01	2.398832919019490e-01
91687	2.315445830922087e-01	2.344228815319922e-01
91694	2.248077785265712e-01	2.290867652767773e-01
91722	2.213900444125413e-01	2.238721138568339e-01
91744	2.165712082668810e-01	2.187761623949552e-01
91765	2.124039816607184e-01	2.137962089502232e-01
91861	2.082086223681662e-01	2.089296130854039e-01
91876	2.018566936452316e-01	2.041737944669530e-01
91883	1.962892995282635e-01	1.995262314968880e-01
91890	1.913091471035211e-01	1.949844599758045e-01
94174	1.904679411607301e-01	1.905460717963247e-01
98185	1.853972387687776e-01	1.862087136662867e-01
98231	1.789937994849079e-01	1.819700858609984e-01
99108	1.778159788454480e-01	1.778279410038923e-01
100986	1.705513092446125e-01	1.737800828749375e-01
104860	1.696717125420830e-01	1.698243652461744e-01
105918	1.619893780181233e-01	1.621810097358930e-01
108334	1.582163300459145e-01	1.584893192461113e-01
110274	1.545780792741647e-01	1.548816618912481e-01
130505	1.512533429192597e-01	1.513561248436208e-01
146392	1.478167823732222e-01	1.479108388168208e-01
153337	1.445389080743595e-01	1.445439770745928e-01
163879	1.409983747991278e-01	1.412537544622754e-01
167024	1.380114767165773e-01	1.380384264602885e-01
178739	1.347492911238234e-01	1.348962882591654e-01
300000	1.325681128902263e-01	1.348962882591654e-01
