%
% index = 1755, name = bbob_f001_i02_d05__bbob_f017_i04_d05
% instance = 1, reference value = 9.428108657959910e-01
% function evaluation | indicator value | target hit
1	9.406466557629368e-01	9.549925860214360e-01
29	9.306755199674386e-01	9.332543007969910e-01
51	9.059254215281368e-01	9.120108393559098e-01
74	8.872866918789041e-01	8.912509381337456e-01
118	8.704050579686030e-01	8.709635899560807e-01
184	8.481029999652073e-01	8.511380382023764e-01
272	8.307454284748832e-01	8.317637711026710e-01
470	8.123396748474296e-01	8.128305161640993e-01
712	7.936927891954766e-01	7.943282347242815e-01
976	7.758795632227524e-01	7.762471166286917e-01
1273	7.585456641544779e-01	7.585775750291838e-01
1625	7.411662748571384e-01	7.413102413009175e-01
2043	7.242472247727182e-01	7.244359600749900e-01
2560	7.077659511276869e-01	7.079457843841379e-01
3242	6.916242459460806e-01	6.918309709189365e-01
4050	6.708885356653982e-01	6.760829753919817e-01
4723	6.606481724557972e-01	6.606934480075960e-01
6554	6.456360295071849e-01	6.456542290346555e-01
26032	6.292180377479903e-01	6.309573444801932e-01
32108	6.140904754848131e-01	6.165950018614822e-01
129695	6.015373073743617e-01	6.025595860743578e-01
129838	5.888082177347672e-01	5.888436553555889e-01
130890	5.752794759842823e-01	5.754399373371569e-01
133415	5.607531582506782e-01	5.623413251903491e-01
134942	5.346861083723814e-01	5.370317963702527e-01
136186	5.232272811646956e-01	5.248074602497725e-01
139863	5.108552445920896e-01	5.128613839913648e-01
161150	4.855660463828074e-01	4.897788193684462e-01
162389	4.750562134025719e-01	4.786300923226383e-01
162786	4.674915230627414e-01	4.677351412871982e-01
194509	4.570794350581176e-01	4.570881896148750e-01
296494	4.319233272205425e-01	4.365158322401660e-01
297556	4.184100466178793e-01	4.265795188015927e-01
299393	4.165601536196052e-01	4.168693834703354e-01
341017	4.009500415719078e-01	4.073802778041127e-01
342950	3.950692863173947e-01	3.981071705534972e-01
345190	3.855115928032523e-01	3.890451449942806e-01
347548	3.784278393420389e-01	3.801893963205612e-01
353114	3.710825021384785e-01	3.715352290971726e-01
500000	3.705984935465862e-01	3.715352290971726e-01
%
% index = 1756, name = bbob_f001_i03_d05__bbob_f017_i05_d05
% instance = 2, reference value = 9.096022498586250e-01
% function evaluation | indicator value | target hit
1	5.820967776237574e+00	5.888436553555890e+00
29	5.708112782238462e+00	5.754399373371569e+00
95	5.619439033930720e+00	5.623413251903491e+00
139	5.491447860020711e+00	5.495408738576246e+00
217	5.310331425650355e+00	5.370317963702527e+00
307	5.243035197750110e+00	5.248074602497725e+00
431	5.015282109040625e+00	5.128613839913648e+00
442	4.912832234938625e+00	5.011872336272722e+00
464	4.880816775424625e+00	4.897788193684462e+00
486	4.760414653519974e+00	4.786300923226384e+00
530	4.642104199220152e+00	4.677351412871983e+00
574	4.562870475715653e+00	4.570881896148751e+00
641	4.428365531802709e+00	4.466835921509632e+00
708	4.347933323491373e+00	4.365158322401660e+00
1298	4.217311782926611e+00	4.265795188015927e+00
1309	4.026665137390021e+00	4.073802778041127e+00
1320	3.853461215638125e+00	3.890451449942806e+00
1331	3.731082942522625e+00	3.801893963205611e+00
1342	3.668772235467125e+00	3.715352290971725e+00
1353	3.623717497545125e+00	3.630780547701014e+00
1375	3.527976182154818e+00	3.548133892335755e+00
1430	3.415045450319482e+00	3.467368504525317e+00
1463	3.372690530211548e+00	3.388441561392026e+00
1507	3.187698585516241e+00	3.235936569296283e+00
1519	3.112190833342125e+00	3.162277660168380e+00
1530	2.966036578176625e+00	3.019951720402016e+00
1541	2.908104897241625e+00	2.951209226666386e+00
1552	2.877617067995125e+00	2.884031503126606e+00
1618	2.787852144228682e+00	2.818382931264454e+00
1629	2.753228811500670e+00	2.754228703338166e+00
1706	2.650412767246625e+00	2.691534803926916e+00
1717	2.473967683364625e+00	2.511886431509580e+00
1728	2.401342916479125e+00	2.454708915685031e+00
1739	2.335457592776125e+00	2.344228815319922e+00
1750	2.266993463317625e+00	2.290867652767773e+00
1761	2.199322882501344e+00	2.238721138568339e+00
1784	2.178127425519625e+00	2.187761623949553e+00
1806	2.073899097718408e+00	2.089296130854040e+00
1817	1.969296690973823e+00	1.995262314968880e+00
1840	1.946566002019625e+00	1.949844599758045e+00
1851	1.837232106254941e+00	1.862087136662868e+00
1862	1.770494402368625e+00	1.778279410038923e+00
1873	1.732442926511491e+00	1.737800828749375e+00
1885	1.669745197993125e+00	1.698243652461744e+00
1896	1.639794242263625e+00	1.659586907437561e+00
1907	1.602069127815625e+00	1.621810097358930e+00
1918	1.554112008270625e+00	1.584893192461114e+00
1929	1.516936188564125e+00	1.548816618912481e+00
1940	1.494710153116625e+00	1.513561248436208e+00
1951	1.475071449826125e+00	1.479108388168207e+00
1973	1.441363171367125e+00	1.445439770745927e+00
2006	1.405700445853625e+00	1.412537544622754e+00
2050	1.374152033595625e+00	1.380384264602885e+00
2149	1.347063535912125e+00	1.348962882591654e+00
2271	1.275253567128671e+00	1.288249551693134e+00
2282	1.191298224753875e+00	1.202264434617413e+00
2294	1.131023963111625e+00	1.148153621496883e+00
2305	1.114401887100625e+00	1.122018454301963e+00
2316	1.093789438168125e+00	1.096478196143185e+00
2327	1.065356987116125e+00	1.071519305237606e+00
2338	1.032832355295625e+00	1.047128548050900e+00
2349	1.009684666990125e+00	1.023292992280754e+00
2360	9.969593407586249e-01	1.000000000000000e+00
2404	9.710109349361250e-01	9.772372209558107e-01
2448	9.532490081856250e-01	9.549925860214360e-01
2481	9.240866269736251e-01	9.332543007969910e-01
14944	8.975433653293595e-01	9.120108393559098e-01
15179	8.492159917435403e-01	8.511380382023764e-01
15191	7.889488090867626e-01	7.943282347242815e-01
15202	7.566055429463096e-01	7.585775750291838e-01
15235	7.404488205336969e-01	7.413102413009175e-01
15500	6.790458973623100e-01	6.918309709189365e-01
15511	6.258106387400255e-01	6.309573444801932e-01
15534	6.082699242888305e-01	6.165950018614822e-01
15556	5.997415048698947e-01	6.025595860743578e-01
15699	5.886967061636552e-01	5.888436553555889e-01
16118	5.727927172098544e-01	5.754399373371569e-01
16130	5.149131124821917e-01	5.248074602497725e-01
16152	5.118347394355371e-01	5.128613839913648e-01
16240	5.006926903865767e-01	5.011872336272722e-01
16394	4.895732251588304e-01	4.897788193684462e-01
52425	4.677920461488286e-01	4.786300923226383e-01
52444	4.677278894923474e-01	4.677351412871982e-01
53642	4.564207070241674e-01	4.570881896148750e-01
55121	4.383345834356142e-01	4.466835921509631e-01
55733	4.244797454603570e-01	4.265795188015927e-01
77076	3.582193507255579e-01	3.630780547701014e-01
77098	2.996096824278495e-01	3.019951720402016e-01
77120	2.836198688167437e-01	2.884031503126606e-01
77142	2.796433017893981e-01	2.818382931264454e-01
136774	2.729114973279622e-01	2.754228703338166e-01
139738	2.688284364373549e-01	2.691534803926916e-01
198766	2.629190863954853e-01	2.630267991895382e-01
198833	2.511806264469000e-01	2.511886431509580e-01
198844	2.425249165863024e-01	2.454708915685030e-01
198868	2.394945675235823e-01	2.398832919019490e-01
198890	2.312311572845575e-01	2.344228815319922e-01
198901	2.288210194749535e-01	2.290867652767773e-01
199012	2.188871244412327e-01	2.238721138568339e-01
199024	2.083579051862023e-01	2.089296130854039e-01
199035	1.991891896217367e-01	1.995262314968880e-01
199057	1.946676001560363e-01	1.949844599758045e-01
199090	1.904175793038126e-01	1.905460717963247e-01
199123	1.848292690652953e-01	1.862087136662867e-01
199156	1.810696112827314e-01	1.819700858609984e-01
199212	1.774192628878084e-01	1.778279410038923e-01
199223	1.735120434178145e-01	1.737800828749375e-01
199234	1.694677762128004e-01	1.698243652461744e-01
199300	1.641313111062778e-01	1.659586907437560e-01
199311	1.618452964327692e-01	1.621810097358930e-01
199740	1.583385870003271e-01	1.584893192461113e-01
199751	1.533894609927132e-01	1.548816618912481e-01
199763	1.507499878003632e-01	1.513561248436208e-01
201369	1.461108795259580e-01	1.479108388168208e-01
202199	1.427478402732989e-01	1.445439770745928e-01
202210	1.411337712923630e-01	1.412537544622754e-01
204001	1.355440650305397e-01	1.380384264602885e-01
204301	1.297176419353885e-01	1.318256738556407e-01
204600	1.237856828068031e-01	1.258925411794167e-01
208004	1.228962725795280e-01	1.230268770812381e-01
211366	1.201472040821534e-01	1.202264434617413e-01
230636	1.164429069412632e-01	1.174897554939529e-01
230709	1.146703952675896e-01	1.148153621496883e-01
268907	1.121292535238697e-01	1.122018454301964e-01
275589	1.095986046145818e-01	1.096478196143185e-01
304649	1.062350905048427e-01	1.071519305237607e-01
327062	1.044558774647321e-01	1.047128548050900e-01
357337	1.021514628135661e-01	1.023292992280754e-01
500000	1.001381046682575e-01	1.023292992280754e-01
%
% index = 1757, name = bbob_f001_i07_d05__bbob_f017_i08_d05
% instance = 3, reference value = 8.055088537502900e-01
% function evaluation | indicator value | target hit
1	1.283045113844746e+00	1.288249551693134e+00
26	1.247841492785726e+00	1.258925411794167e+00
27	1.216176492082559e+00	1.230268770812382e+00
28	1.168020533868321e+00	1.174897554939530e+00
40	1.077378729378401e+00	1.096478196143185e+00
51	1.068280658577035e+00	1.071519305237606e+00
28751	1.034730656241790e+00	1.047128548050900e+00
30124	9.357723365687901e-01	9.549925860214360e-01
32640	8.579161634662901e-01	8.709635899560807e-01
37177	8.032834347116645e-01	8.128305161640993e-01
43281	7.875128191491171e-01	7.943282347242815e-01
187459	7.611151410918465e-01	7.762471166286917e-01
188514	7.505311865862907e-01	7.585775750291838e-01
189419	7.410209820973450e-01	7.413102413009175e-01
200741	7.224330622196273e-01	7.244359600749900e-01
200941	6.968925410744927e-01	7.079457843841379e-01
201339	6.548751054131823e-01	6.606934480075960e-01
201739	6.222337491648120e-01	6.309573444801932e-01
202808	6.155912559763380e-01	6.165950018614822e-01
500000	6.151633374622296e-01	6.165950018614822e-01
%
% index = 1758, name = bbob_f001_i09_d05__bbob_f017_i10_d05
% instance = 4, reference value = 9.278927588324040e-01
% function evaluation | indicator value | target hit
1	8.965392335762083e+00	9.120108393559097e+00
26	8.877300901712301e+00	8.912509381337454e+00
40	8.529887242882833e+00	8.709635899560805e+00
51	8.024058035672612e+00	8.128305161640993e+00
62	7.752607026865354e+00	7.762471166286917e+00
96	7.546877123699145e+00	7.585775750291837e+00
164	7.328183293030643e+00	7.413102413009175e+00
245	7.233887040201662e+00	7.244359600749901e+00
301	7.053372010084999e+00	7.079457843841379e+00
380	6.670981231159485e+00	6.760829753919817e+00
391	6.168309048915698e+00	6.309573444801933e+00
402	6.125106613541041e+00	6.165950018614822e+00
413	5.919888685498748e+00	6.025595860743578e+00
424	5.855972581459736e+00	5.888436553555890e+00
492	5.659234809804986e+00	5.754399373371569e+00
514	5.359848635652568e+00	5.370317963702527e+00
525	5.182067356076060e+00	5.248074602497725e+00
536	5.112803227939973e+00	5.128613839913648e+00
558	4.819941350950215e+00	4.897788193684462e+00
569	4.589562009052880e+00	4.677351412871983e+00
580	4.386556528728805e+00	4.466835921509632e+00
591	4.222584826199036e+00	4.265795188015927e+00
624	4.143119997105106e+00	4.168693834703354e+00
657	3.984633930631443e+00	4.073802778041127e+00
668	3.668130021753099e+00	3.715352290971725e+00
679	3.470383302438105e+00	3.548133892335755e+00
690	3.310921237427200e+00	3.311311214825911e+00
701	3.186736731025052e+00	3.235936569296283e+00
712	3.114574730917106e+00	3.162277660168380e+00
734	3.077319563841072e+00	3.090295432513591e+00
745	3.004374757888449e+00	3.019951720402016e+00
756	2.754135096908426e+00	2.754228703338166e+00
767	2.583874513446802e+00	2.630267991895382e+00
778	2.504309703778159e+00	2.511886431509580e+00
899	2.324731654646479e+00	2.344228815319922e+00
921	2.201101933862434e+00	2.238721138568339e+00
932	2.126559535493383e+00	2.137962089502232e+00
943	2.068816278359559e+00	2.089296130854040e+00
954	2.018597259957197e+00	2.041737944669529e+00
976	1.992942993440442e+00	1.995262314968880e+00
39052	1.892867345119278e+00	1.905460717963247e+00
39075	1.858837619217190e+00	1.862087136662868e+00
60719	1.748587196028268e+00	1.778279410038923e+00
60785	1.736650055545246e+00	1.737800828749375e+00
60818	1.676114653203404e+00	1.698243652461744e+00
60829	1.598892695637249e+00	1.621810097358930e+00
60862	1.578511265668904e+00	1.584893192461114e+00
60973	1.519835064097589e+00	1.548816618912481e+00
60984	1.505518280245759e+00	1.513561248436208e+00
60995	1.462074561807904e+00	1.479108388168207e+00
61006	1.375183196254639e+00	1.380384264602885e+00
61029	1.285076313110904e+00	1.288249551693134e+00
61040	1.231447852325904e+00	1.258925411794167e+00
61051	1.185335744493790e+00	1.202264434617413e+00
61062	1.080656853309404e+00	1.096478196143185e+00
61073	1.032198773478904e+00	1.047128548050900e+00
61085	9.823472173034040e-01	1.000000000000000e+00
61096	9.702278200994039e-01	9.772372209558107e-01
61129	9.155484318518925e-01	9.332543007969910e-01
61151	9.030249038868656e-01	9.120108393559098e-01
61218	8.805102793399462e-01	8.912509381337456e-01
61374	8.648939675038761e-01	8.709635899560807e-01
61385	8.182168690800696e-01	8.317637711026710e-01
61574	7.915553061863134e-01	7.943282347242815e-01
62041	7.626760679296450e-01	7.762471166286917e-01
62052	7.437561113002112e-01	7.585775750291838e-01
62063	6.282981213756043e-01	6.309573444801932e-01
99388	6.164876632612364e-01	6.165950018614822e-01
99399	5.636478906366233e-01	5.754399373371569e-01
99410	4.785399914217282e-01	4.786300923226383e-01
100761	4.546129911449457e-01	4.570881896148750e-01
100949	4.327209270525698e-01	4.365158322401660e-01
101260	4.222165696593835e-01	4.265795188015927e-01
149729	4.159790769156493e-01	4.168693834703354e-01
149861	4.056205514432417e-01	4.073802778041127e-01
150017	3.692373211626528e-01	3.715352290971726e-01
150207	3.521372605048625e-01	3.548133892335755e-01
150551	3.450195741834228e-01	3.467368504525316e-01
160695	3.263739357083381e-01	3.311311214825911e-01
161062	2.929049369083906e-01	2.951209226666385e-01
161730	2.822088234330782e-01	2.884031503126606e-01
161754	2.818074868923519e-01	2.818382931264454e-01
500000	2.816527088693175e-01	2.818382931264454e-01
%
% index = 1759, name = bbob_f001_i11_d05__bbob_f017_i12_d05
% instance = 5, reference value = 9.179987819252690e-01
% function evaluation | indicator value | target hit
1	3.351087507973253e+00	3.388441561392026e+00
27	3.281753253447538e+00	3.311311214825911e+00
28	3.209415880781353e+00	3.235936569296283e+00
29	3.076418588775260e+00	3.090295432513591e+00
40	2.909945148366803e+00	2.951209226666386e+00
73	2.769499192786547e+00	2.818382931264454e+00
84	2.701303415375015e+00	2.754228703338166e+00
95	2.585494902908450e+00	2.630267991895382e+00
106	2.539869534644635e+00	2.570395782768863e+00
150	2.493251685645735e+00	2.511886431509580e+00
316	2.371793709397451e+00	2.398832919019490e+00
327	2.276801525003646e+00	2.290867652767773e+00
349	2.189587580709632e+00	2.238721138568339e+00
371	2.184216021498035e+00	2.187761623949553e+00
382	2.131843982402587e+00	2.137962089502232e+00
459	1.927358768306734e+00	1.949844599758045e+00
470	1.836519816909557e+00	1.862087136662868e+00
481	1.795970028295446e+00	1.819700858609983e+00
492	1.767805776231680e+00	1.778279410038923e+00
503	1.673199574811949e+00	1.698243652461744e+00
767	1.588062324752323e+00	1.621810097358930e+00
789	1.476596345381760e+00	1.479108388168207e+00
822	1.416797711136856e+00	1.445439770745927e+00
833	1.375916690673205e+00	1.380384264602885e+00
987	1.231952218762269e+00	1.258925411794167e+00
998	1.006277968557269e+00	1.023292992280754e+00
1262	9.517566731742689e-01	9.549925860214360e-01
1295	9.218704527867690e-01	9.332543007969910e-01
47047	8.977662426192849e-01	9.120108393559098e-01
47058	8.745560958435917e-01	8.912509381337456e-01
49754	8.572714216440792e-01	8.709635899560807e-01
50575	8.472943646501360e-01	8.511380382023764e-01
77711	8.184848215176530e-01	8.317637711026710e-01
78199	8.106168820294519e-01	8.128305161640993e-01
93932	7.315153762651607e-01	7.413102413009175e-01
94157	7.073604616605925e-01	7.079457843841379e-01
134071	6.851477004566304e-01	6.918309709189365e-01
134126	6.583538839698706e-01	6.606934480075960e-01
134159	6.453850877469006e-01	6.456542290346555e-01
135091	5.908104915204426e-01	6.025595860743578e-01
135114	5.875297064270140e-01	5.888436553555889e-01
136141	5.736375492383441e-01	5.754399373371569e-01
171046	5.615167348547717e-01	5.623413251903491e-01
171242	5.405305271822781e-01	5.495408738576245e-01
171354	4.819228991095699e-01	4.897788193684462e-01
171544	4.605607446173779e-01	4.677351412871982e-01
171568	4.564328750281743e-01	4.570881896148750e-01
204172	4.455560153732224e-01	4.466835921509631e-01
247967	4.341774869300213e-01	4.365158322401660e-01
248280	3.976421372966493e-01	3.981071705534972e-01
248616	3.632978346188692e-01	3.715352290971726e-01
248636	3.630678264925618e-01	3.630780547701014e-01
249183	3.374099187803054e-01	3.388441561392025e-01
249209	3.308921079732197e-01	3.311311214825911e-01
249717	3.209027651954797e-01	3.235936569296283e-01
249742	3.160456922347169e-01	3.162277660168379e-01
250869	3.086307554204254e-01	3.090295432513591e-01
253807	3.015190530940187e-01	3.019951720402016e-01
500000	2.997776567590477e-01	3.019951720402016e-01
%
% index = 1760, name = bbob_f001_i13_d05__bbob_f017_i14_d05
% instance = 6, reference value = 8.891282021927250e-01
% function evaluation | indicator value | target hit
1	3.878493874788964e+00	3.890451449942806e+00
27	3.769335138199853e+00	3.801893963205611e+00
28	3.668916781340345e+00	3.715352290971725e+00
29	3.503973952480569e+00	3.548133892335755e+00
40	3.329614383334509e+00	3.388441561392026e+00
205	3.287571172314586e+00	3.311311214825911e+00
227	3.179183389653587e+00	3.235936569296283e+00
238	3.046949764073864e+00	3.090295432513591e+00
249	2.873319196394456e+00	2.884031503126606e+00
260	2.775079849161591e+00	2.818382931264454e+00
271	2.586933510108274e+00	2.630267991895382e+00
282	2.432982757080924e+00	2.454708915685031e+00
293	2.309132871164199e+00	2.344228815319922e+00
304	2.223304148708175e+00	2.238721138568339e+00
315	2.163736762001895e+00	2.187761623949553e+00
348	2.122502195292560e+00	2.137962089502232e+00
535	2.002176361354799e+00	2.041737944669529e+00
546	1.819179489276150e+00	1.819700858609983e+00
557	1.673335274061615e+00	1.698243652461744e+00
568	1.568745823845694e+00	1.584893192461114e+00
579	1.511153166337086e+00	1.513561248436208e+00
37184	1.410323036417081e+00	1.412537544622754e+00
37386	1.214312624023111e+00	1.230268770812382e+00
74328	1.110557199611280e+00	1.122018454301963e+00
74807	1.068999941588028e+00	1.071519305237606e+00
82342	9.970838011977251e-01	1.000000000000000e+00
114771	9.697427851707251e-01	9.772372209558107e-01
114796	9.474097689827251e-01	9.549925860214360e-01
114831	9.321781455992250e-01	9.332543007969910e-01
120825	8.958472511497250e-01	9.120108393559098e-01
120848	8.904912554717249e-01	8.912509381337456e-01
141262	8.676553759502693e-01	8.709635899560807e-01
170964	8.427246466673617e-01	8.511380382023764e-01
195646	8.261606724344265e-01	8.317637711026710e-01
195891	7.635088453474275e-01	7.762471166286917e-01
209499	7.345827130087903e-01	7.413102413009175e-01
211078	6.941494467734546e-01	7.079457843841379e-01
211400	6.907656783919202e-01	6.918309709189365e-01
211404	6.698019987567223e-01	6.760829753919817e-01
222824	6.551596914014162e-01	6.606934480075960e-01
223841	6.255431675671361e-01	6.309573444801932e-01
225631	6.164682916303966e-01	6.165950018614822e-01
234025	5.871316236610973e-01	5.888436553555889e-01
252176	5.728681416281456e-01	5.754399373371569e-01
252368	5.549033979105849e-01	5.623413251903491e-01
252392	5.492136768507453e-01	5.495408738576245e-01
268282	5.284157170479851e-01	5.370317963702527e-01
268294	5.245455558993319e-01	5.248074602497725e-01
269883	5.011634909958351e-01	5.011872336272722e-01
287513	4.891879868686637e-01	4.897788193684462e-01
288297	4.737549120373716e-01	4.786300923226383e-01
288507	4.599182803081018e-01	4.677351412871982e-01
288532	4.570317729179765e-01	4.570881896148750e-01
309439	4.308395491844359e-01	4.365158322401660e-01
309675	4.247184780818890e-01	4.265795188015927e-01
331036	3.983045074566319e-01	4.073802778041127e-01
331059	3.980954617619220e-01	3.981071705534972e-01
343073	3.887172061751625e-01	3.890451449942806e-01
343564	3.769763799163505e-01	3.801893963205612e-01
343833	3.692601595161643e-01	3.715352290971726e-01
343859	3.630537260154003e-01	3.630780547701014e-01
349946	3.388903770868759e-01	3.467368504525316e-01
349964	3.388268411160344e-01	3.388441561392025e-01
350580	3.199534350801198e-01	3.235936569296283e-01
351983	3.143053462732514e-01	3.162277660168379e-01
500000	3.113106043470877e-01	3.162277660168379e-01
%
% index = 1761, name = bbob_f001_i15_d05__bbob_f017_i16_d05
% instance = 7, reference value = 9.018914528864880e-01
% function evaluation | indicator value | target hit
1	5.497476306066531e-01	5.623413251903491e-01
21	5.495401092873333e-01	5.495408738576245e-01
27	5.331611949302693e-01	5.370317963702527e-01
28	5.214495972015483e-01	5.248074602497725e-01
29	5.108071912348937e-01	5.128613839913648e-01
51	4.772562390308598e-01	4.786300923226383e-01
85	4.667407500820133e-01	4.677351412871982e-01
107	4.308163772514946e-01	4.365158322401660e-01
164	4.185834853843324e-01	4.265795188015927e-01
176	4.160979257047195e-01	4.168693834703354e-01
314	4.013307058996644e-01	4.073802778041127e-01
325	3.950467901003060e-01	3.981071705534972e-01
417	3.844438981325554e-01	3.890451449942806e-01
958	3.759160306448980e-01	3.801893963205612e-01
5018	3.581474411100329e-01	3.630780547701014e-01
6385	3.527175430818823e-01	3.548133892335755e-01
20322	3.214001119661978e-01	3.235936569296283e-01
69070	2.997739747837773e-01	3.019951720402016e-01
69126	2.950089366135208e-01	2.951209226666385e-01
69241	2.655938863561182e-01	2.691534803926916e-01
69309	2.629477553809717e-01	2.630267991895382e-01
89517	2.484734782449577e-01	2.511886431509580e-01
116781	2.365646728231882e-01	2.398832919019490e-01
132711	2.343752626592482e-01	2.344228815319922e-01
145648	2.275597940652183e-01	2.290867652767773e-01
145671	2.183294314231320e-01	2.187761623949552e-01
145693	2.132960894216874e-01	2.137962089502232e-01
145704	2.057135097191222e-01	2.089296130854039e-01
145716	2.025929327964594e-01	2.041737944669530e-01
174253	1.931020033063052e-01	1.949844599758045e-01
174308	1.884083018207050e-01	1.905460717963247e-01
199278	1.858620830213439e-01	1.862087136662867e-01
207719	1.732027312662449e-01	1.737800828749375e-01
209168	1.697123426908246e-01	1.698243652461744e-01
237852	1.645689447020003e-01	1.659586907437560e-01
237863	1.580261396285615e-01	1.584893192461113e-01
237973	1.444716429199007e-01	1.445439770745928e-01
240302	1.411553526397817e-01	1.412537544622754e-01
316967	1.377735509457039e-01	1.380384264602885e-01
319436	1.345655923388914e-01	1.348962882591654e-01
338838	1.314768471142276e-01	1.318256738556407e-01
338849	1.262253054335430e-01	1.288249551693134e-01
338860	1.206523720455377e-01	1.230268770812381e-01
338861	1.197646594504976e-01	1.202264434617413e-01
339347	1.158464458635433e-01	1.174897554939529e-01
339348	1.099654880016967e-01	1.122018454301964e-01
339370	1.080243742059116e-01	1.096478196143185e-01
339393	1.066183146686552e-01	1.071519305237607e-01
350969	1.045910922848393e-01	1.047128548050900e-01
362410	1.012106441360728e-01	1.023292992280754e-01
362411	9.887222273671126e-02	1.000000000000000e-01
362500	9.768196507965332e-02	9.772372209558107e-02
364635	9.516546033226392e-02	9.549925860214359e-02
369834	9.326226559210060e-02	9.332543007969910e-02
396678	9.083608431296275e-02	9.120108393559097e-02
396689	8.814871092046572e-02	8.912509381337455e-02
396700	8.138557449759065e-02	8.317637711026708e-02
396702	8.054285588602239e-02	8.128305161640990e-02
398271	7.918897577490991e-02	7.943282347242814e-02
427833	7.704854100296743e-02	7.762471166286916e-02
427867	7.508044782034751e-02	7.585775750291836e-02
428883	7.406385097464452e-02	7.413102413009177e-02
439664	7.221707351530515e-02	7.244359600749903e-02
442677	6.953951489039445e-02	7.079457843841380e-02
442722	6.895971536176027e-02	6.918309709189366e-02
442778	6.728690650201186e-02	6.760829753919818e-02
442789	6.441401993682627e-02	6.456542290346556e-02
442791	6.307979526440610e-02	6.309573444801933e-02
443772	6.117902333906966e-02	6.165950018614822e-02
470661	5.855671286931219e-02	5.888436553555890e-02
470705	5.726014684629976e-02	5.754399373371569e-02
471877	5.622809554390817e-02	5.623413251903491e-02
472593	5.482892383434657e-02	5.495408738576246e-02
499521	5.294997260625089e-02	5.370317963702527e-02
499587	5.247404838089675e-02	5.248074602497726e-02
500000	5.222218285319546e-02	5.248074602497726e-02
%
% index = 1762, name = bbob_f001_i17_d05__bbob_f017_i18_d05
% instance = 8, reference value = 9.132637693886040e-01
% function evaluation | indicator value | target hit
1	3.232934838684934e+00	3.235936569296283e+00
29	3.140300052131446e+00	3.162277660168380e+00
52	3.039816982137799e+00	3.090295432513591e+00
63	3.012072280037126e+00	3.019951720402016e+00
96	2.911212280043479e+00	2.951209226666386e+00
118	2.873204656971567e+00	2.884031503126606e+00
130	2.801892254835616e+00	2.818382931264454e+00
163	2.735874994741149e+00	2.754228703338166e+00
186	2.644687062006707e+00	2.691534803926916e+00
208	2.622764463274925e+00	2.630267991895382e+00
230	2.567966404300755e+00	2.570395782768863e+00
263	2.449525946133081e+00	2.454708915685031e+00
286	2.370386127876604e+00	2.398832919019490e+00
297	2.320084963245232e+00	2.344228815319922e+00
309	2.265651289580604e+00	2.290867652767773e+00
331	2.233767614981104e+00	2.238721138568339e+00
354	2.175375605533604e+00	2.187761623949553e+00
377	2.130940910225644e+00	2.137962089502232e+00
421	2.075435443927890e+00	2.089296130854040e+00
476	2.040616997593032e+00	2.041737944669529e+00
588	1.983501045181688e+00	1.995262314968880e+00
712	1.919371067708063e+00	1.949844599758045e+00
723	1.888469769951615e+00	1.905460717963247e+00
735	1.854652182157915e+00	1.862087136662868e+00
746	1.818498738679169e+00	1.819700858609983e+00
757	1.768250260658279e+00	1.778279410038923e+00
780	1.706589255037200e+00	1.737800828749375e+00
791	1.684993372947308e+00	1.698243652461744e+00
814	1.652037129826968e+00	1.659586907437561e+00
847	1.615824917431104e+00	1.621810097358930e+00
968	1.584568602479289e+00	1.584893192461114e+00
1089	1.514620672744976e+00	1.548816618912481e+00
1101	1.379742430317035e+00	1.380384264602885e+00
1112	1.340171286788342e+00	1.348962882591654e+00
1123	1.291077772279182e+00	1.318256738556407e+00
1146	1.250774961508810e+00	1.258925411794167e+00
1418	1.164879249058407e+00	1.174897554939530e+00
1576	1.076481926133104e+00	1.096478196143185e+00
1588	1.051254969347604e+00	1.071519305237606e+00
1599	9.698869466396040e-01	9.772372209558107e-01
1787	9.040380103647184e-01	9.120108393559098e-01
1810	8.749804053982163e-01	8.912509381337456e-01
1821	8.607606123715208e-01	8.709635899560807e-01
10173	8.508058495669857e-01	8.511380382023764e-01
10264	8.314462019769460e-01	8.317637711026710e-01
10864	7.946747310178204e-01	8.128305161640993e-01
10875	7.873132353905045e-01	7.943282347242815e-01
10920	7.456297265792043e-01	7.585775750291838e-01
10954	7.211404859162864e-01	7.244359600749900e-01
11315	7.031161345914223e-01	7.079457843841379e-01
42611	6.267477903875460e-01	6.309573444801932e-01
76894	6.165402868095713e-01	6.165950018614822e-01
77091	5.916011939406437e-01	6.025595860743578e-01
77223	5.750202173466474e-01	5.754399373371569e-01
77645	5.607346388657877e-01	5.623413251903491e-01
78958	5.472568940905145e-01	5.495408738576245e-01
80106	5.349984199094039e-01	5.370317963702527e-01
83076	5.247528012701499e-01	5.248074602497725e-01
96826	4.425048356327275e-01	4.466835921509631e-01
96881	3.987377933694451e-01	4.073802778041127e-01
96903	3.883572520468839e-01	3.890451449942806e-01
96947	3.794909350039662e-01	3.801893963205612e-01
97014	3.235144684919645e-01	3.235936569296283e-01
500000	3.196891067065823e-01	3.235936569296283e-01
%
% index = 1763, name = bbob_f001_i19_d05__bbob_f017_i21_d05
% instance = 9, reference value = 8.339322223748680e-01
% function evaluation | indicator value | target hit
1	8.056521926784319e+00	8.128305161640993e+00
25	7.928733221061791e+00	7.943282347242816e+00
941	7.679162897818155e+00	7.762471166286917e+00
952	7.361197113884419e+00	7.413102413009175e+00
996	5.443268956777603e+00	5.495408738576246e+00
1018	4.589477130812624e+00	4.677351412871983e+00
1040	3.763868550359275e+00	3.801893963205611e+00
1062	3.036938042297737e+00	3.090295432513591e+00
1106	2.051146427643368e+00	2.089296130854040e+00
1161	1.840924969032868e+00	1.862087136662868e+00
1315	1.757088250745868e+00	1.778279410038923e+00
1337	1.401403486106868e+00	1.412537544622754e+00
1524	1.208067726571368e+00	1.230268770812382e+00
1601	1.014966276095868e+00	1.023292992280754e+00
1612	9.589369339463680e-01	9.772372209558107e-01
1634	7.907222602584123e-01	7.943282347242815e-01
2726	7.701004253026691e-01	7.762471166286917e-01
2824	7.440914443406920e-01	7.585775750291838e-01
3046	7.239872294786022e-01	7.244359600749900e-01
9950	6.845285657726747e-01	6.918309709189365e-01
148059	6.087586029280478e-01	6.165950018614822e-01
149548	5.984203912195758e-01	6.025595860743578e-01
149574	5.886782715147303e-01	5.888436553555889e-01
196986	5.576512075535727e-01	5.623413251903491e-01
197835	5.475196172913037e-01	5.495408738576245e-01
227011	5.355665235280108e-01	5.370317963702527e-01
231197	5.131905506925775e-01	5.248074602497725e-01
231219	5.126713524633213e-01	5.128613839913648e-01
268274	5.004680141753314e-01	5.011872336272722e-01
426620	4.880114467990438e-01	4.897788193684462e-01
426631	4.695389356335195e-01	4.786300923226383e-01
426642	4.550593833030683e-01	4.570881896148750e-01
426653	4.388124341264583e-01	4.466835921509631e-01
426664	4.058663052667329e-01	4.073802778041127e-01
426675	3.909761350001390e-01	3.981071705534972e-01
426686	3.771079118006815e-01	3.801893963205612e-01
426697	3.481085232503570e-01	3.548133892335755e-01
426708	3.373815627790546e-01	3.388441561392025e-01
426719	3.266904684909184e-01	3.311311214825911e-01
426741	2.940408408739755e-01	2.951209226666385e-01
426752	2.610518845124385e-01	2.630267991895382e-01
426763	2.565585039194472e-01	2.570395782768864e-01
426785	2.471300284103367e-01	2.511886431509580e-01
426796	2.448856268668615e-01	2.454708915685030e-01
426819	2.370029937679168e-01	2.398832919019490e-01
426830	2.340732903423879e-01	2.344228815319922e-01
426863	2.287634957016877e-01	2.290867652767773e-01
426885	2.173740174647868e-01	2.187761623949552e-01
426929	2.120667757337535e-01	2.137962089502232e-01
426951	2.081713367599255e-01	2.089296130854039e-01
427006	2.038487389160955e-01	2.041737944669530e-01
427050	1.986494845508641e-01	1.995262314968880e-01
427061	1.946163580894500e-01	1.949844599758045e-01
427116	1.825675301630387e-01	1.862087136662867e-01
427128	1.702647722157716e-01	1.737800828749375e-01
427139	1.674557881915518e-01	1.698243652461744e-01
427150	1.659462819063101e-01	1.659586907437560e-01
428832	1.621749122507509e-01	1.621810097358930e-01
435961	1.571044570681686e-01	1.584893192461113e-01
437434	1.511511749454120e-01	1.513561248436208e-01
440071	1.476483084877140e-01	1.479108388168208e-01
479177	1.441170384872442e-01	1.445439770745928e-01
480173	1.412300979345588e-01	1.412537544622754e-01
484909	1.370095264027549e-01	1.380384264602885e-01
500000	1.349738390940661e-01	1.380384264602885e-01
%
% index = 1764, name = bbob_f001_i21_d05__bbob_f017_i22_d05
% instance = 10, reference value = 9.525398632277330e-01
% function evaluation | indicator value | target hit
1	1.280554296572233e+00	1.288249551693134e+00
29	1.245623232580733e+00	1.258925411794167e+00
40	1.208230279489233e+00	1.230268770812382e+00
74	1.198128536133733e+00	1.202264434617413e+00
96	1.171663196303233e+00	1.174897554939530e+00
107	1.135535481338733e+00	1.148153621496883e+00
118	1.106304696648733e+00	1.122018454301963e+00
129	1.080635543386233e+00	1.096478196143185e+00
140	1.057058833389733e+00	1.071519305237606e+00
151	1.026382724962733e+00	1.047128548050900e+00
162	9.976143494857329e-01	1.000000000000000e+00
173	9.682724694662329e-01	9.772372209558107e-01
184	9.397900227223203e-01	9.549925860214360e-01
207	9.168567046735575e-01	9.332543007969910e-01
218	8.991665955113051e-01	9.120108393559098e-01
229	8.837797848190757e-01	8.912509381337456e-01
240	8.694787425521400e-01	8.709635899560807e-01
262	8.498712468468979e-01	8.511380382023764e-01
284	8.179469647654998e-01	8.317637711026710e-01
295	7.915342840857992e-01	7.943282347242815e-01
318	7.749320540816054e-01	7.762471166286917e-01
329	7.566611045557055e-01	7.585775750291838e-01
340	7.326201154875931e-01	7.413102413009175e-01
363	7.193285432036097e-01	7.244359600749900e-01
396	6.965470752157120e-01	7.079457843841379e-01
407	6.723974676003848e-01	6.760829753919817e-01
430	6.577453758192509e-01	6.606934480075960e-01
518	6.420797200690744e-01	6.456542290346555e-01
585	6.113523755367301e-01	6.165950018614822e-01
608	6.000421641658759e-01	6.025595860743578e-01
773	5.869426416832050e-01	5.888436553555889e-01
5482	5.738875056716866e-01	5.754399373371569e-01
50867	5.600320360710476e-01	5.623413251903491e-01
50912	5.435780083018267e-01	5.495408738576245e-01
50923	5.354454549544918e-01	5.370317963702527e-01
50980	5.215594057081629e-01	5.248074602497725e-01
51004	5.102700025624238e-01	5.128613839913648e-01
51015	4.992315111490954e-01	5.011872336272722e-01
51026	4.842556073480188e-01	4.897788193684462e-01
51049	4.773128156668787e-01	4.786300923226383e-01
51060	4.642039785195323e-01	4.677351412871982e-01
51071	4.437598762766887e-01	4.466835921509631e-01
51082	4.317568640289379e-01	4.365158322401660e-01
51093	4.231338551981750e-01	4.265795188015927e-01
51149	4.135989022434305e-01	4.168693834703354e-01
51286	4.063713278771520e-01	4.073802778041127e-01
51363	3.917170922447893e-01	3.981071705534972e-01
51374	3.825507501501844e-01	3.890451449942806e-01
51385	3.731469875602742e-01	3.801893963205612e-01
51397	3.714982589902519e-01	3.715352290971726e-01
51609	3.626074884326870e-01	3.630780547701014e-01
51642	3.497037812685834e-01	3.548133892335755e-01
51653	3.341218544201684e-01	3.388441561392025e-01
51654	3.295746987080868e-01	3.311311214825911e-01
51687	3.201275790327242e-01	3.235936569296283e-01
51720	3.153965290448631e-01	3.162277660168379e-01
51876	3.089494298791057e-01	3.090295432513591e-01
166083	3.016955786467183e-01	3.019951720402016e-01
166931	2.949314539753400e-01	2.951209226666385e-01
180777	2.883186252953460e-01	2.884031503126606e-01
187742	2.813762271070527e-01	2.818382931264454e-01
187745	2.727084402108380e-01	2.754228703338166e-01
187756	2.667871770946846e-01	2.691534803926916e-01
229599	2.567641312342254e-01	2.570395782768864e-01
229621	2.511182972452075e-01	2.511886431509580e-01
229665	2.446715329414727e-01	2.454708915685030e-01
229742	2.396337799283714e-01	2.398832919019490e-01
229918	2.338965353481740e-01	2.344228815319922e-01
229976	2.234827261419692e-01	2.238721138568339e-01
230010	2.185746016893746e-01	2.187761623949552e-01
230137	2.136329673292084e-01	2.137962089502232e-01
230261	2.088704680593628e-01	2.089296130854039e-01
232282	2.028103534760549e-01	2.041737944669530e-01
234905	1.985402578580947e-01	1.995262314968880e-01
280344	1.949512437179260e-01	1.949844599758045e-01
280549	1.894689578296803e-01	1.905460717963247e-01
280560	1.859646654417708e-01	1.862087136662867e-01
286471	1.812027608985503e-01	1.819700858609984e-01
287699	1.762534595753291e-01	1.778279410038923e-01
317612	1.737184016221043e-01	1.737800828749375e-01
319718	1.694177584135158e-01	1.698243652461744e-01
359755	1.650253643623464e-01	1.659586907437560e-01
383337	1.619415483811493e-01	1.621810097358930e-01
474735	1.581960022736314e-01	1.584893192461113e-01
474791	1.512593635784931e-01	1.513561248436208e-01
500000	1.501771593680203e-01	1.513561248436208e-01
