%
% index = 90, name = bbob_f001_i02_d02__bbob_f015_i04_d02
% instance = 1, reference value = 9.369725750855230e-01
% function evaluation | indicator value | target hit
1	8.399040259926237e+01	8.511380382023764e+01
22	8.267268157043750e+01	8.317637711026708e+01
28	8.080969973602477e+01	8.128305161640991e+01
33	7.810054292834980e+01	7.943282347242814e+01
38	7.574254709982719e+01	7.585775750291836e+01
48	7.286183496747127e+01	7.413102413009177e+01
53	7.033085261973801e+01	7.079457843841381e+01
63	6.748657526991690e+01	6.760829753919819e+01
68	6.532995468934385e+01	6.606934480075961e+01
73	6.262303867714014e+01	6.309573444801933e+01
78	6.036997587139800e+01	6.165950018614822e+01
83	5.945796553008113e+01	6.025595860743578e+01
88	5.794745012184159e+01	5.888436553555890e+01
93	5.600186343998613e+01	5.623413251903491e+01
103	5.379838442891405e+01	5.495408738576246e+01
108	5.152494364354736e+01	5.248074602497726e+01
113	5.128556953503473e+01	5.128613839913648e+01
463	5.001526211649647e+01	5.011872336272722e+01
465	4.853630336820910e+01	4.897788193684461e+01
694	4.678636369521826e+01	4.786300923226383e+01
704	4.663876092122928e+01	4.677351412871981e+01
719	4.435236140938051e+01	4.466835921509630e+01
724	4.256818911435891e+01	4.265795188015925e+01
744	4.072393051612886e+01	4.073802778041128e+01
749	3.889287349536725e+01	3.890451449942807e+01
754	3.710499666478947e+01	3.715352290971726e+01
2391	3.622222198752763e+01	3.630780547701014e+01
2396	3.475504028701784e+01	3.548133892335755e+01
2401	3.424951943705875e+01	3.467368504525317e+01
2416	3.252438904849058e+01	3.311311214825911e+01
2421	3.062534202392917e+01	3.090295432513591e+01
2426	2.921321776617765e+01	2.951209226666386e+01
2446	2.861907034477433e+01	2.884031503126606e+01
2451	2.751644769126196e+01	2.754228703338166e+01
2456	2.651809271384774e+01	2.691534803926915e+01
2466	2.609919596486956e+01	2.630267991895381e+01
2471	2.501333803343863e+01	2.511886431509580e+01
2476	2.352108381257500e+01	2.398832919019490e+01
2481	2.216708760342697e+01	2.238721138568340e+01
2491	2.184094486328836e+01	2.187761623949553e+01
3143	2.125248381116064e+01	2.137962089502232e+01
3182	2.086708474188794e+01	2.089296130854040e+01
3203	2.026755579220943e+01	2.041737944669530e+01
3204	1.964781818830554e+01	1.995262314968880e+01
3209	1.900195691468036e+01	1.905460717963247e+01
4108	1.857078074821667e+01	1.862087136662868e+01
4130	1.784116593717821e+01	1.819700858609983e+01
4452	1.722696944662858e+01	1.737800828749375e+01
4457	1.639247371935465e+01	1.659586907437561e+01
4462	1.547585037570899e+01	1.548816618912481e+01
4467	1.458015212009001e+01	1.479108388168207e+01
4477	1.435267060474787e+01	1.445439770745927e+01
4482	1.401648590389270e+01	1.412537544622754e+01
4487	1.350967409473021e+01	1.380384264602885e+01
4492	1.293147593776438e+01	1.318256738556407e+01
4497	1.258120843123203e+01	1.258925411794167e+01
5139	1.226320232770441e+01	1.230268770812382e+01
8727	1.179808210068923e+01	1.202264434617413e+01
8732	1.127978590019255e+01	1.148153621496883e+01
9208	1.121086130813290e+01	1.122018454301964e+01
9325	1.087437299448968e+01	1.096478196143185e+01
9358	1.063121142299365e+01	1.071519305237607e+01
9391	1.043210341476687e+01	1.047128548050900e+01
9794	9.940807663012457e+00	1.000000000000000e+01
9809	8.944079689453261e+00	9.120108393559097e+00
9819	8.877885040470172e+00	8.912509381337454e+00
17181	8.632814365123673e+00	8.709635899560805e+00
17186	8.306861122764522e+00	8.317637711026711e+00
17191	7.481478061874916e+00	7.585775750291837e+00
17196	6.980395042334155e+00	7.079457843841379e+00
17201	6.533328974877131e+00	6.606934480075959e+00
17206	6.433760144983274e+00	6.456542290346556e+00
17820	6.272490598254729e+00	6.309573444801933e+00
17878	6.006538068760917e+00	6.025595860743578e+00
17905	5.810324760089880e+00	5.888436553555890e+00
21586	5.314133570175443e+00	5.370317963702527e+00
21591	4.841778646592863e+00	4.897788193684462e+00
21596	4.388873286801146e+00	4.466835921509632e+00
21601	3.691352842009354e+00	3.715352290971725e+00
21606	3.373620520279523e+00	3.388441561392026e+00
21611	3.292905113595521e+00	3.311311214825911e+00
21626	3.208299777820008e+00	3.235936569296283e+00
22163	3.160997976524228e+00	3.162277660168380e+00
22216	3.036342480280308e+00	3.090295432513591e+00
22248	2.869187629971822e+00	2.884031503126606e+00
22286	2.538480913399523e+00	2.570395782768863e+00
22598	2.370736554660023e+00	2.398832919019490e+00
22608	2.343315583898023e+00	2.344228815319922e+00
22628	2.230117973024523e+00	2.238721138568339e+00
22643	2.157937421760023e+00	2.187761623949553e+00
23154	2.137820195569523e+00	2.137962089502232e+00
23199	2.080652592401023e+00	2.089296130854040e+00
23224	2.005927180706023e+00	2.041737944669529e+00
29822	1.620340341772523e+00	1.621810097358930e+00
29827	1.398279135416523e+00	1.412537544622754e+00
30532	1.373019441770042e+00	1.380384264602885e+00
30574	1.345959288514230e+00	1.348962882591654e+00
30577	1.289279144302541e+00	1.318256738556407e+00
30578	1.280265694966023e+00	1.288249551693134e+00
30636	1.233216075684608e+00	1.258925411794167e+00
30637	1.189757230523023e+00	1.202264434617413e+00
32011	1.093767638449023e+00	1.096478196143185e+00
32796	1.070785855332023e+00	1.071519305237606e+00
32870	1.028235827542023e+00	1.047128548050900e+00
32900	9.864521834325229e-01	1.000000000000000e+00
32960	9.664731950360229e-01	9.772372209558107e-01
34388	9.350821207950242e-01	9.549925860214360e-01
34393	8.583286033282762e-01	8.709635899560807e-01
34398	7.924328428807057e-01	7.943282347242815e-01
41388	7.439922536944933e-01	7.585775750291838e-01
41393	7.411831844253470e-01	7.413102413009175e-01
47286	7.239668394765242e-01	7.244359600749900e-01
74089	6.977318263385198e-01	7.079457843841379e-01
74094	3.947171358888087e-01	3.981071705534972e-01
74099	2.224917930203879e-01	2.238721138568339e-01
74104	1.973744360396315e-01	1.995262314968880e-01
74109	1.541329445398223e-01	1.548816618912481e-01
74114	1.425483667550578e-01	1.445439770745928e-01
74317	1.374780836593282e-01	1.380384264602885e-01
74598	1.347866415979806e-01	1.348962882591654e-01
74661	1.285344236923776e-01	1.288249551693134e-01
74686	1.236497800904347e-01	1.258925411794167e-01
74711	1.184659639339422e-01	1.202264434617413e-01
74756	1.113084310536359e-01	1.122018454301964e-01
75425	7.987917339407680e-02	8.128305161640990e-02
75431	7.635839093880414e-02	7.762471166286916e-02
75436	7.495584379216336e-02	7.585775750291836e-02
75543	7.329420311086776e-02	7.413102413009177e-02
75567	6.931179181736902e-02	7.079457843841380e-02
75593	6.353278861680178e-02	6.456542290346556e-02
75626	5.895900646589081e-02	6.025595860743578e-02
75644	5.886581452724815e-02	5.888436553555890e-02
75665	5.618643827513037e-02	5.623413251903491e-02
75680	5.491801871148183e-02	5.495408738576246e-02
75682	5.149976636233222e-02	5.248074602497726e-02
75683	4.784561018278100e-02	4.786300923226382e-02
75684	4.356644623938666e-02	4.365158322401658e-02
75739	4.237234575851401e-02	4.265795188015926e-02
75741	4.129982387083342e-02	4.168693834703355e-02
76045	4.069922014520988e-02	4.073802778041128e-02
76354	3.978015298920889e-02	3.981071705534973e-02
76492	3.277278146830731e-02	3.311311214825911e-02
76530	2.324210157874951e-02	2.344228815319923e-02
76568	1.223163630320723e-02	1.230268770812382e-02
76585	1.201641827934208e-02	1.202264434617413e-02
76622	1.173357770902472e-02	1.174897554939530e-02
76625	1.140553761627527e-02	1.148153621496883e-02
76626	1.115956226492854e-02	1.122018454301964e-02
76632	1.070173425411591e-02	1.071519305237606e-02
76637	1.033889699200830e-02	1.047128548050900e-02
76644	1.001733520057668e-02	1.023292992280754e-02
76650	9.614200079984814e-03	9.772372209558112e-03
76698	9.532387228341044e-03	9.549925860214359e-03
76706	9.320379892453934e-03	9.332543007969915e-03
76737	9.112748370269319e-03	9.120108393559097e-03
77772	8.424098428551963e-03	8.511380382023767e-03
79492	8.316971054497801e-03	8.317637711026709e-03
79494	8.086104265697891e-03	8.128305161640995e-03
79542	7.846866541679098e-03	7.943282347242814e-03
79552	7.732643875249856e-03	7.762471166286920e-03
102292	7.015394212490533e-03	7.079457843841380e-03
102352	5.377371539008524e-03	5.495408738576248e-03
102428	4.545643125263843e-03	4.570881896148752e-03
102457	4.143487969717863e-03	4.168693834703355e-03
102494	3.669287815551980e-03	3.715352290971724e-03
102524	3.405219922391622e-03	3.467368504525317e-03
102554	3.096086558201816e-03	3.162277660168379e-03
102622	2.910899185196603e-03	2.951209226666387e-03
102645	2.729552478337172e-03	2.754228703338166e-03
102667	2.551772361111038e-03	2.570395782768865e-03
102690	2.390735105148534e-03	2.398832919019490e-03
102728	2.261736286622074e-03	2.290867652767772e-03
102751	2.158834650521912e-03	2.187761623949552e-03
102774	2.071172844023250e-03	2.089296130854039e-03
102797	1.964937064180439e-03	1.995262314968879e-03
102832	1.888663706520410e-03	1.905460717963246e-03
102862	1.818060021459122e-03	1.819700858609983e-03
102884	1.749343072555698e-03	1.778279410038923e-03
102908	1.680883707534608e-03	1.698243652461744e-03
102966	1.644572949539125e-03	1.659586907437561e-03
103020	1.579900001560608e-03	1.584893192461114e-03
103041	1.536437923736700e-03	1.548816618912481e-03
103061	1.493227599328573e-03	1.513561248436209e-03
103081	1.449918660245797e-03	1.479108388168207e-03
103101	1.407563456761296e-03	1.412537544622754e-03
103121	1.372039846349371e-03	1.380384264602885e-03
103152	1.331353952962799e-03	1.348962882591653e-03
103182	1.293153010514692e-03	1.318256738556408e-03
103203	1.268982732130941e-03	1.288249551693134e-03
103223	1.240636754378244e-03	1.258925411794167e-03
103244	1.213480604286388e-03	1.230268770812381e-03
103265	1.184314518026364e-03	1.202264434617413e-03
103301	1.158017073953355e-03	1.174897554939529e-03
103322	1.133960182762572e-03	1.148153621496883e-03
103343	1.111790247063982e-03	1.122018454301963e-03
103364	1.092071707731179e-03	1.096478196143185e-03
103409	1.053114408105515e-03	1.071519305237606e-03
103437	1.034128882774321e-03	1.047128548050900e-03
103461	1.016088039424545e-03	1.023292992280754e-03
103484	9.993589359404975e-04	1.000000000000000e-03
103527	9.650778523470072e-04	9.772372209558111e-04
103548	9.482668716916942e-04	9.549925860214359e-04
103569	9.317492052887122e-04	9.332543007969915e-04
103619	8.981616593704000e-04	9.120108393559096e-04
103641	8.814854158436525e-04	8.912509381337459e-04
103710	8.660847774436542e-04	8.709635899560805e-04
103759	8.386173448748924e-04	8.511380382023768e-04
103824	8.226385123477620e-04	8.317637711026709e-04
103848	8.115881011271364e-04	8.128305161640995e-04
103885	7.905245396162552e-04	7.943282347242813e-04
103921	7.692678292868793e-04	7.762471166286919e-04
103964	7.482876578800424e-04	7.585775750291835e-04
103982	7.378441838138405e-04	7.413102413009177e-04
104019	7.170616825548093e-04	7.244359600749898e-04
104038	7.068534078907840e-04	7.079457843841380e-04
104080	6.890024832776342e-04	6.918309709189362e-04
104122	6.708949649602003e-04	6.760829753919819e-04
104162	6.587522588294981e-04	6.606934480075957e-04
104219	6.395272326736867e-04	6.456542290346556e-04
104266	6.255183496486350e-04	6.309573444801930e-04
104304	6.121220698123153e-04	6.165950018614823e-04
104342	5.994388319530142e-04	6.025595860743575e-04
104380	5.869257224259128e-04	5.888436553555889e-04
104430	5.747413208460062e-04	5.754399373371566e-04
104486	5.589087511017610e-04	5.623413251903491e-04
104528	5.491647319421089e-04	5.495408738576248e-04
104593	5.352056621666934e-04	5.370317963702527e-04
104674	5.217724048526273e-04	5.248074602497728e-04
104737	5.089187530386008e-04	5.128613839913648e-04
104774	5.006646263736592e-04	5.011872336272725e-04
104850	4.880263916106076e-04	4.897788193684461e-04
104910	4.757555585648277e-04	4.786300923226385e-04
104968	4.639866624474021e-04	4.677351412871981e-04
105007	4.561749477259847e-04	4.570881896148752e-04
105129	4.443636282032148e-04	4.466835921509630e-04
105192	4.341736359170234e-04	4.365158322401661e-04
105257	4.245417884171099e-04	4.265795188015926e-04
105324	4.164707556888469e-04	4.168693834703355e-04
105387	4.058573076903826e-04	4.073802778041126e-04
105423	3.980774527838626e-04	3.981071705534974e-04
105476	3.877171570020321e-04	3.890451449942805e-04
105512	3.799910983700583e-04	3.801893963205612e-04
105565	3.697943884769517e-04	3.715352290971724e-04
105630	3.608146308703430e-04	3.630780547701014e-04
105692	3.541318269909555e-04	3.548133892335753e-04
105766	3.448309177783715e-04	3.467368504525317e-04
105821	3.384990784602859e-04	3.388441561392024e-04
105875	3.308299851566554e-04	3.311311214825911e-04
105958	3.224034951725407e-04	3.235936569296281e-04
106029	3.155163050276855e-04	3.162277660168379e-04
106099	3.089010487311583e-04	3.090295432513592e-04
106189	3.009497877050071e-04	3.019951720402016e-04
106257	2.950914912694946e-04	2.951209226666387e-04
106341	2.880202931326847e-04	2.884031503126605e-04
106462	2.811703003079424e-04	2.818382931264455e-04
106607	2.752914143847596e-04	2.754228703338166e-04
106742	2.684333169018505e-04	2.691534803926917e-04
106849	2.619559404402061e-04	2.630267991895381e-04
106945	2.565828877764131e-04	2.570395782768865e-04
107038	2.504383979680114e-04	2.511886431509580e-04
107103	2.453281339235280e-04	2.454708915685031e-04
107262	2.391751165192746e-04	2.398832919019490e-04
107345	2.342341833762029e-04	2.344228815319923e-04
107450	2.283775900675522e-04	2.290867652767772e-04
107578	2.230918057648523e-04	2.238721138568340e-04
107733	2.180982599774284e-04	2.187761623949552e-04
107844	2.134961282416192e-04	2.137962089502232e-04
107947	2.086529399198955e-04	2.089296130854039e-04
108046	2.036694676716966e-04	2.041737944669530e-04
108053	1.991637269886937e-04	1.995262314968879e-04
108065	1.946730275550479e-04	1.949844599758046e-04
108092	1.902064440806317e-04	1.905460717963246e-04
108114	1.857832324537734e-04	1.862087136662868e-04
108188	1.814337215708672e-04	1.819700858609983e-04
108317	1.774798155517177e-04	1.778279410038923e-04
108430	1.733964332046867e-04	1.737800828749376e-04
108534	1.696329046964040e-04	1.698243652461744e-04
108567	1.657830211767575e-04	1.659586907437562e-04
108633	1.621353330512054e-04	1.621810097358930e-04
108702	1.582946398995810e-04	1.584893192461114e-04
108761	1.545320177113174e-04	1.548816618912481e-04
108796	1.509883933309419e-04	1.513561248436209e-04
108880	1.476545615690661e-04	1.479108388168207e-04
108936	1.442359972102514e-04	1.445439770745928e-04
109075	1.411722699510287e-04	1.412537544622754e-04
109269	1.379859599140998e-04	1.380384264602885e-04
109457	1.348694853441357e-04	1.348962882591653e-04
109612	1.316607563849326e-04	1.318256738556407e-04
109744	1.287200323439874e-04	1.288249551693134e-04
109870	1.258669195429718e-04	1.258925411794167e-04
109919	1.227962238508074e-04	1.230268770812381e-04
110003	1.200364134597010e-04	1.202264434617413e-04
110094	1.173371166133252e-04	1.174897554939529e-04
110251	1.146809340275556e-04	1.148153621496883e-04
110391	1.119886535601022e-04	1.122018454301963e-04
110562	1.095194702587232e-04	1.096478196143185e-04
110765	1.070945021764969e-04	1.071519305237606e-04
110912	1.046561579701732e-04	1.047128548050900e-04
111039	1.021834503303065e-04	1.023292992280754e-04
111053	9.993819276965521e-05	1.000000000000000e-04
111067	9.769934622005927e-05	9.772372209558111e-05
111081	9.547155693945264e-05	9.549925860214369e-05
111129	9.322393042587862e-05	9.332543007969905e-05
111237	9.118339271974030e-05	9.120108393559096e-05
111406	8.906496964211641e-05	8.912509381337459e-05
111552	8.700747783707552e-05	8.709635899560814e-05
111650	8.504788935714824e-05	8.511380382023759e-05
111696	8.313778666835248e-05	8.317637711026709e-05
111829	8.119863149658180e-05	8.128305161640995e-05
111863	7.936737643188252e-05	7.943282347242822e-05
111930	7.760813525403698e-05	7.762471166286911e-05
111965	7.583000036681664e-05	7.585775750291836e-05
112050	7.404534233745874e-05	7.413102413009176e-05
112131	7.239538677672464e-05	7.244359600749906e-05
112247	7.077581098791086e-05	7.079457843841373e-05
112523	6.911498503880953e-05	6.918309709189363e-05
112739	6.758687973773547e-05	6.760829753919819e-05
112894	6.602641864894565e-05	6.606934480075965e-05
113007	6.455360608259575e-05	6.456542290346549e-05
113095	6.309327007314458e-05	6.309573444801929e-05
113173	6.162611042892507e-05	6.165950018614822e-05
113241	6.024911132540556e-05	6.025595860743581e-05
113321	5.883743229040395e-05	5.888436553555884e-05
113367	5.753142513820197e-05	5.754399373371566e-05
113490	5.622207607203222e-05	5.623413251903491e-05
113569	5.494188030485958e-05	5.495408738576248e-05
113741	5.367809862633077e-05	5.370317963702532e-05
113949	5.245092910244331e-05	5.248074602497723e-05
114057	5.126791311260703e-05	5.128613839913648e-05
114091	5.010695592655434e-05	5.011872336272725e-05
114131	4.896607078841431e-05	4.897788193684466e-05
114170	4.785361923331788e-05	4.786300923226380e-05
114217	4.675121426989115e-05	4.677351412871981e-05
114338	4.567912042130473e-05	4.570881896148752e-05
114534	4.465977992285097e-05	4.466835921509635e-05
114651	4.364400901624155e-05	4.365158322401657e-05
114732	4.262644497821100e-05	4.265795188015926e-05
114775	4.167757256112736e-05	4.168693834703355e-05
114848	4.073286412253907e-05	4.073802778041130e-05
114909	3.978759456524372e-05	3.981071705534969e-05
115012	3.889352346753139e-05	3.890451449942805e-05
115069	3.799997194176008e-05	3.801893963205612e-05
115159	3.714045784553033e-05	3.715352290971728e-05
115271	3.629629842727411e-05	3.630780547701010e-05
115354	3.546386513608724e-05	3.548133892335753e-05
115434	3.466905884419447e-05	3.467368504525317e-05
115499	3.388193928510752e-05	3.388441561392028e-05
115545	3.309833023734665e-05	3.311311214825908e-05
115636	3.235251661970473e-05	3.235936569296281e-05
115695	3.161567388176856e-05	3.162277660168380e-05
115745	3.089718726689838e-05	3.090295432513592e-05
115806	3.019087832378808e-05	3.019951720402019e-05
115867	2.949909334937217e-05	2.951209226666384e-05
115939	2.883023506006221e-05	2.884031503126606e-05
116044	2.817870953453205e-05	2.818382931264455e-05
116132	2.753213239459207e-05	2.754228703338169e-05
116226	2.690456452392187e-05	2.691534803926914e-05
116320	2.629853698676854e-05	2.630267991895381e-05
116440	2.570122713263512e-05	2.570395782768864e-05
116499	2.511128283233521e-05	2.511886431509582e-05
116556	2.454278026031709e-05	2.454708915685029e-05
116630	2.398743276044168e-05	2.398832919019490e-05
116686	2.343449157948818e-05	2.344228815319923e-05
116758	2.290696065010422e-05	2.290867652767775e-05
116846	2.238129662679444e-05	2.238721138568338e-05
116935	2.187093853156519e-05	2.187761623949552e-05
117074	2.137929523671200e-05	2.137962089502232e-05
117138	2.089261040616464e-05	2.089296130854041e-05
117215	2.041264128727072e-05	2.041737944669527e-05
117300	1.995221348005671e-05	1.995262314968879e-05
117396	1.949588048055784e-05	1.949844599758046e-05
117485	1.905186642303658e-05	1.905460717963248e-05
117576	1.861692788773794e-05	1.862087136662866e-05
117727	1.819311361661580e-05	1.819700858609983e-05
117857	1.777905118671708e-05	1.778279410038923e-05
117946	1.737410855484622e-05	1.737800828749376e-05
118035	1.697922858556744e-05	1.698243652461746e-05
118129	1.659430849643151e-05	1.659586907437560e-05
118219	1.621621835867781e-05	1.621810097358930e-05
118309	1.584719504144072e-05	1.584893192461114e-05
118418	1.548659599315272e-05	1.548816618912483e-05
118507	1.513557975652002e-05	1.513561248436207e-05
118597	1.478764758600093e-05	1.479108388168207e-05
118686	1.445197254323904e-05	1.445439770745928e-05
118795	1.412489604912803e-05	1.412537544622755e-05
118904	1.380165215458806e-05	1.380384264602884e-05
119005	1.348843422099844e-05	1.348962882591653e-05
119123	1.318155258789311e-05	1.318256738556407e-05
119300	1.288213046102271e-05	1.288249551693135e-05
119440	1.258719471297631e-05	1.258925411794166e-05
119554	1.230265535767661e-05	1.230268770812381e-05
119678	1.202214090734177e-05	1.202264434617413e-05
119800	1.174764786671112e-05	1.174897554939530e-05
119936	1.148093254199622e-05	1.148153621496882e-05
120050	1.121780841939479e-05	1.122018454301963e-05
120185	1.096346341888932e-05	1.096478196143185e-05
120328	1.071452222722868e-05	1.071519305237607e-05
120484	1.047049073799045e-05	1.047128548050899e-05
120614	1.023189892357390e-05	1.023292992280754e-05
120778	9.999959623696597e-06	1.000000000000000e-05
200000	9.804234116117527e-06	1.000000000000000e-05
%
% index = 91, name = bbob_f001_i03_d02__bbob_f015_i05_d02
% instance = 2, reference value = 9.063409008853700e-01
% function evaluation | indicator value | target hit
1	1.434581102050870e+00	1.445439770745927e+00
22	1.410923835911870e+00	1.412537544622754e+00
33	1.332220196456370e+00	1.348962882591654e+00
38	1.273101289211370e+00	1.288249551693134e+00
43	1.227317730007370e+00	1.230268770812382e+00
64	1.196126611493870e+00	1.202264434617413e+00
173	1.170083491584370e+00	1.174897554939530e+00
179	1.146336190835870e+00	1.148153621496883e+00
200	1.099519874016370e+00	1.122018454301963e+00
229	1.036332676159870e+00	1.047128548050900e+00
268	1.022051318274870e+00	1.023292992280754e+00
278	9.943715303018701e-01	1.000000000000000e+00
289	9.718176097143700e-01	9.772372209558107e-01
910	9.399630059723700e-01	9.549925860214360e-01
921	9.084834120793699e-01	9.120108393559098e-01
926	8.807599215324619e-01	8.912509381337456e-01
931	8.507681834028895e-01	8.511380382023764e-01
941	8.099440015036727e-01	8.128305161640993e-01
946	7.938674676350567e-01	7.943282347242815e-01
1733	7.759880037355604e-01	7.762471166286917e-01
1807	7.547586126791092e-01	7.585775750291838e-01
1836	7.322489265187061e-01	7.413102413009175e-01
1857	7.229151306088271e-01	7.244359600749900e-01
1867	6.936740808490431e-01	7.079457843841379e-01
1937	6.914249116218784e-01	6.918309709189365e-01
2374	6.625661774593585e-01	6.760829753919817e-01
2379	6.275298846313587e-01	6.309573444801932e-01
2384	5.678668801557449e-01	5.754399373371569e-01
2389	5.484603100189533e-01	5.495408738576245e-01
3058	5.337712451285631e-01	5.370317963702527e-01
3139	5.132815340869408e-01	5.248074602497725e-01
3158	5.126700265315687e-01	5.128613839913648e-01
3219	5.010685774053977e-01	5.011872336272722e-01
3225	4.782392209514468e-01	4.786300923226383e-01
3447	4.522730995454040e-01	4.570881896148750e-01
4424	4.417652758204800e-01	4.466835921509631e-01
4435	4.206382728058040e-01	4.265795188015927e-01
4441	3.938836242969902e-01	3.981071705534972e-01
4446	3.740629809200072e-01	3.801893963205612e-01
4451	3.423083024351468e-01	3.467368504525316e-01
4604	3.332700851132002e-01	3.388441561392025e-01
4634	3.234403696464193e-01	3.235936569296283e-01
4987	3.147166634679285e-01	3.162277660168379e-01
5018	3.077551051422204e-01	3.090295432513591e-01
5056	2.964423181802549e-01	3.019951720402016e-01
5076	2.949059032797191e-01	2.951209226666385e-01
5083	2.762461066834546e-01	2.818382931264454e-01
5155	2.657429626027404e-01	2.691534803926916e-01
5536	2.508491655752790e-01	2.511886431509580e-01
5541	2.321628572029306e-01	2.344228815319922e-01
5546	2.065585741695228e-01	2.089296130854039e-01
5556	2.003135301030586e-01	2.041737944669530e-01
5561	1.969625645746584e-01	1.995262314968880e-01
5701	1.906699155485030e-01	1.949844599758045e-01
5730	1.866877346195371e-01	1.905460717963247e-01
6002	1.858415334925543e-01	1.862087136662867e-01
6049	1.804481222868283e-01	1.819700858609984e-01
6071	1.746196910590044e-01	1.778279410038923e-01
6100	1.643214364813722e-01	1.659586907437560e-01
6137	1.534359387154459e-01	1.548816618912481e-01
6182	1.457444795773369e-01	1.479108388168208e-01
6236	1.397896619353071e-01	1.412537544622754e-01
6257	1.372925484786786e-01	1.380384264602885e-01
6258	1.331957617242023e-01	1.348962882591654e-01
6263	1.308770531815148e-01	1.318256738556407e-01
6845	1.227894028232721e-01	1.230268770812381e-01
6850	1.196701999500968e-01	1.202264434617413e-01
7489	1.170575179060581e-01	1.174897554939529e-01
7535	1.138969167545156e-01	1.148153621496883e-01
7566	1.113003579627894e-01	1.122018454301964e-01
7588	1.094258301431043e-01	1.096478196143185e-01
7593	1.050753661409239e-01	1.071519305237607e-01
8668	1.044558254160716e-01	1.047128548050900e-01
8741	1.011189547585429e-01	1.023292992280754e-01
11982	9.279842722458143e-02	9.332543007969910e-02
12899	9.075700863401770e-02	9.120108393559097e-02
12960	8.782708782287973e-02	8.912509381337455e-02
12991	8.542864496102187e-02	8.709635899560805e-02
13032	8.262066269978741e-02	8.317637711026708e-02
13053	7.989190060755447e-02	8.128305161640990e-02
13054	7.588101386764801e-02	7.762471166286916e-02
13059	7.458447355556863e-02	7.585775750291836e-02
13889	7.408751126413460e-02	7.413102413009177e-02
14443	7.198754577108291e-02	7.244359600749903e-02
14449	7.035513240631874e-02	7.079457843841380e-02
15377	6.914699331993013e-02	6.918309709189366e-02
24296	5.725234110841615e-02	5.754399373371569e-02
25396	4.711009637042929e-02	4.786300923226382e-02
25577	4.392354226009088e-02	4.466835921509630e-02
25615	4.140760373061614e-02	4.168693834703355e-02
25671	3.934707779183100e-02	3.981071705534973e-02
25709	3.873422373932200e-02	3.890451449942807e-02
26828	3.488756069998711e-02	3.548133892335755e-02
26833	3.422711204058715e-02	3.467368504525317e-02
27069	3.124817831289661e-02	3.162277660168379e-02
27101	2.873056636303217e-02	2.884031503126606e-02
27120	2.802217438776411e-02	2.818382931264454e-02
27260	2.754217917848956e-02	2.754228703338166e-02
28014	2.596142128962964e-02	2.630267991895381e-02
28217	2.569802993281001e-02	2.570395782768863e-02
28283	2.503864608722695e-02	2.511886431509579e-02
28737	2.454602242904624e-02	2.454708915685030e-02
132492	2.393761564198815e-02	2.398832919019490e-02
132997	2.342517363319863e-02	2.344228815319923e-02
141374	2.290866201163566e-02	2.290867652767773e-02
186213	1.851882404565708e-02	1.862087136662868e-02
187625	1.618047922214738e-02	1.621810097358930e-02
187865	1.532808024264898e-02	1.548816618912481e-02
187884	1.502217216749946e-02	1.513561248436208e-02
187937	1.475977086926661e-02	1.479108388168207e-02
187940	1.422438096253920e-02	1.445439770745927e-02
187941	1.398223188941738e-02	1.412537544622754e-02
187996	1.377662372507649e-02	1.380384264602885e-02
188950	1.290057537051181e-02	1.318256738556407e-02
189077	1.287087074228721e-02	1.288249551693134e-02
189096	1.148892153536019e-02	1.174897554939530e-02
189118	7.678501619569289e-03	7.762471166286920e-03
189155	7.385900367915199e-03	7.413102413009177e-03
189986	5.802703574634194e-03	5.888436553555890e-03
189991	5.730496330199619e-03	5.754399373371567e-03
190210	5.484976275926590e-03	5.495408738576248e-03
190229	5.323473967931536e-03	5.370317963702527e-03
190235	5.124937906256566e-03	5.128613839913648e-03
191701	5.003576061475612e-03	5.011872336272725e-03
191733	4.614556242187762e-03	4.677351412871981e-03
191777	4.525921901377350e-03	4.570881896148752e-03
191795	4.461230537402883e-03	4.466835921509630e-03
192083	4.359818425818784e-03	4.365158322401661e-03
192187	4.256454053665593e-03	4.265795188015926e-03
192395	4.159701469980348e-03	4.168693834703355e-03
192802	4.073774964133636e-03	4.073802778041126e-03
194731	3.980972887016487e-03	3.981071705534973e-03
200000	3.958699355987916e-03	3.981071705534973e-03
%
% index = 92, name = bbob_f001_i07_d02__bbob_f015_i08_d02
% instance = 3, reference value = 8.861343314130530e-01
% function evaluation | indicator value | target hit
1	1.186091797977622e+01	1.202264434617413e+01
19	1.174133739870670e+01	1.174897554939530e+01
42	1.056019119139005e+01	1.071519305237607e+01
47	9.629771875705053e+00	9.772372209558107e+00
52	8.725750192635054e+00	8.912509381337454e+00
57	7.832056326974553e+00	7.943282347242816e+00
62	6.966620563769053e+00	7.079457843841379e+00
67	6.162789614029553e+00	6.165950018614822e+00
72	5.450418913536053e+00	5.495408738576246e+00
77	4.833274937410553e+00	4.897788193684462e+00
82	4.255216336424053e+00	4.265795188015927e+00
87	3.877975111325052e+00	3.890451449942806e+00
92	3.458363548297053e+00	3.467368504525317e+00
107	3.316188682323053e+00	3.388441561392026e+00
122	2.765243067716053e+00	2.818382931264454e+00
396	2.664564642548053e+00	2.691534803926916e+00
551	2.589402029955053e+00	2.630267991895382e+00
556	2.490501106017553e+00	2.511886431509580e+00
561	2.206386338081553e+00	2.238721138568339e+00
566	2.123144041200553e+00	2.137962089502232e+00
571	1.667184542208553e+00	1.698243652461744e+00
576	1.631637128919053e+00	1.659586907437561e+00
581	1.510592307029053e+00	1.513561248436208e+00
1434	1.332400224747053e+00	1.348962882591654e+00
7592	1.158405115717553e+00	1.174897554939530e+00
8546	9.052064959510528e-01	9.120108393559098e-01
13629	8.316970419244232e-01	8.317637711026710e-01
15080	8.079366951381886e-01	8.128305161640993e-01
15157	7.911672519842488e-01	7.943282347242815e-01
15310	7.748649979941654e-01	7.762471166286917e-01
50617	7.563220465772428e-01	7.585775750291838e-01
50619	7.407936281404492e-01	7.413102413009175e-01
50620	7.199470416887654e-01	7.244359600749900e-01
50625	7.026338235317342e-01	7.079457843841379e-01
50932	6.772344727011523e-01	6.918309709189365e-01
50937	6.624579186172264e-01	6.760829753919817e-01
50942	6.413626688789036e-01	6.456542290346555e-01
51450	6.306580934430105e-01	6.309573444801932e-01
51497	6.163068291646698e-01	6.165950018614822e-01
51529	6.006916582101092e-01	6.025595860743578e-01
51551	5.846749081628313e-01	5.888436553555889e-01
51556	5.688134454460625e-01	5.754399373371569e-01
51889	5.105530080606677e-01	5.128613839913648e-01
51894	4.896823188694546e-01	4.897788193684462e-01
52029	4.737701631370179e-01	4.786300923226383e-01
52373	4.652225016963355e-01	4.677351412871982e-01
52443	4.554625868034600e-01	4.570881896148750e-01
66927	4.313849700619065e-01	4.365158322401660e-01
67022	4.241321396318760e-01	4.265795188015927e-01
67071	4.099224609001196e-01	4.168693834703354e-01
67096	3.901063724595937e-01	3.981071705534972e-01
67128	3.809641784350426e-01	3.890451449942806e-01
67146	3.797006860444498e-01	3.801893963205612e-01
67452	3.668093475389337e-01	3.715352290971726e-01
67473	3.610415329320936e-01	3.630780547701014e-01
67474	3.532207492421066e-01	3.548133892335755e-01
67795	3.367301318146531e-01	3.388441561392025e-01
67800	3.302505730291126e-01	3.311311214825911e-01
67805	3.008182206616551e-01	3.019951720402016e-01
67810	2.945391755819681e-01	2.951209226666385e-01
68561	2.883971206095919e-01	2.884031503126606e-01
68733	2.788349026588594e-01	2.818382931264454e-01
68787	2.738226859985274e-01	2.754228703338166e-01
69043	2.677825048983381e-01	2.691534803926916e-01
69048	2.600632550016831e-01	2.630267991895382e-01
82830	2.564196401777118e-01	2.570395782768864e-01
89775	2.479403344332501e-01	2.511886431509580e-01
89852	2.415479157142997e-01	2.454708915685030e-01
90317	2.386485149645797e-01	2.398832919019490e-01
90389	2.330331076566852e-01	2.344228815319922e-01
92739	2.290834161541907e-01	2.290867652767773e-01
93251	2.223533554743544e-01	2.238721138568339e-01
97145	2.185026975474309e-01	2.187761623949552e-01
97189	2.105969777647781e-01	2.137962089502232e-01
97226	2.007725315472425e-01	2.041737944669530e-01
97378	1.938816820752980e-01	1.949844599758045e-01
97383	1.885603635005514e-01	1.905460717963247e-01
97388	1.715123938760331e-01	1.737800828749375e-01
97389	1.636836246233192e-01	1.659586907437560e-01
97394	1.601268190335864e-01	1.621810097358930e-01
97399	1.549253738973524e-01	1.584893192461113e-01
97404	1.521098275101938e-01	1.548816618912481e-01
97595	1.501645825183404e-01	1.513561248436208e-01
98050	1.478751054857487e-01	1.479108388168208e-01
98112	1.444816210697277e-01	1.445439770745928e-01
108701	1.345806472082243e-01	1.348962882591654e-01
108706	1.258500068658994e-01	1.258925411794167e-01
108837	1.218142720577921e-01	1.230268770812381e-01
108860	1.189256457234400e-01	1.202264434617413e-01
108890	1.143780600530903e-01	1.148153621496883e-01
108922	1.091389226368122e-01	1.096478196143185e-01
109272	1.062134456470398e-01	1.071519305237607e-01
109295	1.042973342704386e-01	1.047128548050900e-01
109320	1.009473744890277e-01	1.023292992280754e-01
109351	9.468774441145200e-02	9.549925860214359e-02
109373	9.129700861523193e-02	9.332543007969910e-02
109374	8.661259940798660e-02	8.709635899560805e-02
109590	8.129447277940471e-02	8.317637711026708e-02
109595	8.087455659689624e-02	8.128305161640990e-02
109605	7.680689258054563e-02	7.762471166286916e-02
109610	7.558132424581587e-02	7.585775750291836e-02
110502	7.382148238895636e-02	7.413102413009177e-02
110561	7.225126345771116e-02	7.244359600749903e-02
118287	7.074704503550666e-02	7.079457843841380e-02
118292	6.790030990644047e-02	6.918309709189366e-02
118297	6.486733516360244e-02	6.606934480075961e-02
118302	6.084926711518113e-02	6.165950018614822e-02
118307	5.952275789676009e-02	6.025595860743578e-02
118375	5.849298486036869e-02	5.888436553555890e-02
118396	5.735474868326051e-02	5.754399373371569e-02
118419	5.532193357628379e-02	5.623413251903491e-02
118444	5.167350400067594e-02	5.248074602497726e-02
118472	4.795718941467875e-02	4.897788193684462e-02
118512	4.725293289313237e-02	4.786300923226382e-02
118877	4.650968710692904e-02	4.677351412871981e-02
118948	4.541120453181513e-02	4.570881896148749e-02
137109	4.329501883134568e-02	4.365158322401658e-02
137170	4.260679394854261e-02	4.265795188015926e-02
137261	4.120616058160664e-02	4.168693834703355e-02
137292	4.010052692572652e-02	4.073802778041128e-02
137320	3.936708178327775e-02	3.981071705534973e-02
137711	3.885779177566584e-02	3.890451449942807e-02
137895	3.716395292534380e-02	3.801893963205612e-02
137900	3.674969898120617e-02	3.715352290971726e-02
137905	3.234988955958529e-02	3.235936569296283e-02
137910	3.110654383290445e-02	3.162277660168379e-02
138695	3.090080718818400e-02	3.090295432513590e-02
143107	2.991762845846313e-02	3.019951720402016e-02
143149	2.936932671784231e-02	2.951209226666385e-02
143239	2.880003980856249e-02	2.884031503126606e-02
200000	2.821887262478862e-02	2.884031503126606e-02
%
% index = 93, name = bbob_f001_i09_d02__bbob_f015_i10_d02
% instance = 4, reference value = 8.707599504416040e-01
% function evaluation | indicator value | target hit
1	1.510676725309604e+00	1.513561248436208e+00
23	1.463035304056604e+00	1.479108388168207e+00
28	1.432257673907104e+00	1.445439770745927e+00
33	1.408841831704604e+00	1.412537544622754e+00
43	1.349882202639604e+00	1.380384264602885e+00
48	1.322872243371104e+00	1.348962882591654e+00
53	1.309926978662604e+00	1.318256738556407e+00
211	1.280031856955604e+00	1.288249551693134e+00
274	1.227050580809604e+00	1.230268770812382e+00
315	1.182518062393604e+00	1.202264434617413e+00
338	1.160040430160604e+00	1.174897554939530e+00
343	1.135014744839104e+00	1.148153621496883e+00
592	1.111930390249104e+00	1.122018454301963e+00
597	1.089840573075604e+00	1.096478196143185e+00
602	1.053211628386604e+00	1.071519305237606e+00
607	1.042139190043604e+00	1.047128548050900e+00
1385	1.015030721576104e+00	1.023292992280754e+00
1418	9.908912151656041e-01	1.000000000000000e+00
1439	9.724309220311039e-01	9.772372209558107e-01
1449	9.282778893751039e-01	9.332543007969910e-01
1774	9.013892442431041e-01	9.120108393559098e-01
1779	8.722649842891040e-01	8.912509381337456e-01
1784	8.619748895600667e-01	8.709635899560807e-01
1789	8.306927925712470e-01	8.317637711026710e-01
3544	8.093470783365097e-01	8.128305161640993e-01
4993	7.882679024504102e-01	7.943282347242815e-01
5018	7.656153926733890e-01	7.762471166286917e-01
5038	7.570228577448918e-01	7.585775750291838e-01
5040	7.309518109862576e-01	7.413102413009175e-01
5045	7.143935624291611e-01	7.244359600749900e-01
5305	6.836114133589328e-01	6.918309709189365e-01
5310	6.573413379698951e-01	6.606934480075960e-01
5325	6.211570320991530e-01	6.309573444801932e-01
5929	6.125080613436757e-01	6.165950018614822e-01
5961	5.930091029148027e-01	6.025595860743578e-01
5981	5.851267473408986e-01	5.888436553555889e-01
5983	5.624734646503988e-01	5.754399373371569e-01
5988	5.513228592849386e-01	5.623413251903491e-01
6188	5.361101985791092e-01	5.370317963702527e-01
7059	5.216773030073099e-01	5.248074602497725e-01
7090	5.109380111677795e-01	5.128613839913648e-01
7127	4.917063021797055e-01	5.011872336272722e-01
7165	4.675256416982134e-01	4.677351412871982e-01
7192	4.515650446895579e-01	4.570881896148750e-01
7197	4.261779748878802e-01	4.265795188015927e-01
7267	4.089325731724024e-01	4.168693834703354e-01
8370	4.057285374183131e-01	4.073802778041127e-01
8375	3.833372616850191e-01	3.890451449942806e-01
8380	3.790190932257689e-01	3.801893963205612e-01
8385	3.671019723686908e-01	3.715352290971726e-01
8390	3.612100723386903e-01	3.630780547701014e-01
8400	3.537370964338225e-01	3.548133892335755e-01
8547	3.464200633691347e-01	3.467368504525316e-01
10295	3.245055911322368e-01	3.311311214825911e-01
10296	3.235114556262816e-01	3.235936569296283e-01
10820	3.147558090813655e-01	3.162277660168379e-01
10842	3.020820166941377e-01	3.090295432513591e-01
10857	3.019090086883430e-01	3.019951720402016e-01
10867	2.935243406861644e-01	2.951209226666385e-01
10872	2.769000131779278e-01	2.818382931264454e-01
11204	2.709854127446816e-01	2.754228703338166e-01
11210	2.673057031262581e-01	2.691534803926916e-01
11215	2.601110400295846e-01	2.630267991895382e-01
11392	2.565496478303163e-01	2.570395782768864e-01
12040	2.501648463840129e-01	2.511886431509580e-01
12065	2.449756153115151e-01	2.454708915685030e-01
12089	2.356086580004080e-01	2.398832919019490e-01
12129	2.252766285497418e-01	2.290867652767773e-01
12149	2.235439664229216e-01	2.238721138568339e-01
12151	2.184073962470742e-01	2.187761623949552e-01
12156	2.087489834583506e-01	2.089296130854039e-01
15292	1.931496858045433e-01	1.949844599758045e-01
15297	1.779552319531065e-01	1.819700858609984e-01
15298	1.754412810761109e-01	1.778279410038923e-01
15952	1.681209102033843e-01	1.698243652461744e-01
15998	1.610178341148014e-01	1.621810097358930e-01
16455	1.566119307233038e-01	1.584893192461113e-01
16460	1.511493355126555e-01	1.513561248436208e-01
16465	1.456538550564649e-01	1.479108388168208e-01
16591	1.441881611644671e-01	1.445439770745928e-01
17122	1.410313081645509e-01	1.412537544622754e-01
17169	1.368323132255926e-01	1.380384264602885e-01
17194	1.316354523539247e-01	1.318256738556407e-01
20040	1.239510121650010e-01	1.258925411794167e-01
20208	1.229942465063100e-01	1.230268770812381e-01
20671	1.197806141661587e-01	1.202264434617413e-01
20689	1.172780117476533e-01	1.174897554939529e-01
20712	1.126864204947597e-01	1.148153621496883e-01
20750	1.069843255882325e-01	1.071519305237607e-01
21151	9.854323725485048e-02	1.000000000000000e-01
21156	9.453693907954386e-02	9.549925860214359e-02
21161	9.330374316101053e-02	9.332543007969910e-02
21931	9.043165087835603e-02	9.120108393559097e-02
21954	8.892196704963584e-02	8.912509381337455e-02
21979	8.620765401784192e-02	8.709635899560805e-02
22012	8.153841269695206e-02	8.317637711026708e-02
22033	8.106178186387869e-02	8.128305161640990e-02
22039	7.676363355612459e-02	7.762471166286916e-02
26486	7.585351138973340e-02	7.585775750291836e-02
26580	7.365889844115237e-02	7.413102413009177e-02
26655	7.128328446474996e-02	7.244359600749903e-02
26902	6.831671508270265e-02	6.918309709189366e-02
26919	6.638046668407493e-02	6.760829753919818e-02
26924	6.605862937419149e-02	6.606934480075961e-02
27469	6.451416738265836e-02	6.456542290346556e-02
27529	6.306654024994962e-02	6.309573444801933e-02
37551	6.037734230964120e-02	6.165950018614822e-02
37556	5.585110104396984e-02	5.623413251903491e-02
37891	5.495008222854170e-02	5.495408738576246e-02
38093	5.251931248835984e-02	5.370317963702527e-02
38109	5.247262419977927e-02	5.248074602497726e-02
38114	5.108975876122634e-02	5.128613839913648e-02
38135	4.841718678042417e-02	4.897788193684462e-02
38156	4.773487784472297e-02	4.786300923226382e-02
38347	4.379037683509157e-02	4.466835921509630e-02
38392	3.839040441462760e-02	3.890451449942807e-02
38411	3.774229803553197e-02	3.801893963205612e-02
38412	3.713439584708467e-02	3.715352290971726e-02
38432	3.576290023374395e-02	3.630780547701014e-02
42114	3.544932871068673e-02	3.548133892335755e-02
42119	3.419792102883756e-02	3.467368504525317e-02
42326	3.383126206582199e-02	3.388441561392026e-02
43039	3.249890873632100e-02	3.311311214825911e-02
43069	3.036236352865052e-02	3.090295432513590e-02
43104	2.825983548850286e-02	2.884031503126606e-02
43124	2.815546711702999e-02	2.818382931264454e-02
43131	2.706283015169286e-02	2.754228703338166e-02
43194	2.626504558131071e-02	2.630267991895381e-02
43199	2.417231923107110e-02	2.454708915685030e-02
49745	2.167401792374446e-02	2.187761623949553e-02
49750	1.828645576095644e-02	1.862087136662868e-02
49755	1.715831454589911e-02	1.737800828749375e-02
49760	1.617060421188121e-02	1.621810097358930e-02
49869	1.571785865413544e-02	1.584893192461113e-02
50231	1.531234183794083e-02	1.548816618912481e-02
50296	1.507556234274998e-02	1.513561248436208e-02
52510	1.478336569940475e-02	1.479108388168207e-02
56493	1.443044343965427e-02	1.445439770745927e-02
59595	1.406240780969770e-02	1.412537544622754e-02
60333	1.374660703088293e-02	1.380384264602885e-02
63385	1.296012673969804e-02	1.318256738556407e-02
63390	1.072058818316435e-02	1.096478196143185e-02
63395	1.065890366950495e-02	1.071519305237606e-02
64583	1.038388834621318e-02	1.047128548050900e-02
64606	1.014446712470674e-02	1.023292992280754e-02
64631	9.727217260789289e-03	9.772372209558112e-03
64657	9.126485545190910e-03	9.332543007969915e-03
64692	8.693514793227664e-03	8.709635899560805e-03
84699	8.427719643832488e-03	8.511380382023767e-03
84730	8.309809917549704e-03	8.317637711026709e-03
85449	8.020941747985622e-03	8.128305161640995e-03
85488	7.703920898471051e-03	7.762471166286920e-03
85526	7.277748330050349e-03	7.413102413009177e-03
85543	7.241176206161382e-03	7.244359600749898e-03
85546	6.959499206293018e-03	7.079457843841380e-03
85547	6.598871754425861e-03	6.606934480075957e-03
85548	5.957475840902671e-03	6.025595860743574e-03
85742	5.635391677518142e-03	5.754399373371567e-03
85747	5.030974637551089e-03	5.128613839913648e-03
85752	4.996902683998994e-03	5.011872336272725e-03
86570	4.895505712353754e-03	4.897788193684461e-03
86625	4.699278816510888e-03	4.786300923226385e-03
86654	4.453338861701406e-03	4.466835921509630e-03
86690	4.194913832271663e-03	4.265795188015926e-03
86725	3.919153437915490e-03	3.981071705534973e-03
86744	3.885419750187635e-03	3.890451449942805e-03
86825	3.801792017864458e-03	3.801893963205613e-03
102003	3.715262954318455e-03	3.715352290971724e-03
111059	3.587620778245926e-03	3.630780547701014e-03
161794	3.522215265421513e-03	3.548133892335753e-03
182920	3.372736032725476e-03	3.388441561392024e-03
183110	3.268609040680492e-03	3.311311214825911e-03
183895	3.207893437517262e-03	3.235936569296281e-03
183949	3.155992906351046e-03	3.162277660168379e-03
184134	3.066135580310325e-03	3.090295432513592e-03
184241	3.015293756006954e-03	3.019951720402016e-03
184473	2.942227642526718e-03	2.951209226666387e-03
184719	2.879052508425572e-03	2.884031503126605e-03
184913	2.815062576092764e-03	2.818382931264455e-03
185291	2.748351331968935e-03	2.754228703338166e-03
185628	2.689657149150704e-03	2.691534803926917e-03
186222	2.629744279383117e-03	2.630267991895381e-03
187079	2.569695475490574e-03	2.570395782768865e-03
188038	2.511805414379342e-03	2.511886431509579e-03
189437	2.454171691727014e-03	2.454708915685031e-03
192051	2.398579211186136e-03	2.398832919019490e-03
196529	2.344142443659658e-03	2.344228815319923e-03
200000	2.318165038459608e-03	2.344228815319923e-03
%
% index = 94, name = bbob_f001_i11_d02__bbob_f015_i12_d02
% instance = 5, reference value = 9.115235779841290e-01
% function evaluation | indicator value | target hit
1	1.707778932625129e+00	1.737800828749375e+00
21	1.695194387029629e+00	1.698243652461744e+00
37	1.630106001769129e+00	1.659586907437561e+00
42	1.578362110233129e+00	1.584893192461114e+00
47	1.525786383764129e+00	1.548816618912481e+00
52	1.510810399558629e+00	1.513561248436208e+00
62	1.478684855164629e+00	1.479108388168207e+00
67	1.431144202445129e+00	1.445439770745927e+00
72	1.381781644847129e+00	1.412537544622754e+00
77	1.355995486388129e+00	1.380384264602885e+00
82	1.315011081969629e+00	1.318256738556407e+00
92	1.285211004458629e+00	1.288249551693134e+00
97	1.241506220136629e+00	1.258925411794167e+00
102	1.194569290992629e+00	1.202264434617413e+00
112	1.171219966137629e+00	1.174897554939530e+00
122	1.119832196920629e+00	1.122018454301963e+00
127	1.076692484682129e+00	1.096478196143185e+00
142	1.066825038457629e+00	1.071519305237606e+00
152	1.006683066877129e+00	1.023292992280754e+00
187	9.573619541531290e-01	9.772372209558107e-01
192	9.361298057191288e-01	9.549925860214360e-01
197	9.033294918206353e-01	9.120108393559098e-01
207	8.871246799046894e-01	8.912509381337456e-01
212	8.705229104137380e-01	8.709635899560807e-01
217	8.398710160630002e-01	8.511380382023764e-01
222	8.000738770148917e-01	8.128305161640993e-01
227	7.892035607503793e-01	7.943282347242815e-01
237	7.422851253648551e-01	7.585775750291838e-01
242	7.249711753153510e-01	7.413102413009175e-01
247	6.972304535171222e-01	7.079457843841379e-01
257	6.844234528999542e-01	6.918309709189365e-01
455	6.692002626845319e-01	6.760829753919817e-01
493	6.562147471343085e-01	6.606934480075960e-01
556	6.429946795181967e-01	6.456542290346555e-01
678	6.245811008247164e-01	6.309573444801932e-01
1018	6.150745684551505e-01	6.165950018614822e-01
1865	5.978130719253327e-01	6.025595860743578e-01
2375	5.825245903525762e-01	5.888436553555889e-01
2376	5.671453451269042e-01	5.754399373371569e-01
3247	5.600364711242518e-01	5.623413251903491e-01
3662	5.462311490651094e-01	5.495408738576245e-01
4129	5.267637293490915e-01	5.370317963702527e-01
4134	5.140817866198908e-01	5.248074602497725e-01
4634	5.123902283652990e-01	5.128613839913648e-01
4761	4.980297512989393e-01	5.011872336272722e-01
5680	4.893052313521007e-01	4.897788193684462e-01
5685	4.702018465410915e-01	4.786300923226383e-01
6369	4.671294412827382e-01	4.677351412871982e-01
9920	4.565495856234298e-01	4.570881896148750e-01
10919	4.458819604408396e-01	4.466835921509631e-01
11387	4.357028105493407e-01	4.365158322401660e-01
12863	4.055606777998558e-01	4.073802778041127e-01
13651	3.976463261667559e-01	3.981071705534972e-01
13867	3.853526110106764e-01	3.890451449942806e-01
14893	3.799653564668933e-01	3.801893963205612e-01
14959	3.705389340517278e-01	3.715352290971726e-01
15013	3.582553824615398e-01	3.630780547701014e-01
15247	3.475809283968248e-01	3.548133892335755e-01
15262	3.231745314346535e-01	3.235936569296283e-01
16712	3.060902194764761e-01	3.090295432513591e-01
17473	2.950577866454633e-01	2.951209226666385e-01
19454	2.697405211571694e-01	2.754228703338166e-01
19894	2.686808610350141e-01	2.691534803926916e-01
19953	2.628951236713403e-01	2.630267991895382e-01
20001	2.564054504902604e-01	2.570395782768864e-01
20029	2.461826490976050e-01	2.511886431509580e-01
20051	2.450496807727429e-01	2.454708915685030e-01
20056	2.397696350788914e-01	2.398832919019490e-01
20116	2.273527149763965e-01	2.290867652767773e-01
20121	2.213190799499100e-01	2.238721138568339e-01
20879	2.126708018511836e-01	2.137962089502232e-01
21530	2.036856126678098e-01	2.041737944669530e-01
21550	1.990912653250894e-01	1.995262314968880e-01
21551	1.945239473683028e-01	1.949844599758045e-01
21552	1.857545318339791e-01	1.862087136662867e-01
22603	1.812365722179312e-01	1.819700858609984e-01
22734	1.739622159380461e-01	1.778279410038923e-01
22735	1.658080956902916e-01	1.659586907437560e-01
23342	1.595226867211349e-01	1.621810097358930e-01
23363	1.578433084343713e-01	1.584893192461113e-01
23364	1.539008905356353e-01	1.548816618912481e-01
23618	1.472028515491141e-01	1.479108388168208e-01
23628	1.354853567245271e-01	1.380384264602885e-01
23645	1.282189215599193e-01	1.288249551693134e-01
24197	1.248771411228730e-01	1.258925411794167e-01
24198	1.228157128170467e-01	1.230268770812381e-01
24430	1.198532457769653e-01	1.202264434617413e-01
24431	1.131530225788701e-01	1.148153621496883e-01
25559	1.111703613496139e-01	1.122018454301964e-01
25679	1.091922370602174e-01	1.096478196143185e-01
25681	1.043183238436698e-01	1.047128548050900e-01
25706	9.863169749484879e-02	1.000000000000000e-01
26780	9.633580080438753e-02	9.772372209558107e-02
26945	9.346037892122860e-02	9.549925860214359e-02
26950	9.317253541687509e-02	9.332543007969910e-02
27486	8.978698112062455e-02	9.120108393559097e-02
27583	8.864209871577411e-02	8.912509381337455e-02
33562	8.637438537805664e-02	8.709635899560805e-02
33628	8.413647618893594e-02	8.511380382023763e-02
33649	8.205464139166196e-02	8.317637711026708e-02
33834	7.943312600928853e-02	8.128305161640990e-02
33839	7.914621835200775e-02	7.943282347242814e-02
35127	7.633353198642490e-02	7.762471166286916e-02
35153	7.283539526606286e-02	7.413102413009177e-02
35171	7.220650828097641e-02	7.244359600749903e-02
35173	7.033886431274339e-02	7.079457843841380e-02
35178	6.177185203080438e-02	6.309573444801933e-02
35949	6.165651906357528e-02	6.165950018614822e-02
36080	6.021725265678746e-02	6.025595860743578e-02
36692	5.867570084737495e-02	5.888436553555890e-02
36988	5.686829342045219e-02	5.754399373371569e-02
37007	5.579858882977551e-02	5.623413251903491e-02
37008	5.473558275225743e-02	5.495408738576246e-02
37009	5.266405661958262e-02	5.370317963702527e-02
37447	5.219579331920332e-02	5.248074602497726e-02
37481	4.977278161513776e-02	5.011872336272722e-02
37843	4.881843046404277e-02	4.897788193684462e-02
37845	4.737356869157816e-02	4.786300923226382e-02
37846	4.550276980334167e-02	4.570881896148749e-02
38274	4.357690036648498e-02	4.365158322401658e-02
38656	4.250532659479855e-02	4.265795188015926e-02
38678	4.137509825991936e-02	4.168693834703355e-02
38683	3.848350143129997e-02	3.890451449942807e-02
39147	3.660819442680452e-02	3.715352290971726e-02
57825	3.621517518795681e-02	3.630780547701014e-02
57876	3.533084837994571e-02	3.548133892335755e-02
57944	3.431154680663784e-02	3.467368504525317e-02
57978	3.358627766083389e-02	3.388441561392026e-02
58016	3.235212817813105e-02	3.235936569296283e-02
58039	3.037482866609298e-02	3.090295432513590e-02
58677	2.935423966946771e-02	2.951209226666385e-02
58713	2.876617520231473e-02	2.884031503126606e-02
58748	2.804422533620632e-02	2.818382931264454e-02
58782	2.691990981511239e-02	2.754228703338166e-02
58794	2.691490016736497e-02	2.691534803926915e-02
58801	2.628209807553217e-02	2.630267991895381e-02
58802	2.565391917908577e-02	2.570395782768863e-02
58833	2.431395931607994e-02	2.454708915685030e-02
59045	2.357375127528649e-02	2.398832919019490e-02
59086	2.292220995377015e-02	2.344228815319923e-02
59189	2.277596769598511e-02	2.290867652767773e-02
60213	2.158684907943142e-02	2.187761623949553e-02
60619	2.096586510173903e-02	2.137962089502233e-02
60648	2.014489680140963e-02	2.041737944669529e-02
60689	1.907087480411573e-02	1.949844599758046e-02
60743	1.730774806802848e-02	1.737800828749375e-02
60762	1.686766302788401e-02	1.698243652461744e-02
60763	1.643482214576675e-02	1.659586907437561e-02
60764	1.560586001441433e-02	1.584893192461113e-02
60799	1.513585725300304e-02	1.548816618912481e-02
60811	1.513541320086209e-02	1.513561248436208e-02
61281	1.439575297032059e-02	1.445439770745927e-02
61324	1.325623225121364e-02	1.348962882591653e-02
61345	1.313553920917576e-02	1.318256738556407e-02
62346	1.261932181844372e-02	1.288249551693134e-02
62380	1.209938806991306e-02	1.230268770812382e-02
62414	1.104021725238713e-02	1.122018454301964e-02
62435	1.091229275483785e-02	1.096478196143185e-02
75004	1.069885717043839e-02	1.071519305237606e-02
75038	1.029049530700010e-02	1.047128548050900e-02
75079	9.745769602950261e-03	9.772372209558112e-03
75127	8.698974179460084e-03	8.709635899560805e-03
75169	8.078687654490380e-03	8.128305161640995e-03
75190	7.912804118766936e-03	7.943282347242814e-03
75819	7.749490577914853e-03	7.762471166286920e-03
75889	7.559421228686136e-03	7.585775750291836e-03
76988	7.344813070449874e-03	7.413102413009177e-03
77023	7.151895107229245e-03	7.244359600749898e-03
77059	6.956013491220436e-03	7.079457843841380e-03
77089	6.609344100530268e-03	6.760829753919818e-03
77106	6.606432185338296e-03	6.606934480075957e-03
91734	6.440566458246644e-03	6.456542290346556e-03
91773	6.277196520477535e-03	6.309573444801930e-03
91815	5.943629846157927e-03	6.025595860743574e-03
91869	5.731859125258976e-03	5.754399373371567e-03
91896	5.605749704970742e-03	5.623413251903491e-03
92488	5.391617435888341e-03	5.495408738576248e-03
92523	5.310090346800966e-03	5.370317963702527e-03
92572	5.201889718700059e-03	5.248074602497728e-03
92647	5.116527161430739e-03	5.128613839913648e-03
104356	4.991756734031405e-03	5.011872336272725e-03
111913	4.877506405685850e-03	4.897788193684461e-03
115997	4.785457589881137e-03	4.786300923226385e-03
120099	4.658432647705490e-03	4.677351412871981e-03
129730	4.463314645847150e-03	4.466835921509630e-03
129750	4.089350243494994e-03	4.168693834703355e-03
129755	4.014683932553664e-03	4.073802778041126e-03
129760	3.909408554253369e-03	3.981071705534973e-03
129765	3.585227038218286e-03	3.630780547701014e-03
130198	3.539802488336852e-03	3.548133892335753e-03
131136	3.364765973632444e-03	3.388441561392024e-03
131237	3.305730663820672e-03	3.311311214825911e-03
131283	3.186580168082265e-03	3.235936569296281e-03
131313	3.110310009378892e-03	3.162277660168379e-03
131342	3.032755439423052e-03	3.090295432513592e-03
131390	3.012597303612807e-03	3.019951720402016e-03
131898	2.797033641623314e-03	2.818382931264455e-03
131914	2.753176908748101e-03	2.754228703338166e-03
132072	2.528469793262156e-03	2.570395782768865e-03
132095	2.510691174942736e-03	2.511886431509579e-03
132740	2.381867774429169e-03	2.398832919019490e-03
132971	2.333398093814609e-03	2.344228815319923e-03
133107	2.255818290054279e-03	2.290867652767772e-03
133129	2.169639149968927e-03	2.187761623949552e-03
134682	2.136403506515450e-03	2.137962089502233e-03
134725	2.051977185073883e-03	2.089296130854039e-03
139796	2.030872751436763e-03	2.041737944669530e-03
139882	1.983731407648404e-03	1.995262314968879e-03
170136	1.945763175264625e-03	1.949844599758046e-03
200000	1.912639848330122e-03	1.949844599758046e-03
%
% index = 95, name = bbob_f001_i13_d02__bbob_f015_i14_d02
% instance = 6, reference value = 9.378615050184010e-01
% function evaluation | indicator value | target hit
1	7.451184934981947e+00	7.585775750291837e+00
19	7.396727848043495e+00	7.413102413009175e+00
21	7.237441390539304e+00	7.244359600749901e+00
22	7.044429090364447e+00	7.079457843841379e+00
23	6.758392457549530e+00	6.760829753919817e+00
28	6.554141060039092e+00	6.606934480075959e+00
484	6.455686658022175e+00	6.456542290346556e+00
688	6.221170205663556e+00	6.309573444801933e+00
689	5.924211866499810e+00	6.025595860743578e+00
835	5.877931484941079e+00	5.888436553555890e+00
1179	5.536816469675196e+00	5.623413251903491e+00
1787	5.494043107326064e+00	5.495408738576246e+00
5973	5.326774250992885e+00	5.370317963702527e+00
5978	5.006745649775464e+00	5.011872336272722e+00
5983	4.777631797872396e+00	4.786300923226384e+00
5993	4.574825020694534e+00	4.677351412871983e+00
5998	4.256159819679167e+00	4.265795188015927e+00
6003	3.885091973123946e+00	3.890451449942806e+00
6008	3.405344830279227e+00	3.467368504525317e+00
6762	3.007589717147426e+00	3.019951720402016e+00
6786	2.718966155084605e+00	2.754228703338166e+00
13646	2.343742336836703e+00	2.344228815319922e+00
31216	2.278497492317473e+00	2.290867652767773e+00
31284	2.225375926138121e+00	2.238721138568339e+00
31286	2.095425402432896e+00	2.137962089502232e+00
31287	1.884557561702684e+00	1.905460717963247e+00
32149	1.785462976548600e+00	1.819700858609983e+00
47014	1.650352134844901e+00	1.659586907437561e+00
47019	1.550896264409901e+00	1.584893192461114e+00
50653	1.212209858580401e+00	1.230268770812382e+00
50658	1.016672725736401e+00	1.023292992280754e+00
51870	9.671863239189010e-01	9.772372209558107e-01
51875	9.337638988248624e-01	9.549925860214360e-01
55601	8.615534096159996e-01	8.709635899560807e-01
56367	6.323400961351304e-01	6.456542290346555e-01
56436	6.218207053547342e-01	6.309573444801932e-01
56441	5.166785706548950e-01	5.248074602497725e-01
58586	5.115677829238110e-01	5.128613839913648e-01
59297	4.989608865678276e-01	5.011872336272722e-01
59299	4.856774520409936e-01	4.897788193684462e-01
61834	4.742178984248583e-01	4.786300923226383e-01
61936	4.655914723441438e-01	4.677351412871982e-01
68243	4.515694528197128e-01	4.570881896148750e-01
68266	3.928129252035009e-01	3.981071705534972e-01
68295	3.059405209623851e-01	3.090295432513591e-01
68333	2.860612455819368e-01	2.884031503126606e-01
68976	2.810294575524739e-01	2.818382931264454e-01
69017	2.640966471109643e-01	2.691534803926916e-01
69035	2.629426876792276e-01	2.630267991895382e-01
69057	1.833777809526966e-01	1.862087136662867e-01
69095	1.357829235477424e-01	1.380384264602885e-01
69111	1.342274363174265e-01	1.348962882591654e-01
69113	1.305657165833776e-01	1.318256738556407e-01
69114	1.279746747194264e-01	1.288249551693134e-01
69171	1.258032947038268e-01	1.258925411794167e-01
86044	1.195662794594823e-01	1.202264434617413e-01
86049	1.139416411259450e-01	1.148153621496883e-01
87407	1.102440960288030e-01	1.122018454301964e-01
87484	1.095083817397918e-01	1.096478196143185e-01
90134	1.071463080824272e-01	1.071519305237607e-01
91075	7.967037491433471e-02	8.128305161640990e-02
91080	6.230088425042168e-02	6.309573444801933e-02
91085	4.923523996024659e-02	5.011872336272722e-02
91950	4.893697498085425e-02	4.897788193684462e-02
92042	4.733167214577727e-02	4.786300923226382e-02
95152	4.603405815427208e-02	4.677351412871981e-02
95172	4.434907030452162e-02	4.466835921509630e-02
95194	4.129123939506385e-02	4.168693834703355e-02
95218	3.640711252455497e-02	3.715352290971726e-02
95248	3.113879212017323e-02	3.162277660168379e-02
95286	3.033724621470901e-02	3.090295432513590e-02
95302	3.018161165845912e-02	3.019951720402016e-02
104023	2.807567427171531e-02	2.818382931264454e-02
104044	2.161946587067487e-02	2.187761623949553e-02
104067	1.133100304292189e-02	1.148153621496883e-02
104092	2.802830468816464e-03	2.818382931264455e-03
119735	2.398971812657469e-03	2.454708915685031e-03
119747	2.398800962198910e-03	2.398832919019490e-03
119773	2.083686169648713e-03	2.089296130854039e-03
119838	1.901054123701118e-03	1.905460717963246e-03
119894	1.751460999707022e-03	1.778279410038923e-03
119919	1.710268046427821e-03	1.737800828749376e-03
119961	1.698001338249489e-03	1.698243652461744e-03
119987	1.595099746007134e-03	1.621810097358930e-03
120017	1.497176220552565e-03	1.513561248436209e-03
120058	1.476193780820090e-03	1.479108388168207e-03
120091	1.391621317240577e-03	1.412537544622754e-03
120117	1.318278041248844e-03	1.348962882591653e-03
120136	1.318254821305986e-03	1.318256738556408e-03
120172	1.247398460305749e-03	1.258925411794167e-03
120198	1.184230937230968e-03	1.202264434617413e-03
120220	1.128550965423969e-03	1.148153621496883e-03
120252	1.089784037765384e-03	1.096478196143185e-03
120276	1.050696494479975e-03	1.071519305237606e-03
120301	1.029719413186525e-03	1.047128548050900e-03
120348	1.018293991135844e-03	1.023292992280754e-03
120387	9.650471850889408e-04	9.772372209558111e-04
120484	9.284841133798682e-04	9.332543007969915e-04
120507	9.013697634209228e-04	9.120108393559096e-04
120568	8.675201994319259e-04	8.709635899560805e-04
120591	8.440737588899516e-04	8.511380382023768e-04
120675	8.149097837091279e-04	8.317637711026709e-04
120698	7.927665957544461e-04	7.943282347242813e-04
120757	7.620621469470734e-04	7.762471166286919e-04
120777	7.437292969350029e-04	7.585775750291835e-04
120823	7.272247040942537e-04	7.413102413009177e-04
120847	7.085637009766055e-04	7.244359600749898e-04
120875	6.914840447089787e-04	6.918309709189362e-04
120898	6.749522790537865e-04	6.760829753919819e-04
120922	6.587701278123470e-04	6.606934480075957e-04
120943	6.424635816321134e-04	6.456542290346556e-04
120966	6.266870042879180e-04	6.309573444801930e-04
121036	6.099216679721353e-04	6.165950018614823e-04
121057	5.909333756619617e-04	6.025595860743575e-04
121080	5.800174226888721e-04	5.888436553555889e-04
121102	5.729443199524731e-04	5.754399373371566e-04
121155	5.618397568186717e-04	5.623413251903491e-04
121198	5.432831617517841e-04	5.495408738576248e-04
121220	5.337191348107062e-04	5.370317963702527e-04
121242	5.244586814550090e-04	5.248074602497728e-04
121310	5.090106151329765e-04	5.128613839913648e-04
121460	4.993483582674818e-04	5.011872336272725e-04
121502	4.893258941084389e-04	4.897788193684461e-04
121571	4.760923284202745e-04	4.786300923226385e-04
121634	4.625085546554608e-04	4.677351412871981e-04
121655	4.567836564346450e-04	4.570881896148752e-04
121718	4.448459702210972e-04	4.466835921509630e-04
121760	4.339184197159618e-04	4.365158322401661e-04
121822	4.234170821826311e-04	4.265795188015926e-04
121887	4.132009793614833e-04	4.168693834703355e-04
121949	4.038643266163211e-04	4.073802778041126e-04
121993	3.957934703893162e-04	3.981071705534974e-04
122029	3.885878524427788e-04	3.890451449942805e-04
122092	3.789457960029496e-04	3.801893963205612e-04
122128	3.707394465940483e-04	3.715352290971724e-04
122171	3.625905700809229e-04	3.630780547701014e-04
122215	3.545168410200583e-04	3.548133892335753e-04
122273	3.429605350255827e-04	3.467368504525317e-04
122315	3.383456497580983e-04	3.388441561392024e-04
122377	3.285035904200262e-04	3.311311214825911e-04
122457	3.233969958206240e-04	3.235936569296281e-04
122527	3.152941170864176e-04	3.162277660168379e-04
122624	3.089319227231879e-04	3.090295432513592e-04
122705	3.004457843758246e-04	3.019951720402016e-04
122773	2.938191309503901e-04	2.951209226666387e-04
122852	2.863402438832985e-04	2.884031503126605e-04
122890	2.816121979434261e-04	2.818382931264455e-04
122969	2.742056099674928e-04	2.754228703338166e-04
123038	2.689653844967221e-04	2.691534803926917e-04
123152	2.625905019898456e-04	2.630267991895381e-04
123266	2.558536281842549e-04	2.570395782768865e-04
123462	2.503707425911550e-04	2.511886431509580e-04
123571	2.445665362800220e-04	2.454708915685031e-04
123689	2.398201185891402e-04	2.398832919019490e-04
123763	2.343018368219374e-04	2.344228815319923e-04
123839	2.290300269385259e-04	2.290867652767772e-04
123950	2.236784604164876e-04	2.238721138568340e-04
124071	2.180641396192229e-04	2.187761623949552e-04
124161	2.136848015771298e-04	2.137962089502232e-04
124291	2.080610086246937e-04	2.089296130854039e-04
124404	2.035974003015140e-04	2.041737944669530e-04
124500	1.992181459122833e-04	1.995262314968879e-04
124591	1.942381831839812e-04	1.949844599758046e-04
124681	1.901168080801208e-04	1.905460717963246e-04
124804	1.861818124749837e-04	1.862087136662868e-04
124889	1.819610922008108e-04	1.819700858609983e-04
125052	1.773389365212763e-04	1.778279410038923e-04
125177	1.730452542640926e-04	1.737800828749376e-04
125326	1.692640845245563e-04	1.698243652461744e-04
125430	1.658467138450082e-04	1.659586907437562e-04
125568	1.617136753093718e-04	1.621810097358930e-04
125656	1.583077966943458e-04	1.584893192461114e-04
125781	1.546505241883933e-04	1.548816618912481e-04
125879	1.510783611631261e-04	1.513561248436209e-04
126066	1.476267179355562e-04	1.479108388168207e-04
126281	1.443096933755328e-04	1.445439770745928e-04
126463	1.408510469145252e-04	1.412537544622754e-04
126571	1.380081015517343e-04	1.380384264602885e-04
126790	1.347254988084412e-04	1.348962882591653e-04
126965	1.315064660274423e-04	1.318256738556407e-04
127088	1.287535396977679e-04	1.288249551693134e-04
127230	1.257500521261168e-04	1.258925411794167e-04
127383	1.227177687208592e-04	1.230268770812381e-04
127538	1.200165757531124e-04	1.202264434617413e-04
127675	1.172663786187522e-04	1.174897554939529e-04
127849	1.147133253477373e-04	1.148153621496883e-04
128022	1.121147828314628e-04	1.122018454301963e-04
128213	1.096038618412232e-04	1.096478196143185e-04
128418	1.071477746039662e-04	1.071519305237606e-04
128620	1.045686514505872e-04	1.047128548050900e-04
128776	1.022346283362507e-04	1.023292992280754e-04
128962	9.994344266084365e-05	1.000000000000000e-04
129129	9.755656394294654e-05	9.772372209558111e-05
129309	9.530953843917001e-05	9.549925860214369e-05
129476	9.330145223140907e-05	9.332543007969905e-05
129650	9.117652217327521e-05	9.120108393559096e-05
129798	8.909700417680799e-05	8.912509381337459e-05
129934	8.709624731773058e-05	8.709635899560814e-05
130153	8.501466260812940e-05	8.511380382023759e-05
130322	8.311272769412348e-05	8.317637711026709e-05
130613	8.119637869563601e-05	8.128305161640995e-05
130751	7.933813362803743e-05	7.943282347242822e-05
130886	7.755885256877093e-05	7.762471166286911e-05
131053	7.577768503475024e-05	7.585775750291836e-05
131146	7.411959622560804e-05	7.413102413009176e-05
131192	7.243252334498962e-05	7.244359600749906e-05
131286	7.073223391096395e-05	7.079457843841373e-05
131487	6.913060300628437e-05	6.918309709189363e-05
131682	6.760629638979943e-05	6.760829753919819e-05
131871	6.605447019236710e-05	6.606934480075965e-05
132056	6.455603184785108e-05	6.456542290346549e-05
132265	6.308701405977057e-05	6.309573444801929e-05
132495	6.164097946970148e-05	6.165950018614822e-05
132710	6.022435086283640e-05	6.025595860743581e-05
132951	5.884880490059086e-05	5.888436553555884e-05
133155	5.751458294567247e-05	5.754399373371566e-05
133346	5.621220495910517e-05	5.623413251903491e-05
133685	5.494326635802071e-05	5.495408738576248e-05
133952	5.368476032674430e-05	5.370317963702532e-05
134106	5.245343054172125e-05	5.248074602497723e-05
134197	5.126336326111147e-05	5.128613839913648e-05
134431	5.011379651320702e-05	5.011872336272725e-05
134668	4.897579049922829e-05	4.897788193684466e-05
134764	4.785922587358105e-05	4.786300923226380e-05
134933	4.677279231857234e-05	4.677351412871981e-05
135078	4.569992774949849e-05	4.570881896148752e-05
135190	4.465268357178864e-05	4.466835921509635e-05
135331	4.363949439123438e-05	4.365158322401657e-05
135428	4.265146067761183e-05	4.265795188015926e-05
135558	4.167501631058279e-05	4.168693834703355e-05
135707	4.073508360813438e-05	4.073802778041130e-05
135795	3.979790214025947e-05	3.981071705534969e-05
135884	3.890085612556771e-05	3.890451449942805e-05
135971	3.801068582098832e-05	3.801893963205612e-05
136143	3.714862310499889e-05	3.715352290971728e-05
136472	3.629983105413181e-05	3.630780547701010e-05
136897	3.547268608061760e-05	3.548133892335753e-05
137077	3.466841190058467e-05	3.467368504525317e-05
137210	3.387879251159909e-05	3.388441561392028e-05
137585	3.311046013576568e-05	3.311311214825908e-05
137845	3.235637330156749e-05	3.235936569296281e-05
138160	3.162039426030105e-05	3.162277660168380e-05
138339	3.090118695658894e-05	3.090295432513592e-05
138537	3.019799447945282e-05	3.019951720402019e-05
138783	2.951048121224709e-05	2.951209226666384e-05
138987	2.883825889987701e-05	2.884031503126606e-05
139183	2.818099723278511e-05	2.818382931264455e-05
139412	2.754168369467624e-05	2.754228703338169e-05
139705	2.691322424019926e-05	2.691534803926914e-05
140294	2.630194066455260e-05	2.630267991895381e-05
140706	2.570320996786446e-05	2.570395782768864e-05
142075	2.511871969790302e-05	2.511886431509582e-05
200000	2.499657895893570e-05	2.511886431509582e-05
%
% index = 96, name = bbob_f001_i15_d02__bbob_f015_i16_d02
% instance = 7, reference value = 8.712096542727610e-01
% function evaluation | indicator value | target hit
1	2.482907347564429e+01	2.511886431509580e+01
22	2.416671302499708e+01	2.454708915685030e+01
23	2.351088101592378e+01	2.398832919019490e+01
28	2.340865248719037e+01	2.344228815319923e+01
38	2.250612205935164e+01	2.290867652767773e+01
43	2.187366879206413e+01	2.187761623949553e+01
48	2.100962891104252e+01	2.137962089502232e+01
83	2.089196126431060e+01	2.089296130854040e+01
93	1.971013746386494e+01	1.995262314968880e+01
98	1.945318486426399e+01	1.949844599758045e+01
103	1.850601641899646e+01	1.862087136662868e+01
108	1.803306002600419e+01	1.819700858609983e+01
113	1.716945992456509e+01	1.737800828749375e+01
118	1.669733297290277e+01	1.698243652461744e+01
123	1.656202727908651e+01	1.659586907437561e+01
128	1.620633917750563e+01	1.621810097358930e+01
133	1.537074854393422e+01	1.548816618912481e+01
138	1.495060760517529e+01	1.513561248436208e+01
143	1.478860568847956e+01	1.479108388168207e+01
148	1.414297506122384e+01	1.445439770745927e+01
153	1.356460945521694e+01	1.380384264602885e+01
163	1.335299268592320e+01	1.348962882591653e+01
417	1.314174257768451e+01	1.318256738556407e+01
676	1.255339227715056e+01	1.258925411794167e+01
686	1.214592239881594e+01	1.230268770812382e+01
691	1.182963930504894e+01	1.202264434617413e+01
696	1.124153774902908e+01	1.148153621496883e+01
701	1.110919053315226e+01	1.122018454301964e+01
721	1.096291243148587e+01	1.096478196143185e+01
1514	1.061371157320645e+01	1.071519305237607e+01
1515	1.024371596958448e+01	1.047128548050900e+01
1520	1.023162737187529e+01	1.023292992280754e+01
1525	9.848991994631993e+00	1.000000000000000e+01
1535	9.662430544844922e+00	9.772372209558107e+00
2212	9.534299983031802e+00	9.549925860214358e+00
2418	9.063159996971047e+00	9.120108393559097e+00
2428	8.578732035356110e+00	8.709635899560805e+00
2433	8.503269216726780e+00	8.511380382023766e+00
2443	8.239557898639596e+00	8.317637711026711e+00
2458	8.124571660770222e+00	8.128305161640993e+00
3236	7.827485671840976e+00	7.943282347242816e+00
3237	7.484444426706761e+00	7.585775750291837e+00
3247	7.189758527038292e+00	7.244359600749901e+00
3257	6.850885862414184e+00	6.918309709189364e+00
3262	6.499789452327787e+00	6.606934480075959e+00
3272	6.453703127219005e+00	6.456542290346556e+00
3277	5.847641617683111e+00	5.888436553555890e+00
4323	5.729282483413773e+00	5.754399373371569e+00
4344	5.589813336045281e+00	5.623413251903491e+00
4345	5.403679356036751e+00	5.495408738576246e+00
4400	5.202053836066169e+00	5.248074602497725e+00
4664	4.960898326540988e+00	5.011872336272722e+00
4669	4.861635067680999e+00	4.897788193684462e+00
4674	4.702111984610980e+00	4.786300923226384e+00
4679	4.594165270874407e+00	4.677351412871983e+00
5111	4.565312804432208e+00	4.570881896148751e+00
5598	4.453638839639973e+00	4.466835921509632e+00
5599	4.277055914789552e+00	4.365158322401660e+00
5600	4.071444222330161e+00	4.073802778041127e+00
6562	3.960788539723127e+00	3.981071705534972e+00
6563	3.831040549821576e+00	3.890451449942806e+00
6564	3.624987254152551e+00	3.630780547701014e+00
6829	3.524822270311513e+00	3.548133892335755e+00
6839	3.378200816720396e+00	3.388441561392026e+00
7436	3.303199444030510e+00	3.311311214825911e+00
7438	3.219073035665098e+00	3.235936569296283e+00
7439	3.090692462730463e+00	3.162277660168380e+00
7440	2.947955906837677e+00	2.951209226666386e+00
8840	2.858432413197106e+00	2.884031503126606e+00
9494	2.818339639609370e+00	2.818382931264454e+00
9524	2.742502943486820e+00	2.754228703338166e+00
9977	2.643661921158157e+00	2.691534803926916e+00
9978	2.477390372678110e+00	2.511886431509580e+00
9988	2.406523347451714e+00	2.454708915685031e+00
9993	2.395246783556807e+00	2.398832919019490e+00
10623	2.343600576050094e+00	2.344228815319922e+00
10644	2.284540463598105e+00	2.290867652767773e+00
10882	2.207602261406529e+00	2.238721138568339e+00
10883	2.084319860266761e+00	2.089296130854040e+00
10893	2.034370844158647e+00	2.041737944669529e+00
14968	1.987941300978767e+00	1.995262314968880e+00
15024	1.947176485746128e+00	1.949844599758045e+00
15027	1.898249385329092e+00	1.905460717963247e+00
15028	1.840823283977375e+00	1.862087136662868e+00
15029	1.748137776341761e+00	1.778279410038923e+00
15034	1.696633441486761e+00	1.698243652461744e+00
15842	1.648196167720291e+00	1.659586907437561e+00
17716	1.600233266765761e+00	1.621810097358930e+00
17721	1.537927384206761e+00	1.548816618912481e+00
17726	1.388066318851880e+00	1.412537544622754e+00
17747	1.290376625261261e+00	1.318256738556407e+00
17752	1.121103181300261e+00	1.122018454301963e+00
17767	1.083548923655761e+00	1.096478196143185e+00
17772	9.634219965962609e-01	9.772372209558107e-01
17792	9.377355057417609e-01	9.549925860214360e-01
17797	8.964709358582610e-01	9.120108393559098e-01
17802	8.411556730363170e-01	8.511380382023764e-01
17807	6.660577163609560e-01	6.760829753919817e-01
17812	6.375074725364934e-01	6.456542290346555e-01
17817	6.010371016992992e-01	6.025595860743578e-01
17822	5.402349203913407e-01	5.495408738576245e-01
17827	5.047483728497293e-01	5.128613839913648e-01
17832	4.693636630580930e-01	4.786300923226383e-01
17837	4.477593796994847e-01	4.570881896148750e-01
17842	4.454184942149064e-01	4.466835921509631e-01
19251	4.282994680465791e-01	4.365158322401660e-01
19256	4.028309826228281e-01	4.073802778041127e-01
19261	3.958564591653060e-01	3.981071705534972e-01
19266	3.613226942411555e-01	3.630780547701014e-01
19271	3.532853594703249e-01	3.548133892335755e-01
19276	3.347350313836276e-01	3.388441561392025e-01
19674	3.298691187680860e-01	3.311311214825911e-01
20256	3.224619178842124e-01	3.235936569296283e-01
20313	3.113536206468328e-01	3.162277660168379e-01
20352	3.039609261026541e-01	3.090295432513591e-01
20371	2.999125766424928e-01	3.019951720402016e-01
20372	2.940933680716769e-01	2.951209226666385e-01
20373	2.761593444801946e-01	2.818382931264454e-01
20374	2.324668272986593e-01	2.344228815319922e-01
22113	2.113545777641179e-01	2.137962089502232e-01
22114	2.045173253740834e-01	2.089296130854039e-01
22124	2.041579210267932e-01	2.041737944669530e-01
22379	1.981420178944259e-01	1.995262314968880e-01
22427	1.945017077086414e-01	1.949844599758045e-01
22481	1.643569148707553e-01	1.659586907437560e-01
22529	1.614755234796185e-01	1.621810097358930e-01
22798	1.577552683324351e-01	1.584893192461113e-01
22889	1.532323550249161e-01	1.548816618912481e-01
22910	1.494636896415265e-01	1.513561248436208e-01
22911	1.414609956200040e-01	1.445439770745928e-01
23488	1.389413933431037e-01	1.412537544622754e-01
23493	1.005972559204033e-01	1.023292992280754e-01
23569	9.998734870586001e-02	1.000000000000000e-01
23766	9.684994805739389e-02	9.772372209558107e-02
23813	9.517651797990512e-02	9.549925860214359e-02
24155	9.306477235800104e-02	9.332543007969910e-02
24201	9.044781455241302e-02	9.120108393559097e-02
24227	8.738993706464104e-02	8.912509381337455e-02
24260	8.295385241329500e-02	8.317637711026708e-02
24294	7.881749997713250e-02	7.943282347242814e-02
24330	7.474231992142177e-02	7.585775750291836e-02
24348	7.388252011644580e-02	7.413102413009177e-02
24350	7.021574423023225e-02	7.079457843841380e-02
24351	6.257746930144625e-02	6.309573444801933e-02
24352	4.998454575823097e-02	5.011872336272722e-02
24357	4.722421378223240e-02	4.786300923226382e-02
24358	4.628464057396053e-02	4.677351412871981e-02
24901	4.570003792037303e-02	4.570881896148749e-02
24974	4.427180682347043e-02	4.466835921509630e-02
24998	4.313608363807575e-02	4.365158322401658e-02
25029	4.181214912079134e-02	4.265795188015926e-02
25066	4.106617577321470e-02	4.168693834703355e-02
25112	4.068216712335870e-02	4.073802778041128e-02
25573	3.968531400038866e-02	3.981071705534973e-02
25621	3.840562564822247e-02	3.890451449942807e-02
25685	3.796391800487930e-02	3.801893963205612e-02
43143	3.597461462128160e-02	3.630780547701014e-02
43167	3.371213685379104e-02	3.388441561392026e-02
43193	3.126600511857025e-02	3.162277660168379e-02
43230	3.032244622890357e-02	3.090295432513590e-02
43748	3.019860640207961e-02	3.019951720402016e-02
43816	2.913369855509140e-02	2.951209226666385e-02
44004	2.815301870310405e-02	2.818382931264454e-02
52762	2.723674937358378e-02	2.754228703338166e-02
52767	2.512369283987037e-02	2.570395782768863e-02
52777	2.504790230859677e-02	2.511886431509579e-02
63603	2.453734241967931e-02	2.454708915685030e-02
65289	2.366345928984737e-02	2.398832919019490e-02
65326	2.319800544448181e-02	2.344228815319923e-02
66413	2.285591750639260e-02	2.290867652767773e-02
70213	2.227958554033660e-02	2.238721138568340e-02
70265	2.185478000404228e-02	2.187761623949553e-02
74764	2.111667099597048e-02	2.137962089502233e-02
74795	2.051551519510231e-02	2.089296130854040e-02
74834	1.998943416562893e-02	2.041737944669529e-02
74872	1.942966808896629e-02	1.949844599758046e-02
74903	1.856759332333557e-02	1.862087136662868e-02
74940	1.692850947553082e-02	1.698243652461744e-02
74980	1.523265648299410e-02	1.548816618912481e-02
74997	1.511298118675952e-02	1.513561248436208e-02
75021	1.352682590217902e-02	1.380384264602885e-02
75071	1.348567625331687e-02	1.348962882591653e-02
110832	1.272280681285998e-02	1.288249551693134e-02
121709	1.252839121400262e-02	1.258925411794167e-02
158434	1.230117813304499e-02	1.230268770812382e-02
159588	1.186220153200768e-02	1.202264434617413e-02
159663	1.170369977285080e-02	1.174897554939530e-02
159842	1.145567404686409e-02	1.148153621496883e-02
160090	1.121761201317473e-02	1.122018454301964e-02
160329	1.095983365743292e-02	1.096478196143185e-02
160888	1.070554407566626e-02	1.071519305237606e-02
161643	1.046689836701797e-02	1.047128548050900e-02
163645	1.023082107642170e-02	1.023292992280754e-02
171219	9.999847687335861e-03	1.000000000000000e-02
200000	9.887284910194971e-03	1.000000000000000e-02
%
% index = 97, name = bbob_f001_i17_d02__bbob_f015_i18_d02
% instance = 8, reference value = 8.494061163028830e-01
% function evaluation | indicator value | target hit
1	1.660934592887883e+00	1.698243652461744e+00
19	1.659252703816383e+00	1.659586907437561e+00
206	1.606890844816883e+00	1.621810097358930e+00
242	1.559530442862383e+00	1.584893192461114e+00
262	1.548799923415383e+00	1.548816618912481e+00
268	1.484739461532383e+00	1.513561248436208e+00
835	1.412537058898883e+00	1.412537544622754e+00
840	1.364007390006383e+00	1.380384264602885e+00
845	1.308589221985883e+00	1.318256738556407e+00
850	1.272438799192383e+00	1.288249551693134e+00
1405	1.257074029914383e+00	1.258925411794167e+00
1479	1.220428650052883e+00	1.230268770812382e+00
1516	1.179942836145883e+00	1.202264434617413e+00
1536	1.170329536068883e+00	1.174897554939530e+00
1538	1.141945474364883e+00	1.148153621496883e+00
1904	1.121879596064883e+00	1.122018454301963e+00
1928	1.044757610774383e+00	1.047128548050900e+00
1933	1.007015611981883e+00	1.023292992280754e+00
1938	9.547918719573829e-01	9.549925860214360e-01
1943	9.210115691628831e-01	9.332543007969910e-01
1948	8.987582705583830e-01	9.120108393559098e-01
1953	8.725781612518830e-01	8.912509381337456e-01
1958	8.462430331286847e-01	8.511380382023764e-01
2500	8.314066008084257e-01	8.317637711026710e-01
2592	8.119316531981928e-01	8.128305161640993e-01
2629	7.929016452098641e-01	7.943282347242815e-01
2655	7.732933778883244e-01	7.762471166286917e-01
2661	7.570858659805370e-01	7.585775750291838e-01
2736	7.353053888714208e-01	7.413102413009175e-01
3110	7.055405079589503e-01	7.079457843841379e-01
3120	6.854723840500199e-01	6.918309709189365e-01
3135	6.683342677607186e-01	6.760829753919817e-01
3150	6.521765662217985e-01	6.606934480075960e-01
3160	6.429048614434099e-01	6.456542290346555e-01
3165	6.288930316315012e-01	6.309573444801932e-01
3175	6.143463958559463e-01	6.165950018614822e-01
3180	5.962438673818249e-01	6.025595860743578e-01
3196	5.715385219455540e-01	5.754399373371569e-01
3201	5.317033549833853e-01	5.370317963702527e-01
3206	5.167232569785434e-01	5.248074602497725e-01
3211	4.964836595903953e-01	5.011872336272722e-01
3216	4.863377453308174e-01	4.897788193684462e-01
3221	4.771312116960346e-01	4.786300923226383e-01
3226	4.622585075066815e-01	4.677351412871982e-01
3236	4.545897148314003e-01	4.570881896148750e-01
3241	4.446792035545444e-01	4.466835921509631e-01
3246	4.234457041699952e-01	4.265795188015927e-01
3251	4.049151336245320e-01	4.073802778041127e-01
3256	3.763404155123642e-01	3.801893963205612e-01
3261	3.706835493064596e-01	3.715352290971726e-01
3271	3.475228187599462e-01	3.548133892335755e-01
3276	3.457325230915630e-01	3.467368504525316e-01
3291	3.383461606378109e-01	3.388441561392025e-01
3301	3.208685695284270e-01	3.235936569296283e-01
3311	3.124196032700017e-01	3.162277660168379e-01
3316	3.014806277654422e-01	3.019951720402016e-01
3321	2.868239385608559e-01	2.884031503126606e-01
3331	2.817606548645684e-01	2.818382931264454e-01
3947	2.725672075730721e-01	2.754228703338166e-01
3986	2.659384482041730e-01	2.691534803926916e-01
9649	2.602767908841004e-01	2.630267991895382e-01
9654	2.550757180121148e-01	2.570395782768864e-01
9659	2.509914855124222e-01	2.511886431509580e-01
9811	2.425090945207004e-01	2.454708915685030e-01
10171	2.387482082389254e-01	2.398832919019490e-01
10239	2.271886524708927e-01	2.290867652767773e-01
10280	2.162278332357878e-01	2.187761623949552e-01
10497	2.120991672344695e-01	2.137962089502232e-01
10666	2.069763821409383e-01	2.089296130854039e-01
10994	2.037726970290229e-01	2.041737944669530e-01
11045	1.983307342173112e-01	1.995262314968880e-01
11078	1.923202820501907e-01	1.949844599758045e-01
11098	1.899983584055109e-01	1.905460717963247e-01
11100	1.833004736331012e-01	1.862087136662867e-01
11105	1.792136576787368e-01	1.819700858609984e-01
12126	1.776352205401291e-01	1.778279410038923e-01
17484	1.730933008070943e-01	1.737800828749375e-01
17489	1.677817242621261e-01	1.698243652461744e-01
17965	1.656836777207341e-01	1.659586907437560e-01
45850	1.596047017563410e-01	1.621810097358930e-01
45860	1.583318863693979e-01	1.584893192461113e-01
46766	1.540222626551028e-01	1.548816618912481e-01
47120	1.511196998599253e-01	1.513561248436208e-01
48890	1.478917126609904e-01	1.479108388168208e-01
86355	1.232301433149606e-01	1.258925411794167e-01
86369	1.230087576586608e-01	1.230268770812381e-01
86373	1.197081245205355e-01	1.202264434617413e-01
86374	1.163046031133013e-01	1.174897554939529e-01
86375	1.102799056832451e-01	1.122018454301964e-01
86376	1.035498711514402e-01	1.047128548050900e-01
86553	1.023251016250378e-01	1.023292992280754e-01
90342	9.784524531086403e-02	1.000000000000000e-01
90347	7.663706987334362e-02	7.762471166286916e-02
90352	7.073470418992533e-02	7.079457843841380e-02
90619	6.574091217583389e-02	6.606934480075961e-02
90644	6.375478464505258e-02	6.456542290346556e-02
90981	6.291586244198655e-02	6.309573444801933e-02
91084	6.126865852434049e-02	6.165950018614822e-02
91294	6.024743288354906e-02	6.025595860743578e-02
91464	5.681570702960137e-02	5.754399373371569e-02
91474	5.460457677380226e-02	5.495408738576246e-02
91595	5.334854427516356e-02	5.370317963702527e-02
91648	5.098864745655629e-02	5.128613839913648e-02
92074	5.011416642035516e-02	5.011872336272722e-02
92211	4.760493807159538e-02	4.786300923226382e-02
92403	4.664641376666190e-02	4.677351412871981e-02
92593	4.537695430475619e-02	4.570881896148749e-02
93504	4.438152002863971e-02	4.466835921509630e-02
100592	4.007726640338127e-02	4.073802778041128e-02
100597	3.862281044753080e-02	3.890451449942807e-02
100602	3.600707891444543e-02	3.630780547701014e-02
102166	3.484468941158070e-02	3.548133892335755e-02
102171	3.065757087362808e-02	3.090295432513590e-02
102446	2.943051932982188e-02	2.951209226666385e-02
102531	2.884022437948797e-02	2.884031503126606e-02
103815	2.789082470984028e-02	2.818382931264454e-02
103838	2.634953463890244e-02	2.691534803926915e-02
103869	2.621340231188984e-02	2.630267991895381e-02
113430	2.570167478135676e-02	2.570395782768863e-02
199613	2.427292453885543e-02	2.454708915685030e-02
199623	2.398648530247116e-02	2.398832919019490e-02
200000	2.396544286632551e-02	2.398832919019490e-02
%
% index = 98, name = bbob_f001_i19_d02__bbob_f015_i21_d02
% instance = 9, reference value = 8.774579218917180e-01
% function evaluation | indicator value | target hit
1	2.626462893572218e+00	2.630267991895382e+00
170	2.545383095411718e+00	2.570395782768863e+00
190	2.511453387387218e+00	2.511886431509580e+00
383	2.434952345365718e+00	2.454708915685031e+00
393	2.287474373199218e+00	2.290867652767773e+00
403	2.185596301021718e+00	2.187761623949553e+00
811	2.127270566486718e+00	2.137962089502232e+00
855	2.055047665503218e+00	2.089296130854040e+00
880	1.960495090367218e+00	1.995262314968880e+00
899	1.945510712089218e+00	1.949844599758045e+00
901	1.900883913307218e+00	1.905460717963247e+00
902	1.842142965719718e+00	1.862087136662868e+00
907	1.797368476700218e+00	1.819700858609983e+00
1168	1.717026969934718e+00	1.737800828749375e+00
1173	1.603185993190218e+00	1.621810097358930e+00
1178	1.546238712660218e+00	1.548816618912481e+00
1183	1.503110927265218e+00	1.513561248436208e+00
1188	1.467194885308718e+00	1.479108388168207e+00
1193	1.361844955594718e+00	1.380384264602885e+00
1198	1.288421080305718e+00	1.318256738556407e+00
1203	1.267736889320218e+00	1.288249551693134e+00
1208	1.254056433012718e+00	1.258925411794167e+00
1709	1.216540806497218e+00	1.230268770812382e+00
1732	1.179729004537218e+00	1.202264434617413e+00
1883	1.169384530938718e+00	1.174897554939530e+00
1884	1.126289271678218e+00	1.148153621496883e+00
1894	1.040638474890218e+00	1.047128548050900e+00
1899	9.634890357122179e-01	9.772372209558107e-01
1904	9.027618648537179e-01	9.120108393559098e-01
1909	8.633477047989991e-01	8.709635899560807e-01
1914	8.331008236217967e-01	8.511380382023764e-01
1919	8.195289714817701e-01	8.317637711026710e-01
1924	8.081272911982503e-01	8.128305161640993e-01
2410	7.848211336825968e-01	7.943282347242815e-01
2439	7.583025860171594e-01	7.585775750291838e-01
2611	7.196089570633668e-01	7.244359600749900e-01
2616	6.981954050409521e-01	7.079457843841379e-01
2621	6.735455994200783e-01	6.760829753919817e-01
2626	6.334795134367671e-01	6.456542290346555e-01
2631	6.226162799051436e-01	6.309573444801932e-01
2636	6.106329097520484e-01	6.165950018614822e-01
3361	5.988180558715250e-01	6.025595860743578e-01
3413	5.728328003377811e-01	5.754399373371569e-01
3449	5.530500092262058e-01	5.623413251903491e-01
3553	5.493754806736320e-01	5.495408738576245e-01
3587	5.341425961119193e-01	5.370317963702527e-01
3643	5.221092968853034e-01	5.248074602497725e-01
4995	5.067187197578524e-01	5.128613839913648e-01
5000	4.945942889146742e-01	5.011872336272722e-01
5005	4.459367333000767e-01	4.466835921509631e-01
5015	4.241797263837504e-01	4.265795188015927e-01
5025	4.137497130728042e-01	4.168693834703354e-01
5228	4.064428179598773e-01	4.073802778041127e-01
5599	3.980144039502742e-01	3.981071705534972e-01
5649	3.873405322006550e-01	3.890451449942806e-01
5691	3.788235999521941e-01	3.801893963205612e-01
5719	3.675831833825831e-01	3.715352290971726e-01
6134	3.625946022603270e-01	3.630780547701014e-01
6150	3.543150231597645e-01	3.548133892335755e-01
12299	3.465688400365168e-01	3.467368504525316e-01
45362	3.231951104644958e-01	3.235936569296283e-01
45367	3.058189574826746e-01	3.090295432513591e-01
45609	2.999453026586155e-01	3.019951720402016e-01
46002	2.941312007257160e-01	2.951209226666385e-01
46053	2.872028261555646e-01	2.884031503126606e-01
46055	2.757235739045096e-01	2.818382931264454e-01
46056	2.473391267620157e-01	2.511886431509580e-01
46244	2.325725691713763e-01	2.344228815319922e-01
46843	2.290033015959912e-01	2.290867652767773e-01
49455	2.233235117524015e-01	2.238721138568339e-01
51391	2.186057716151938e-01	2.187761623949552e-01
55070	2.137177159963047e-01	2.137962089502232e-01
58898	1.950013641800898e-01	1.995262314968880e-01
58903	1.742760355921538e-01	1.778279410038923e-01
58913	1.735009901671607e-01	1.737800828749375e-01
59990	1.670658129560344e-01	1.698243652461744e-01
60022	1.620341843010296e-01	1.621810097358930e-01
60043	1.571573496445143e-01	1.584893192461113e-01
60044	1.388232850371504e-01	1.412537544622754e-01
61335	1.365985806693627e-01	1.380384264602885e-01
61340	1.225883518448455e-01	1.230268770812381e-01
61341	1.198696806654005e-01	1.202264434617413e-01
61648	1.170340771535875e-01	1.174897554939529e-01
61751	1.145291131138602e-01	1.148153621496883e-01
62327	1.108638879242777e-01	1.122018454301964e-01
62353	1.059169979175193e-01	1.071519305237607e-01
62398	1.003929544001003e-01	1.023292992280754e-01
62415	9.999273321582958e-02	1.000000000000000e-01
62418	9.492233903226854e-02	9.549925860214359e-02
62419	8.481613920789577e-02	8.511380382023763e-02
62420	7.907446172486476e-02	7.943282347242814e-02
63175	7.723801343858783e-02	7.762471166286916e-02
63180	7.485938775236733e-02	7.585775750291836e-02
63196	7.402307215470494e-02	7.413102413009177e-02
63417	7.237131374066941e-02	7.244359600749903e-02
63961	7.001608695076289e-02	7.079457843841380e-02
64006	6.864161536707358e-02	6.918309709189366e-02
64027	6.676163026799298e-02	6.760829753919818e-02
64028	6.446030932841706e-02	6.456542290346556e-02
64033	6.160256829387156e-02	6.165950018614822e-02
64542	5.805953497501581e-02	5.888436553555890e-02
64547	5.684114500995319e-02	5.754399373371569e-02
64722	5.523100929808600e-02	5.623413251903491e-02
64754	5.307795905303547e-02	5.370317963702527e-02
65179	5.234970341468581e-02	5.248074602497726e-02
65253	5.071896260852504e-02	5.128613839913648e-02
65282	4.996075173364245e-02	5.011872336272722e-02
65406	4.895946946971586e-02	4.897788193684462e-02
65409	4.676165949236721e-02	4.677351412871981e-02
65410	4.210030917048302e-02	4.265795188015926e-02
65711	3.883086427208637e-02	3.890451449942807e-02
65815	3.758969548958513e-02	3.801893963205612e-02
65838	3.676130839800840e-02	3.715352290971726e-02
65864	3.572825258538492e-02	3.630780547701014e-02
65908	3.545795693900222e-02	3.548133892335755e-02
66211	3.446388680783485e-02	3.467368504525317e-02
66277	3.348837193773213e-02	3.388441561392026e-02
66298	3.307062657457827e-02	3.311311214825911e-02
66299	3.194815830449693e-02	3.235936569296283e-02
66300	2.913060277863022e-02	2.951209226666385e-02
66631	2.119312367357862e-02	2.137962089502233e-02
66636	1.293617163827687e-02	1.318256738556407e-02
66762	1.273976588948045e-02	1.288249551693134e-02
66789	1.223669674405181e-02	1.230268770812382e-02
66823	1.190263434664773e-02	1.202264434617413e-02
66886	1.154338033845603e-02	1.174897554939530e-02
66918	1.125884274001809e-02	1.148153621496883e-02
67164	1.120049382521404e-02	1.122018454301964e-02
67200	1.089390546005020e-02	1.096478196143185e-02
67220	1.057436117888833e-02	1.071519305237606e-02
67244	1.005003701172236e-02	1.023292992280754e-02
67276	9.577270111453151e-03	9.772372209558112e-03
67343	7.908806728605056e-03	7.943282347242814e-03
77237	6.696642033106159e-03	6.760829753919818e-03
77290	6.595394760573581e-03	6.606934480075957e-03
77320	6.373868932597060e-03	6.456542290346556e-03
77326	6.135489660567317e-03	6.165950018614822e-03
77345	5.705010012660217e-03	5.754399373371567e-03
77366	5.007397949245540e-03	5.011872336272725e-03
77390	4.293760399333602e-03	4.365158322401661e-03
77424	4.246866071491051e-03	4.265795188015926e-03
77621	4.120961456963057e-03	4.168693834703355e-03
77644	3.997319057402637e-03	4.073802778041126e-03
77669	3.869565999109481e-03	3.890451449942805e-03
88663	3.687706234045574e-03	3.715352290971724e-03
113546	3.625547542953189e-03	3.630780547701014e-03
115045	2.727478291169261e-03	2.754228703338166e-03
134252	2.674638576116273e-03	2.691534803926917e-03
157441	2.544094258030483e-03	2.570395782768865e-03
157495	2.421103764120636e-03	2.454708915685031e-03
157541	2.386328734111043e-03	2.398832919019490e-03
157570	2.336500158041988e-03	2.344228815319923e-03
157633	2.259998843820998e-03	2.290867652767772e-03
157684	2.203649477328873e-03	2.238721138568340e-03
157746	2.181732322994567e-03	2.187761623949552e-03
157864	2.115445344818445e-03	2.137962089502233e-03
157943	2.064687738098203e-03	2.089296130854039e-03
157969	2.040047610999074e-03	2.041737944669530e-03
158017	1.992633798951093e-03	1.995262314968879e-03
158077	1.931014636518902e-03	1.949844599758046e-03
158120	1.891646742345099e-03	1.905460717963246e-03
158197	1.857785594041372e-03	1.862087136662868e-03
158348	1.810640648812756e-03	1.819700858609983e-03
158431	1.767282877188081e-03	1.778279410038923e-03
158569	1.735224427579896e-03	1.737800828749376e-03
158728	1.693248453306873e-03	1.698243652461744e-03
158890	1.653567106248310e-03	1.659586907437561e-03
159062	1.617195575703723e-03	1.621810097358930e-03
159205	1.580556044914472e-03	1.584893192461114e-03
159322	1.548752874708237e-03	1.548816618912481e-03
159524	1.511293396211699e-03	1.513561248436209e-03
159793	1.478168733001439e-03	1.479108388168207e-03
159996	1.444817578917790e-03	1.445439770745928e-03
160393	1.410766660529750e-03	1.412537544622754e-03
160742	1.380172364758292e-03	1.380384264602885e-03
161165	1.347912250015626e-03	1.348962882591653e-03
161571	1.317680691034218e-03	1.318256738556408e-03
162111	1.287247241668288e-03	1.288249551693134e-03
162720	1.258735138348177e-03	1.258925411794167e-03
163763	1.229889361151204e-03	1.230268770812381e-03
164857	1.201914448921482e-03	1.202264434617413e-03
165970	1.174749260999919e-03	1.174897554939529e-03
168108	1.148079878991348e-03	1.148153621496883e-03
171131	1.122011817527802e-03	1.122018454301963e-03
174816	1.096470147283535e-03	1.096478196143185e-03
180736	1.071511896598598e-03	1.071519305237606e-03
200000	1.055787925657081e-03	1.071519305237606e-03
%
% index = 99, name = bbob_f001_i21_d02__bbob_f015_i22_d02
% instance = 10, reference value = 9.074265765203530e-01
% function evaluation | indicator value | target hit
1	1.435352090372853e+00	1.445439770745927e+00
22	1.401754259482353e+00	1.412537544622754e+00
23	1.368704354970353e+00	1.380384264602885e+00
184	1.341884742405853e+00	1.348962882591654e+00
206	1.312437581158353e+00	1.318256738556407e+00
235	1.254457464722353e+00	1.258925411794167e+00
266	1.176189636575353e+00	1.202264434617413e+00
304	1.099331565557853e+00	1.122018454301963e+00
322	1.096082157166853e+00	1.096478196143185e+00
343	1.023493539270853e+00	1.047128548050900e+00
794	1.009769379025353e+00	1.023292992280754e+00
805	9.525350791418529e-01	9.549925860214360e-01
816	8.978135926046883e-01	9.120108393559098e-01
827	8.568285570521612e-01	8.709635899560807e-01
838	8.323553879684248e-01	8.511380382023764e-01
843	8.063930264289962e-01	8.128305161640993e-01
848	7.760609283108975e-01	7.762471166286917e-01
1299	7.528225108534055e-01	7.585775750291838e-01
1329	7.258597258207912e-01	7.413102413009175e-01
1365	6.905013613036262e-01	6.918309709189365e-01
1408	6.555747315276299e-01	6.606934480075960e-01
1438	6.369867346235025e-01	6.456542290346555e-01
1451	6.230469970828376e-01	6.309573444801932e-01
1807	6.108260360411069e-01	6.165950018614822e-01
1818	5.724297640300117e-01	5.754399373371569e-01
1829	5.485764843703356e-01	5.495408738576245e-01
1834	5.325733166151825e-01	5.370317963702527e-01
1839	5.108310603040778e-01	5.128613839913648e-01
2395	4.957250643371136e-01	5.011872336272722e-01
2425	4.778633995043988e-01	4.786300923226383e-01
2461	4.539926448267763e-01	4.570881896148750e-01
2780	4.453299852405246e-01	4.466835921509631e-01
2792	4.313843252019899e-01	4.365158322401660e-01
2804	4.146325068039876e-01	4.168693834703354e-01
2815	3.865436434348445e-01	3.890451449942806e-01
2826	3.697045575174256e-01	3.715352290971726e-01
2842	3.578367960605187e-01	3.630780547701014e-01
3517	3.538235194066615e-01	3.548133892335755e-01
3557	3.462237139333334e-01	3.467368504525316e-01
3579	3.368581978302903e-01	3.388441561392025e-01
3607	3.307693726269274e-01	3.311311214825911e-01
3612	3.178187909567054e-01	3.235936569296283e-01
3859	3.103283968744913e-01	3.162277660168379e-01
3870	3.077597740292453e-01	3.090295432513591e-01
3875	2.970247245288108e-01	3.019951720402016e-01
3880	2.927768172470642e-01	2.951209226666385e-01
4092	2.872042064712984e-01	2.884031503126606e-01
4679	2.794516470812309e-01	2.818382931264454e-01
4725	2.743727750292400e-01	2.754228703338166e-01
35313	2.676934894479958e-01	2.691534803926916e-01
37101	2.617632966346051e-01	2.630267991895382e-01
37840	2.563261680965465e-01	2.570395782768864e-01
37920	2.509774902314319e-01	2.511886431509580e-01
37923	2.450353478596462e-01	2.454708915685030e-01
38807	2.393352778739684e-01	2.398832919019490e-01
55284	2.343561540006133e-01	2.344228815319922e-01
76244	1.813626541455550e-01	1.819700858609984e-01
76522	1.768153331857441e-01	1.778279410038923e-01
77232	1.736185660323769e-01	1.737800828749375e-01
77243	1.697247158030883e-01	1.698243652461744e-01
77244	1.617594748820266e-01	1.621810097358930e-01
77254	1.583275533939127e-01	1.584893192461113e-01
77317	1.548524201752356e-01	1.548816618912481e-01
77591	1.510081994441420e-01	1.513561248436208e-01
79045	1.476699627808702e-01	1.479108388168208e-01
80395	1.445337429305823e-01	1.445439770745928e-01
137526	1.388517091543860e-01	1.412537544622754e-01
137570	1.339252871359790e-01	1.348962882591654e-01
137857	1.251726119782589e-01	1.258925411794167e-01
137867	1.178684911973384e-01	1.202264434617413e-01
138344	1.172842627357692e-01	1.174897554939529e-01
163532	1.138845729903576e-01	1.148153621496883e-01
164039	1.120827027685504e-01	1.122018454301964e-01
164100	1.094535011191139e-01	1.096478196143185e-01
164688	1.061600650232926e-01	1.071519305237607e-01
164689	9.958766274062214e-02	1.000000000000000e-01
164694	9.699628621438872e-02	9.772372209558107e-02
164775	9.444068926314342e-02	9.549925860214359e-02
165146	9.044261066998482e-02	9.120108393559097e-02
174020	8.828914537879773e-02	8.912509381337455e-02
174052	8.678625156893349e-02	8.709635899560805e-02
174120	8.494609759733707e-02	8.511380382023763e-02
183466	8.294814176843124e-02	8.317637711026708e-02
183638	8.116155371154543e-02	8.128305161640990e-02
184040	7.926881950601328e-02	7.943282347242814e-02
184084	7.756299354034379e-02	7.762471166286916e-02
184275	7.296778208319099e-02	7.413102413009177e-02
184276	6.683032593297944e-02	6.760829753919818e-02
184286	6.424452811236048e-02	6.456542290346556e-02
184291	5.763307323166023e-02	5.888436553555890e-02
184296	5.697249143667493e-02	5.754399373371569e-02
184478	5.518205401420440e-02	5.623413251903491e-02
184528	5.493131939101303e-02	5.495408738576246e-02
184802	5.309633736010755e-02	5.370317963702527e-02
184827	5.153480617549810e-02	5.248074602497726e-02
184854	4.899281137454059e-02	5.011872336272722e-02
184887	4.389928947857002e-02	4.466835921509630e-02
184909	4.215240393023145e-02	4.265795188015926e-02
184910	3.985693563449821e-02	4.073802778041128e-02
184972	3.974912762867433e-02	3.981071705534973e-02
185475	3.880728628253183e-02	3.890451449942807e-02
198787	3.686615724888920e-02	3.715352290971726e-02
198792	3.374235881871779e-02	3.388441561392026e-02
198793	3.309838404812804e-02	3.311311214825911e-02
199329	3.234163063281381e-02	3.235936569296283e-02
199396	3.142385747472820e-02	3.162277660168379e-02
200000	3.122473987103724e-02	3.162277660168379e-02
