%
% index = 705, name = bbob_f015_i02_d02__bbob_f020_i04_d02
% instance = 1, reference value = 8.480265670361780e-01
% function evaluation | indicator value | target hit
1	2.718721462271019e+04	2.754228703338169e+04
21	2.681996478729357e+04	2.691534803926914e+04
52	2.600210048015555e+04	2.630267991895381e+04
57	2.555748532372219e+04	2.570395782768865e+04
62	2.401702548022777e+04	2.454708915685028e+04
67	2.253100671405439e+04	2.290867652767775e+04
72	2.101424992410915e+04	2.137962089502232e+04
77	1.966891456995518e+04	1.995262314968879e+04
92	1.948334398777825e+04	1.949844599758046e+04
699	1.893759699538646e+04	1.905460717963248e+04
916	1.860955112562042e+04	1.862087136662866e+04
917	1.796118264545399e+04	1.819700858609983e+04
927	1.775552328036319e+04	1.778279410038923e+04
937	1.731869758274393e+04	1.737800828749376e+04
942	1.654571252844883e+04	1.659586907437560e+04
947	1.540155843716930e+04	1.548816618912483e+04
952	1.416411185405412e+04	1.445439770745928e+04
957	1.301689091754555e+04	1.318256738556407e+04
962	1.185477116313362e+04	1.202264434617413e+04
977	1.157241102581959e+04	1.174897554939530e+04
982	1.111221410619196e+04	1.122018454301963e+04
987	1.011213149370416e+04	1.023292992280754e+04
992	9.114833575752064e+03	9.120108393559096e+03
997	8.277309953210219e+03	8.317637711026709e+03
1002	8.099558502799269e+03	8.128305161640995e+03
1007	7.758135524032253e+03	7.762471166286919e+03
1012	7.517896930558410e+03	7.585775750291836e+03
1017	6.781446129062424e+03	6.918309709189362e+03
1022	5.994800608592998e+03	6.025595860743575e+03
1042	5.864743391556762e+03	5.888436553555890e+03
1047	5.543824019231037e+03	5.623413251903491e+03
1052	4.848743084338933e+03	4.897788193684461e+03
1057	4.192510599957638e+03	4.265795188015925e+03
1062	3.597413872659669e+03	3.630780547701014e+03
1067	3.510796626330465e+03	3.548133892335753e+03
1072	3.251204494374304e+03	3.311311214825911e+03
1077	3.085272779342713e+03	3.090295432513592e+03
1082	2.731696999955764e+03	2.754228703338166e+03
1087	2.672721100093443e+03	2.691534803926917e+03
1092	2.405080357665625e+03	2.454708915685031e+03
1102	2.376563266946882e+03	2.398832919019490e+03
1524	2.330894953575620e+03	2.344228815319923e+03
1577	2.230814602314636e+03	2.238721138568340e+03
1615	2.086935174007974e+03	2.089296130854039e+03
1635	1.999494205043598e+03	2.041737944669529e+03
1636	1.914175507357789e+03	1.949844599758045e+03
1637	1.749849625390227e+03	1.778279410038923e+03
2156	1.719415913666867e+03	1.737800828749376e+03
2166	1.681636522675335e+03	1.698243652461744e+03
2171	1.532059074754520e+03	1.548816618912481e+03
2176	1.261719572506774e+03	1.288249551693134e+03
2181	9.242394139878410e+02	9.332543007969915e+02
2186	6.564216851182249e+02	6.606934480075957e+02
2191	6.194202902654536e+02	6.309573444801930e+02
2196	5.218138758715420e+02	5.248074602497728e+02
2201	3.322370334915979e+02	3.388441561392024e+02
2206	1.720082200519671e+02	1.737800828749376e+02
2211	6.585811739398926e+01	6.606934480075961e+01
2216	5.369235067279551e+01	5.370317963702527e+01
2221	4.561944057496698e+01	4.570881896148749e+01
2226	2.376308514214993e+01	2.398832919019490e+01
2231	3.248772593006156e+00	3.311311214825911e+00
2236	3.069439746952497e+00	3.090295432513591e+00
2246	2.817120065298717e+00	2.818382931264454e+00
2251	2.593899920447882e+00	2.630267991895382e+00
2271	2.552114971250329e+00	2.570395782768863e+00
24251	9.979047969386778e-01	1.000000000000000e+00
36066	9.396906038896780e-01	9.549925860214360e-01
36076	8.522411816931779e-01	8.709635899560807e-01
36081	7.939171459749098e-01	7.943282347242815e-01
36091	7.712617331274036e-01	7.762471166286917e-01
36574	7.565264466818202e-01	7.585775750291838e-01
36610	7.215362256652308e-01	7.244359600749900e-01
36632	6.758682021228423e-01	6.760829753919817e-01
36657	6.184474363824213e-01	6.309573444801932e-01
36672	6.158166127232176e-01	6.165950018614822e-01
37004	5.952258855923391e-01	6.025595860743578e-01
37034	5.834762687439486e-01	5.888436553555889e-01
37070	5.674282759852898e-01	5.754399373371569e-01
37110	5.548073383449534e-01	5.623413251903491e-01
62133	5.275752355231226e-01	5.370317963702527e-01
62145	5.189080434903178e-01	5.248074602497725e-01
62293	5.107663706795477e-01	5.128613839913648e-01
62925	4.981837407118506e-01	5.011872336272722e-01
68101	4.894792999519195e-01	4.897788193684462e-01
68794	4.766680776555137e-01	4.786300923226383e-01
68799	4.403020687363162e-01	4.466835921509631e-01
80161	3.204040386002156e-01	3.235936569296283e-01
80162	3.111852386834524e-01	3.162277660168379e-01
80167	3.089850896280205e-01	3.090295432513591e-01
80187	2.999058213191660e-01	3.019951720402016e-01
80258	2.923223891862501e-01	2.951209226666385e-01
80264	2.860617409321122e-01	2.884031503126606e-01
80270	2.737452791228739e-01	2.754228703338166e-01
80289	2.500098060382333e-01	2.511886431509580e-01
80309	2.063220123097681e-01	2.089296130854039e-01
80331	1.354503818434801e-01	1.380384264602885e-01
80359	6.002905328047969e-02	6.025595860743578e-02
80392	4.552656442978009e-02	4.570881896148749e-02
80409	4.434578741160877e-02	4.466835921509630e-02
80460	4.359691763979734e-02	4.365158322401658e-02
80747	4.255388569785756e-02	4.265795188015926e-02
80765	4.125460442859696e-02	4.168693834703355e-02
80785	4.024936314737415e-02	4.073802778041128e-02
80807	3.775483087057174e-02	3.801893963205612e-02
80836	3.178452068239457e-02	3.235936569296283e-02
80901	3.161976996727001e-02	3.162277660168379e-02
80912	3.089567428008122e-02	3.090295432513590e-02
87870	2.528594791247474e-02	2.570395782768863e-02
87900	2.253572097837786e-02	2.290867652767773e-02
87929	2.092279090430105e-02	2.137962089502233e-02
87951	1.953892846940297e-02	1.995262314968880e-02
87974	1.930599482699613e-02	1.949844599758046e-02
87996	1.786197936017808e-02	1.819700858609984e-02
88029	1.679155202298910e-02	1.698243652461744e-02
88053	1.583100693431416e-02	1.584893192461113e-02
88075	1.524707427327421e-02	1.548816618912481e-02
88097	1.484204037263293e-02	1.513561248436208e-02
88116	1.444606943790716e-02	1.445439770745927e-02
88136	1.406548163560040e-02	1.412537544622754e-02
88156	1.369859175834565e-02	1.380384264602885e-02
88176	1.330335854884612e-02	1.348962882591653e-02
88201	1.295632874387265e-02	1.318256738556407e-02
88221	1.262627034839436e-02	1.288249551693134e-02
88241	1.231253756583373e-02	1.258925411794167e-02
88262	1.203142121997069e-02	1.230268770812382e-02
88282	1.175853453643438e-02	1.202264434617413e-02
88303	1.150193085759554e-02	1.174897554939530e-02
88323	1.127594293946288e-02	1.148153621496883e-02
88345	1.106582704836556e-02	1.122018454301964e-02
88365	1.085507592138901e-02	1.096478196143185e-02
88392	1.069088326953127e-02	1.071519305237606e-02
88454	1.038538178164716e-02	1.047128548050900e-02
88488	1.018633219848541e-02	1.023292992280754e-02
88528	9.984852565326330e-03	1.000000000000000e-02
88582	9.698873645132333e-03	9.772372209558112e-03
88618	9.514667399285304e-03	9.549925860214359e-03
88672	9.253956730110424e-03	9.332543007969915e-03
88707	9.090072319423825e-03	9.120108393559097e-03
88762	8.863452767026381e-03	8.912509381337459e-03
88822	8.649444276904172e-03	8.709635899560805e-03
88877	8.459510046892271e-03	8.511380382023767e-03
88933	8.290355948047834e-03	8.317637711026709e-03
89014	8.100771619754421e-03	8.128305161640995e-03
89132	7.935094728971581e-03	7.943282347242814e-03
89187	7.762409347254362e-03	7.762471166286920e-03
89247	7.571433834628549e-03	7.585775750291836e-03
89320	7.410979972233500e-03	7.413102413009177e-03
89386	7.242522674968499e-03	7.244359600749898e-03
89478	7.073201825657516e-03	7.079457843841380e-03
89599	6.910207093172360e-03	6.918309709189363e-03
89791	6.754367034828346e-03	6.760829753919818e-03
90011	6.604634041439628e-03	6.606934480075957e-03
90064	6.454536183828186e-03	6.456542290346556e-03
90130	6.304833635776164e-03	6.309573444801930e-03
90207	6.165251458421617e-03	6.165950018614822e-03
90488	6.024969074193920e-03	6.025595860743574e-03
90737	5.887879334698920e-03	5.888436553555890e-03
90977	5.753981136155106e-03	5.754399373371567e-03
91508	5.623304092316372e-03	5.623413251903491e-03
92034	5.495263080777080e-03	5.495408738576248e-03
94801	5.370314005478605e-03	5.370317963702527e-03
178018	4.702735343786069e-03	4.786300923226385e-03
178035	4.676332874183897e-03	4.677351412871981e-03
178056	2.027736003543779e-03	2.041737944669530e-03
178072	1.992981294685170e-03	1.995262314968879e-03
178128	1.823133903756768e-03	1.862087136662868e-03
178133	1.771070244232509e-03	1.778279410038923e-03
178138	1.720399729760902e-03	1.737800828749376e-03
178143	1.452589903671364e-03	1.479108388168207e-03
178144	1.401980758690691e-03	1.412537544622754e-03
178208	1.378438879310107e-03	1.380384264602885e-03
178313	1.327844928893707e-03	1.348962882591653e-03
178342	1.306857856926746e-03	1.318256738556408e-03
184685	1.287795186410534e-03	1.288249551693134e-03
189625	1.258862258962101e-03	1.258925411794167e-03
190095	8.908668590759117e-04	8.912509381337459e-04
190165	4.879992664245103e-04	4.897788193684461e-04
190199	4.312077393392455e-04	4.365158322401661e-04
190215	4.264175539751003e-04	4.265795188015926e-04
200000	4.237702089883166e-04	4.265795188015926e-04
%
% index = 706, name = bbob_f015_i03_d02__bbob_f020_i05_d02
% instance = 2, reference value = 9.947936751280850e-01
% function evaluation | indicator value | target hit
1	2.105578190154875e+01	2.137962089502232e+01
20	2.086791223237199e+01	2.089296130854040e+01
519	2.005200173633417e+01	2.041737944669530e+01
551	1.930028522765063e+01	1.949844599758045e+01
590	1.784712163321215e+01	1.819700858609983e+01
609	1.777620281059995e+01	1.778279410038923e+01
637	1.631690878237833e+01	1.659586907437561e+01
1461	1.514198720483206e+01	1.548816618912481e+01
1466	1.349794158543397e+01	1.380384264602885e+01
1471	1.202634082331668e+01	1.230268770812382e+01
1476	1.082040737968300e+01	1.096478196143185e+01
2034	1.068635742445960e+01	1.071519305237607e+01
2091	1.031178189988127e+01	1.047128548050900e+01
2131	1.005565531553340e+01	1.023292992280754e+01
2154	9.570980842709359e+00	9.772372209558107e+00
2172	9.539008995983542e+00	9.549925860214358e+00
2200	8.932087975657645e+00	9.120108393559097e+00
2219	8.894296893024279e+00	8.912509381337454e+00
2246	8.427198197863262e+00	8.511380382023766e+00
2267	8.315562143520960e+00	8.317637711026711e+00
3205	7.952967784918794e+00	8.128305161640993e+00
3210	6.814139014578378e+00	6.918309709189364e+00
3215	5.778326412731085e+00	5.888436553555890e+00
3220	4.749181855894085e+00	4.786300923226384e+00
3225	4.011477708573253e+00	4.073802778041127e+00
3231	3.924169306793585e+00	3.981071705534972e+00
3236	3.586517735705276e+00	3.630780547701014e+00
3241	3.383838304577085e+00	3.388441561392026e+00
3992	3.290375077483585e+00	3.311311214825911e+00
4015	3.227484051261912e+00	3.235936569296283e+00
4046	3.108362925721616e+00	3.162277660168380e+00
4085	2.915389738938189e+00	2.951209226666386e+00
4107	2.830850701575085e+00	2.884031503126606e+00
4530	2.755340362938085e+00	2.818382931264454e+00
4535	2.578851363375585e+00	2.630267991895382e+00
4540	2.002746134071585e+00	2.041737944669529e+00
4545	1.404876581580585e+00	1.412537544622754e+00
4550	1.100627282341585e+00	1.122018454301963e+00
4555	9.867009776799712e-01	1.000000000000000e+00
4560	9.505183772511728e-01	9.549925860214360e-01
4570	9.109172749594073e-01	9.120108393559098e-01
4575	8.318446947861590e-01	8.511380382023764e-01
4580	7.406301669748671e-01	7.413102413009175e-01
4590	7.153070243622859e-01	7.244359600749900e-01
4833	7.030179436472970e-01	7.079457843841379e-01
10974	6.411880819377294e-01	6.456542290346555e-01
10979	4.272545993548904e-01	4.365158322401660e-01
10984	3.725109596239231e-01	3.801893963205612e-01
10989	3.607880371393513e-01	3.630780547701014e-01
11113	3.526641115260788e-01	3.548133892335755e-01
11166	3.465242739223185e-01	3.467368504525316e-01
11500	3.367106135401976e-01	3.388441561392025e-01
11512	3.274188608489621e-01	3.311311214825911e-01
11529	3.094124180726077e-01	3.162277660168379e-01
11552	2.756192730983362e-01	2.818382931264454e-01
11584	2.165626704582448e-01	2.187761623949552e-01
11623	1.307886356336074e-01	1.318256738556407e-01
11642	1.275508705962807e-01	1.288249551693134e-01
11643	1.243623794945078e-01	1.258925411794167e-01
11644	1.181927645992807e-01	1.202264434617413e-01
11645	1.070892623621131e-01	1.071519305237607e-01
11650	4.797672965249022e-02	4.897788193684462e-02
11721	2.928023620693032e-02	2.951209226666385e-02
12121	2.358573433310429e-02	2.398832919019490e-02
12126	2.342655993815379e-02	2.344228815319923e-02
12221	2.252948776004526e-02	2.290867652767773e-02
12240	2.163268318152378e-02	2.187761623949553e-02
12262	1.979468995537548e-02	1.995262314968880e-02
12286	1.610448600121595e-02	1.621810097358930e-02
12317	9.205918330650764e-03	9.332543007969915e-03
12333	9.100456672929025e-03	9.120108393559097e-03
12387	6.278796939986231e-03	6.309573444801930e-03
12403	6.108866762693843e-03	6.165950018614822e-03
12404	5.947163552161294e-03	6.025595860743574e-03
12405	5.647619436427664e-03	5.754399373371567e-03
12406	5.138349220905947e-03	5.248074602497728e-03
12407	4.436445996374494e-03	4.466835921509630e-03
12408	3.982710184293525e-03	4.073802778041126e-03
12409	3.612869784342720e-03	3.630780547701014e-03
15143	3.130754922305301e-03	3.162277660168379e-03
15475	2.894076800764811e-03	2.951209226666387e-03
15493	2.875129424886880e-03	2.884031503126605e-03
15502	2.804283102849747e-03	2.818382931264455e-03
15513	2.720633322496835e-03	2.754228703338166e-03
15519	2.667600608665888e-03	2.691534803926917e-03
15529	2.622109956389562e-03	2.630267991895381e-03
17244	1.505098300090713e-03	1.513561248436209e-03
17258	1.467846999061773e-03	1.479108388168207e-03
17259	1.433244611463325e-03	1.445439770745928e-03
17260	1.371942539707738e-03	1.380384264602885e-03
17261	1.280639491815450e-03	1.288249551693134e-03
17262	1.220743057839258e-03	1.230268770812381e-03
17712	9.362716778289482e-04	9.549925860214359e-04
17739	9.194281573983165e-04	9.332543007969915e-04
23445	9.104707838698545e-04	9.120108393559096e-04
23457	8.897538600889376e-04	8.912509381337459e-04
23797	8.701257960165298e-04	8.709635899560805e-04
26774	8.246225818128172e-04	8.317637711026709e-04
27670	8.127489957218126e-04	8.128305161640995e-04
39829	6.914354220881602e-04	6.918309709189362e-04
39847	6.740461460619240e-04	6.760829753919819e-04
39848	6.572107216982204e-04	6.606934480075957e-04
39849	6.249804672626702e-04	6.309573444801930e-04
39850	5.692589820762706e-04	5.754399373371566e-04
39851	5.171849096253789e-04	5.248074602497728e-04
39856	5.072887200305853e-04	5.128613839913648e-04
39916	4.839000108931568e-04	4.897788193684461e-04
43546	4.756654295449136e-04	4.786300923226385e-04
44237	4.666053462152320e-04	4.677351412871981e-04
69996	2.477548576916844e-04	2.511886431509580e-04
70027	2.387603264056848e-04	2.398832919019490e-04
70064	1.556128300230775e-04	1.584893192461114e-04
70086	1.294843536155943e-04	1.318256738556407e-04
70115	9.954065641060161e-05	1.000000000000000e-04
70175	8.536673231229752e-05	8.709635899560814e-05
70205	7.790829803622223e-05	7.943282347242822e-05
70228	7.021778467974915e-05	7.079457843841373e-05
70250	6.767691833842182e-05	6.918309709189363e-05
70281	6.147805387912708e-05	6.165950018614822e-05
70300	5.530198524361651e-05	5.623413251903491e-05
70351	5.142842952321480e-05	5.248074602497723e-05
70380	4.756167741437611e-05	4.786300923226380e-05
70400	4.464801552661601e-05	4.466835921509635e-05
70451	4.242822849587213e-05	4.265795188015926e-05
70472	4.049454673948905e-05	4.073802778041130e-05
70493	3.868044939281390e-05	3.890451449942805e-05
70514	3.685484240467662e-05	3.715352290971728e-05
70534	3.520402868817385e-05	3.548133892335753e-05
70554	3.369443199541244e-05	3.388441561392028e-05
70574	3.208579889246721e-05	3.235936569296281e-05
70616	3.105603794029133e-05	3.162277660168380e-05
70645	3.081111325853314e-05	3.090295432513592e-05
70667	2.949472349478288e-05	2.951209226666384e-05
70687	2.847509278447458e-05	2.884031503126606e-05
70706	2.766951184185462e-05	2.818382931264455e-05
70727	2.694080737819515e-05	2.754228703338169e-05
70749	2.621832200511154e-05	2.630267991895381e-05
70793	2.553504656233052e-05	2.570395782768864e-05
70822	2.497924040933963e-05	2.511886431509582e-05
70844	2.450187259306347e-05	2.454708915685029e-05
70882	2.353797222398590e-05	2.398832919019490e-05
70901	2.306152558229080e-05	2.344228815319923e-05
70919	2.259571327356547e-05	2.290867652767775e-05
70938	2.213448286148001e-05	2.238721138568338e-05
70956	2.186294593564675e-05	2.187761623949552e-05
70996	2.098796721738960e-05	2.137962089502232e-05
71015	2.055066721429188e-05	2.089296130854041e-05
71033	2.014374958447807e-05	2.041737944669527e-05
71050	1.973395895860097e-05	1.995262314968879e-05
71068	1.932619145439407e-05	1.949844599758046e-05
71089	1.893742771874596e-05	1.905460717963248e-05
71106	1.856498750607560e-05	1.862087136662866e-05
71125	1.818985101531556e-05	1.819700858609983e-05
71186	1.772027112256769e-05	1.778279410038923e-05
71240	1.715762654674879e-05	1.737800828749376e-05
71257	1.688232905383558e-05	1.698243652461746e-05
71313	1.644022182656357e-05	1.659586907437560e-05
71349	1.606972950785046e-05	1.621810097358930e-05
71388	1.570891961588661e-05	1.584893192461114e-05
71425	1.538441659143519e-05	1.548816618912483e-05
71513	1.501993223729237e-05	1.513561248436207e-05
71545	1.478134234766948e-05	1.479108388168207e-05
71586	1.441918841715850e-05	1.445439770745928e-05
71627	1.406251207658471e-05	1.412537544622755e-05
71678	1.371122814475267e-05	1.380384264602884e-05
71707	1.348177960547314e-05	1.348962882591653e-05
200000	1.347937191209514e-05	1.348962882591653e-05
%
% index = 707, name = bbob_f015_i07_d02__bbob_f020_i08_d02
% instance = 3, reference value = 9.746554092792600e-01
% function evaluation | indicator value | target hit
1	3.783576912293296e-01	3.801893963205612e-01
171	3.693824426824498e-01	3.715352290971726e-01
194	3.630532695279425e-01	3.630780547701014e-01
13006	3.305493712164634e-01	3.311311214825911e-01
29183	3.200682709801934e-01	3.235936569296283e-01
29298	3.129622822715940e-01	3.162277660168379e-01
29356	3.086240123221676e-01	3.090295432513591e-01
30070	1.444597681188680e-01	1.445439770745928e-01
30091	1.401527189435104e-01	1.412537544622754e-01
30092	1.355537468124305e-01	1.380384264602885e-01
30097	1.282510343878566e-01	1.288249551693134e-01
30102	1.186627641371973e-01	1.202264434617413e-01
30107	1.109647197918805e-01	1.122018454301964e-01
30112	1.067219124633308e-01	1.071519305237607e-01
30527	1.045832742718816e-01	1.047128548050900e-01
30590	1.022867706234104e-01	1.023292992280754e-01
30615	9.982593791601879e-02	1.000000000000000e-01
30647	9.539053830527688e-02	9.549925860214359e-02
30687	9.001360359145172e-02	9.120108393559097e-02
30706	8.885565137048046e-02	8.912509381337455e-02
30708	8.536072112918347e-02	8.709635899560805e-02
30709	8.073866021248577e-02	8.128305161640990e-02
30714	7.693196917456036e-02	7.762471166286916e-02
30994	7.532936793469114e-02	7.585775750291836e-02
31014	7.401549951506659e-02	7.413102413009177e-02
31242	7.234734628442552e-02	7.244359600749903e-02
31625	7.039523278694115e-02	7.079457843841380e-02
31655	6.883420875405588e-02	6.918309709189366e-02
31687	6.593680160024629e-02	6.606934480075961e-02
31717	6.197236150289831e-02	6.309573444801933e-02
31740	6.107139229663139e-02	6.165950018614822e-02
31741	5.739274846631814e-02	5.754399373371569e-02
31953	5.252975884391897e-02	5.370317963702527e-02
31958	5.071570443828410e-02	5.128613839913648e-02
31963	4.963558189756501e-02	5.011872336272722e-02
32730	4.884277983375884e-02	4.897788193684462e-02
32816	4.714214922113757e-02	4.786300923226382e-02
32849	4.559841803670750e-02	4.570881896148749e-02
32883	4.308750859503518e-02	4.365158322401658e-02
32922	4.031043974943993e-02	4.073802778041128e-02
32943	3.965073755731086e-02	3.981071705534973e-02
32949	3.662318813797316e-02	3.715352290971726e-02
32954	3.191322453362411e-02	3.235936569296283e-02
33525	3.118115782298025e-02	3.162277660168379e-02
33531	3.089822431091926e-02	3.090295432513590e-02
33979	3.018276501041806e-02	3.019951720402016e-02
34048	2.919079600264507e-02	2.951209226666385e-02
34080	2.819476854899772e-02	2.884031503126606e-02
34113	2.651786223185670e-02	2.691534803926915e-02
34153	2.458596601488872e-02	2.511886431509579e-02
34169	2.452742345312398e-02	2.454708915685030e-02
34173	2.363929351973193e-02	2.398832919019490e-02
34174	2.273425042216404e-02	2.290867652767773e-02
34175	2.113982508741297e-02	2.137962089502233e-02
34283	2.076465759198065e-02	2.089296130854040e-02
34548	2.040078498910758e-02	2.041737944669529e-02
34994	1.988927359924964e-02	1.995262314968880e-02
35049	1.893994939098520e-02	1.905460717963247e-02
35081	1.788398200929386e-02	1.819700858609984e-02
35120	1.657592056841184e-02	1.659586907437561e-02
35142	1.602781489313243e-02	1.621810097358930e-02
35147	1.491664736301102e-02	1.513561248436208e-02
35383	1.445560707013183e-02	1.479108388168207e-02
35388	1.423152191330213e-02	1.445439770745927e-02
35393	1.385178446302238e-02	1.412537544622754e-02
35541	1.377083875307461e-02	1.380384264602885e-02
35890	1.328439072871679e-02	1.348962882591653e-02
35915	1.274453434713896e-02	1.288249551693134e-02
35948	1.210148778891618e-02	1.230268770812382e-02
35967	1.194962870586769e-02	1.202264434617413e-02
35969	1.154491351628151e-02	1.174897554939530e-02
35979	1.113895630398798e-02	1.122018454301964e-02
36267	1.094922209540672e-02	1.096478196143185e-02
37001	1.062481812135729e-02	1.071519305237606e-02
61974	1.045509266499434e-02	1.047128548050900e-02
61984	1.010187651682548e-02	1.023292992280754e-02
62182	9.980489272009230e-03	1.000000000000000e-02
190850	9.772371669223512e-03	9.772372209558112e-03
200000	9.771911839463243e-03	9.772372209558112e-03
%
% index = 708, name = bbob_f015_i09_d02__bbob_f020_i10_d02
% instance = 4, reference value = 9.918925508740170e-01
% function evaluation | indicator value | target hit
1	2.514593065271754e-01	2.570395782768864e-01
15	2.511690061892430e-01	2.511886431509580e-01
20	2.417302473950964e-01	2.454708915685030e-01
21	2.306583783901178e-01	2.344228815319922e-01
22	2.163556237991021e-01	2.187761623949552e-01
23	2.057467436327348e-01	2.089296130854039e-01
33	1.607317556647545e-01	1.621810097358930e-01
38	1.302693014914992e-01	1.318256738556407e-01
96	1.287746915369976e-01	1.288249551693134e-01
126	1.244425930101201e-01	1.258925411794167e-01
144	1.197560177446071e-01	1.202264434617413e-01
150	1.103305071181114e-01	1.122018454301964e-01
172	9.250971391413731e-02	9.332543007969910e-02
203	7.187402133629461e-02	7.244359600749903e-02
248	6.733826975015222e-02	6.760829753919818e-02
265	6.553737151714623e-02	6.606934480075961e-02
266	6.435166262471825e-02	6.456542290346556e-02
289	5.814311480428258e-02	5.888436553555890e-02
332	5.660119459791380e-02	5.754399373371569e-02
975	5.619661403741305e-02	5.623413251903491e-02
3674	4.937687709180516e-02	5.011872336272722e-02
3713	2.581141996201008e-02	2.630267991895381e-02
3730	2.569910739488346e-02	2.570395782768863e-02
3759	2.417699780438554e-02	2.454708915685030e-02
3776	2.397821821166635e-02	2.398832919019490e-02
74562	1.774180630945055e-02	1.778279410038923e-02
74846	1.683331286198797e-02	1.698243652461744e-02
74852	1.657378207951421e-02	1.659586907437561e-02
74878	1.397981895020239e-02	1.412537544622754e-02
74894	1.373182586889143e-02	1.380384264602885e-02
74896	1.319036724387768e-02	1.348962882591653e-02
74897	1.292836754160187e-02	1.318256738556407e-02
74898	1.284478518040366e-02	1.288249551693134e-02
79461	1.155651843132965e-02	1.174897554939530e-02
79471	1.106512745104948e-02	1.122018454301964e-02
79571	1.091500034729043e-02	1.096478196143185e-02
79613	1.056893785315804e-02	1.071519305237606e-02
79642	1.028648213115768e-02	1.047128548050900e-02
79677	1.019880007971208e-02	1.023292992280754e-02
92443	9.998875329983226e-03	1.000000000000000e-02
139765	9.370925160924970e-03	9.549925860214359e-03
139770	9.285008077782209e-03	9.332543007969915e-03
140894	7.920778681887786e-03	7.943282347242814e-03
140899	4.311806910079707e-03	4.365158322401661e-03
140904	4.230023976964259e-03	4.265795188015926e-03
141168	4.137726758513871e-03	4.168693834703355e-03
141169	3.979522100626909e-03	3.981071705534973e-03
141220	3.709806467752763e-03	3.715352290971724e-03
141221	3.035733764767179e-03	3.090295432513592e-03
141227	3.016780372411820e-03	3.019951720402016e-03
141259	2.572290847156711e-03	2.630267991895381e-03
141269	2.569764850441802e-03	2.570395782768865e-03
141274	2.500976972414581e-03	2.511886431509579e-03
141275	2.449268662982118e-03	2.454708915685031e-03
141308	1.825365601141882e-03	1.862087136662868e-03
141321	1.817262160733080e-03	1.819700858609983e-03
141370	1.777996359668355e-03	1.778279410038923e-03
200000	1.775612819058248e-03	1.778279410038923e-03
%
% index = 709, name = bbob_f015_i11_d02__bbob_f020_i12_d02
% instance = 5, reference value = 9.886546509330560e-01
% function evaluation | indicator value | target hit
1	8.505278803912555e+00	8.511380382023766e+00
21	8.287652938457056e+00	8.317637711026711e+00
22	8.073031006045555e+00	8.128305161640993e+00
23	7.652687750390556e+00	7.762471166286917e+00
28	7.167192992665556e+00	7.244359600749901e+00
33	6.826115847114556e+00	6.918309709189364e+00
38	6.385392526449056e+00	6.456542290346556e+00
43	5.643419776080556e+00	5.754399373371569e+00
48	5.422282522216056e+00	5.495408738576246e+00
53	5.201170185742556e+00	5.248074602497725e+00
58	4.989045253019056e+00	5.011872336272722e+00
68	4.718527219651056e+00	4.786300923226384e+00
73	4.122494696509056e+00	4.168693834703354e+00
1210	3.948407636690056e+00	3.981071705534972e+00
1239	3.543376731652056e+00	3.548133892335755e+00
1279	3.105954790053056e+00	3.162277660168380e+00
1846	2.999891920778056e+00	3.019951720402016e+00
1858	2.470417838621556e+00	2.511886431509580e+00
1863	2.114762475626056e+00	2.137962089502232e+00
1868	1.858852034016056e+00	1.862087136662868e+00
1873	1.697958549277556e+00	1.698243652461744e+00
1878	1.647756051641056e+00	1.659586907437561e+00
1883	1.616913672339056e+00	1.621810097358930e+00
1893	1.574569150627056e+00	1.584893192461114e+00
2548	1.535012333510056e+00	1.548816618912481e+00
2569	1.502008177597556e+00	1.513561248436208e+00
2591	1.437342100517556e+00	1.445439770745927e+00
2614	1.312836504762556e+00	1.318256738556407e+00
2645	1.079398296839056e+00	1.096478196143185e+00
2662	1.071216078533056e+00	1.071519305237606e+00
2664	1.046864821773056e+00	1.047128548050900e+00
2665	1.014850898222556e+00	1.023292992280754e+00
2675	9.878744262898896e-01	1.000000000000000e+00
2680	9.687829085289028e-01	9.772372209558107e-01
2685	9.401091024018882e-01	9.549925860214360e-01
2690	9.061844703763140e-01	9.120108393559098e-01
2755	8.815297770848484e-01	8.912509381337456e-01
2765	8.228907208986210e-01	8.317637711026710e-01
2977	8.120839152888522e-01	8.128305161640993e-01
3241	7.707806253257216e-01	7.762471166286917e-01
3247	6.592597720850102e-01	6.606934480075960e-01
3252	5.851558886739502e-01	5.888436553555889e-01
3253	5.694733902584528e-01	5.754399373371569e-01
3258	5.373695185078884e-01	5.495408738576245e-01
3263	4.756273445161401e-01	4.786300923226383e-01
3268	4.522086640224978e-01	4.570881896148750e-01
3273	4.086213653657443e-01	4.168693834703354e-01
3274	3.999817127422445e-01	4.073802778041127e-01
3279	3.960472925219638e-01	3.981071705534972e-01
3284	3.772086803888779e-01	3.801893963205612e-01
3289	3.673223976751511e-01	3.715352290971726e-01
3291	3.612687677551937e-01	3.630780547701014e-01
3311	3.547585034615209e-01	3.548133892335755e-01
3322	3.461916525905471e-01	3.467368504525316e-01
3541	3.356838764515725e-01	3.388441561392025e-01
3588	3.295420324066426e-01	3.311311214825911e-01
4042	3.231073082019403e-01	3.235936569296283e-01
4451	3.128312038987040e-01	3.162277660168379e-01
4461	3.079860328182767e-01	3.090295432513591e-01
4821	3.015318494640444e-01	3.019951720402016e-01
8661	2.243527079299574e-01	2.290867652767773e-01
8675	2.235672120670685e-01	2.238721138568339e-01
8678	2.183382637475785e-01	2.187761623949552e-01
8679	2.129193322105303e-01	2.137962089502232e-01
8680	2.037235349125540e-01	2.041737944669530e-01
8681	1.908086725075484e-01	1.949844599758045e-01
8682	1.789515847127841e-01	1.819700858609984e-01
8683	1.726725087268043e-01	1.737800828749375e-01
8779	1.663131436463586e-01	1.698243652461744e-01
8797	1.578653994285052e-01	1.584893192461113e-01
8819	1.498541805217615e-01	1.513561248436208e-01
23466	1.467217206926672e-01	1.479108388168208e-01
23489	1.425090856803207e-01	1.445439770745928e-01
23514	1.353113529482739e-01	1.380384264602885e-01
23540	1.242125016793661e-01	1.258925411794167e-01
23578	1.065972151737097e-01	1.071519305237607e-01
23622	8.832022884535384e-02	8.912509381337455e-02
24104	8.097335876916123e-02	8.128305161640990e-02
26951	7.579568354970523e-02	7.585775750291836e-02
27118	7.301016371577018e-02	7.413102413009177e-02
27141	7.020262871056371e-02	7.079457843841380e-02
27169	6.522580761270802e-02	6.606934480075961e-02
27198	5.752517444695326e-02	5.754399373371569e-02
27232	5.095159910888958e-02	5.128613839913648e-02
29887	3.685744349338893e-02	3.715352290971726e-02
30139	2.777186601634118e-02	2.818382931264454e-02
30177	1.422057658825338e-02	1.445439770745927e-02
30192	1.410402485624396e-02	1.412537544622754e-02
30898	1.380292599208721e-02	1.380384264602885e-02
42699	1.273685991716333e-02	1.288249551693134e-02
42894	1.202059509476416e-02	1.202264434617413e-02
42920	1.066844496389430e-02	1.071519305237606e-02
42957	9.405713751970302e-03	9.549925860214359e-03
42994	7.809817722132739e-03	7.943282347242814e-03
43030	4.778866381271452e-03	4.786300923226385e-03
43067	2.679204910235766e-03	2.691534803926917e-03
43080	2.588936953082821e-03	2.630267991895381e-03
43081	2.502044862577768e-03	2.511886431509579e-03
43082	2.338306873103879e-03	2.344228815319923e-03
43083	2.050442067938696e-03	2.089296130854039e-03
43084	1.628519346695612e-03	1.659586907437561e-03
43085	1.362230573882517e-03	1.380384264602885e-03
43115	1.196999460019499e-03	1.202264434617413e-03
43129	1.173818822621353e-03	1.174897554939529e-03
43458	1.146426341749662e-03	1.148153621496883e-03
200000	1.122052576150390e-03	1.148153621496883e-03
%
% index = 710, name = bbob_f015_i13_d02__bbob_f020_i14_d02
% instance = 6, reference value = 3.891612821246190e-01
% function evaluation | indicator value | target hit
1	8.037559930512434e+03	8.128305161640995e+03
19	7.937259986357374e+03	7.943282347242814e+03
21	7.640439343260311e+03	7.762471166286919e+03
22	7.254115213465532e+03	7.413102413009177e+03
23	6.513195295043325e+03	6.606934480075957e+03
33	6.111746412919383e+03	6.165950018614823e+03
38	4.870925923469415e+03	4.897788193684461e+03
43	4.716070139318986e+03	4.786300923226385e+03
53	4.654323840829910e+03	4.677351412871981e+03
801	4.554353019400458e+03	4.570881896148751e+03
874	4.417916849477321e+03	4.466835921509631e+03
926	4.340340003925505e+03	4.365158322401661e+03
946	4.237586640839551e+03	4.265795188015925e+03
947	4.102186425139637e+03	4.168693834703355e+03
948	3.839895551923214e+03	3.890451449942805e+03
949	3.350026555127343e+03	3.388441561392024e+03
2383	3.272637677469417e+03	3.311311214825911e+03
2493	3.086462523659995e+03	3.090295432513592e+03
5039	2.810056610326767e+03	2.818382931264455e+03
5044	2.153828744782927e+03	2.187761623949552e+03
5049	2.044322808294905e+03	2.089296130854039e+03
5059	2.031458316138420e+03	2.041737944669529e+03
5094	1.978662927876710e+03	1.995262314968879e+03
5099	1.720822095994240e+03	1.737800828749376e+03
6015	1.692942206643499e+03	1.698243652461744e+03
6085	1.627605827547181e+03	1.659586907437561e+03
6104	1.621162909714297e+03	1.621810097358930e+03
6135	1.547749217645872e+03	1.548816618912481e+03
6156	1.503360397943698e+03	1.513561248436209e+03
6157	1.462739238942527e+03	1.479108388168207e+03
6162	1.208690135161109e+03	1.230268770812381e+03
6167	7.704155723883459e+02	7.762471166286920e+02
7100	7.074657900145965e+02	7.079457843841381e+02
7105	4.394230200935046e+02	4.466835921509630e+02
7110	4.141099263207223e+02	4.168693834703355e+02
7115	3.003055823419050e+02	3.019951720402016e+02
7120	1.984033792673913e+02	1.995262314968879e+02
7778	1.949208185343302e+02	1.949844599758046e+02
7822	1.870292144393505e+02	1.905460717963246e+02
7847	1.771890840792407e+02	1.778279410038923e+02
7878	1.597824559597802e+02	1.621810097358930e+02
7910	1.331529410927972e+02	1.348962882591653e+02
7951	1.137314159145840e+02	1.148153621496883e+02
7967	1.120061135928903e+02	1.122018454301963e+02
7969	1.070975489946200e+02	1.071519305237606e+02
7970	1.011759118011024e+02	1.023292992280754e+02
7971	9.146271861010548e+01	9.332543007969910e+01
7972	8.048330303946194e+01	8.128305161640991e+01
12196	6.324873256785973e+01	6.456542290346556e+01
12201	3.068250083486035e+01	3.090295432513591e+01
12206	1.173545783510533e+01	1.174897554939530e+01
12211	4.001799615683910e+00	4.073802778041127e+00
12216	2.779419795421213e+00	2.818382931264454e+00
12221	2.171847831321119e+00	2.187761623949553e+00
12226	2.047234685409119e+00	2.089296130854040e+00
12231	2.041666571575619e+00	2.041737944669529e+00
12969	1.956620056286119e+00	1.995262314968880e+00
12988	1.870817994419119e+00	1.905460717963247e+00
13010	1.701119791289119e+00	1.737800828749375e+00
13034	1.527863994440160e+00	1.548816618912481e+00
13051	1.508951689134490e+00	1.513561248436208e+00
17418	1.016344148647041e+00	1.023292992280754e+00
17433	8.937513760536190e-01	9.120108393559098e-01
17438	8.787067660231190e-01	8.912509381337456e-01
17870	8.705437203561189e-01	8.709635899560807e-01
17888	8.437305072416189e-01	8.511380382023764e-01
17900	8.086854729131189e-01	8.128305161640993e-01
17919	7.410421194226190e-01	7.413102413009175e-01
17940	6.157258957671189e-01	6.165950018614822e-01
17963	4.133412684759399e-01	4.168693834703354e-01
86475	3.743458347562490e-01	3.801893963205612e-01
86480	3.273723893034424e-01	3.311311214825911e-01
86485	2.865492721053279e-01	2.884031503126606e-01
86556	2.806125457963114e-01	2.818382931264454e-01
86586	2.680925289385760e-01	2.691534803926916e-01
86608	2.535478617190655e-01	2.570395782768864e-01
86633	2.342933776156118e-01	2.344228815319922e-01
86986	2.256709104923300e-01	2.290867652767773e-01
87011	2.230412700509725e-01	2.238721138568339e-01
177848	3.453832981508220e-02	3.467368504525317e-02
177858	3.334278823889097e-02	3.388441561392026e-02
177945	3.310402818255598e-02	3.311311214825911e-02
178038	3.190123046326193e-02	3.235936569296283e-02
178067	3.071726315413403e-02	3.090295432513590e-02
178450	2.686422130044497e-02	2.691534803926915e-02
178480	1.585726593185521e-02	1.621810097358930e-02
178501	1.526178463234373e-02	1.548816618912481e-02
178515	1.502180377268625e-02	1.513561248436208e-02
178517	1.439869168026697e-02	1.445439770745927e-02
178518	1.379715404002557e-02	1.380384264602885e-02
178519	1.340067008498658e-02	1.348962882591653e-02
178570	1.258386010485169e-02	1.258925411794167e-02
178592	1.215536995099953e-02	1.230268770812382e-02
178657	1.201826290641761e-02	1.202264434617413e-02
200000	1.201648389872428e-02	1.202264434617413e-02
%
% index = 711, name = bbob_f015_i15_d02__bbob_f020_i16_d02
% instance = 7, reference value = 9.865786744132470e-01
% function evaluation | indicator value | target hit
1	4.854665072720857e-01	4.897788193684462e-01
21	4.740524690879809e-01	4.786300923226383e-01
22	4.640930068386931e-01	4.677351412871982e-01
37	4.308406760729246e-01	4.365158322401660e-01
42	3.942263905775275e-01	3.981071705534972e-01
52	3.862811043180415e-01	3.890451449942806e-01
57	3.610467072282879e-01	3.630780547701014e-01
3605	3.356740461664039e-01	3.388441561392025e-01
3606	2.885374581201857e-01	2.951209226666385e-01
3607	2.190022994596775e-01	2.238721138568339e-01
3612	1.861248614393888e-01	1.862087136662867e-01
3969	1.656416124129630e-01	1.659586907437560e-01
4093	1.600045045159842e-01	1.621810097358930e-01
9596	1.546077653293744e-01	1.548816618912481e-01
9601	1.436337015136682e-01	1.445439770745928e-01
9606	1.291012290436049e-01	1.318256738556407e-01
9611	1.223504557209006e-01	1.230268770812381e-01
10288	1.199402837687493e-01	1.202264434617413e-01
12176	1.174756074994410e-01	1.174897554939529e-01
12682	1.146333263394882e-01	1.148153621496883e-01
12759	1.101030813970079e-01	1.122018454301964e-01
12783	1.093356033076602e-01	1.096478196143185e-01
26243	1.071335464521952e-01	1.071519305237607e-01
26253	9.851012634050504e-02	1.000000000000000e-01
26258	7.984781869078661e-02	8.128305161640990e-02
26264	6.462085398470219e-02	6.606934480075961e-02
26269	6.000676466976929e-02	6.025595860743578e-02
26274	4.804467791450096e-02	4.897788193684462e-02
26353	4.784105749729628e-02	4.786300923226382e-02
26418	4.389560540589321e-02	4.466835921509630e-02
26448	4.058393306754049e-02	4.073802778041128e-02
26523	3.979917614722073e-02	3.981071705534973e-02
26856	3.833297593373364e-02	3.890451449942807e-02
26879	3.721641168243683e-02	3.801893963205612e-02
26903	3.559282800554142e-02	3.630780547701014e-02
26935	3.379473189945315e-02	3.388441561392026e-02
26961	3.310775114374942e-02	3.311311214825911e-02
27006	3.234662536131394e-02	3.235936569296283e-02
27111	3.161067161023834e-02	3.162277660168379e-02
27165	3.085719446011159e-02	3.090295432513590e-02
27323	3.013923876172553e-02	3.019951720402016e-02
27362	2.935311668508178e-02	2.951209226666385e-02
31620	2.832201372164433e-02	2.884031503126606e-02
31658	2.754474049460864e-02	2.818382931264454e-02
31671	2.754079866327053e-02	2.754228703338166e-02
36028	2.680786716662953e-02	2.691534803926915e-02
37053	2.603930336100557e-02	2.630267991895381e-02
37076	2.557699170710181e-02	2.570395782768863e-02
37137	2.509048364558397e-02	2.511886431509579e-02
37231	2.443497984065579e-02	2.454708915685030e-02
46279	2.398542480084187e-02	2.398832919019490e-02
46443	2.301224844351413e-02	2.344228815319923e-02
46467	2.035039156069895e-02	2.041737944669529e-02
46504	1.388893259945490e-02	1.412537544622754e-02
46521	1.376810468498801e-02	1.380384264602885e-02
46528	1.343360336247690e-02	1.348962882591653e-02
46533	1.289381634842157e-02	1.318256738556407e-02
46538	1.235180760367682e-02	1.258925411794167e-02
46539	1.215004607431291e-02	1.230268770812382e-02
46540	1.173921207052175e-02	1.174897554939530e-02
47182	1.139524442883677e-02	1.148153621496883e-02
47188	1.114392700179290e-02	1.122018454301964e-02
47319	1.092559912830482e-02	1.096478196143185e-02
47745	1.062064340994384e-02	1.071519305237606e-02
47894	1.046883953238820e-02	1.047128548050900e-02
48196	1.005409706554539e-02	1.023292992280754e-02
48218	9.504687178250260e-03	9.549925860214359e-03
48249	8.518921224575204e-03	8.709635899560805e-03
48265	8.509546107892785e-03	8.511380382023767e-03
48284	7.910905505438715e-03	7.943282347242814e-03
48307	7.750695741108427e-03	7.762471166286920e-03
48344	7.567240355016769e-03	7.585775750291836e-03
85181	7.338434297511465e-03	7.413102413009177e-03
117501	5.946641001343456e-03	6.025595860743574e-03
117539	2.376555290905968e-03	2.398832919019490e-03
117553	2.337934106814266e-03	2.344228815319923e-03
117555	2.231081596431039e-03	2.238721138568340e-03
117556	2.109712498734373e-03	2.137962089502233e-03
117557	1.939710353166757e-03	1.949844599758046e-03
117558	1.892195666375551e-03	1.905460717963246e-03
117564	1.849604150601536e-03	1.862087136662868e-03
117589	1.733877814993123e-03	1.737800828749376e-03
117741	1.662728200939600e-03	1.698243652461744e-03
117772	1.595382727665906e-03	1.621810097358930e-03
117808	1.552278514723837e-03	1.584893192461114e-03
117823	1.548152499876942e-03	1.548816618912481e-03
136382	1.437930508405794e-03	1.445439770745928e-03
136415	1.391314446081426e-03	1.412537544622754e-03
136454	1.289586057340864e-03	1.318256738556408e-03
136455	1.259078116139900e-03	1.288249551693134e-03
136456	1.254037111319661e-03	1.258925411794167e-03
136729	1.223244502074672e-03	1.230268770812381e-03
143687	1.201861150355810e-03	1.202264434617413e-03
195523	6.222078937057063e-04	6.309573444801930e-04
195536	6.152645007667656e-04	6.165950018614823e-04
195538	5.951162587366499e-04	6.025595860743575e-04
195539	5.701943741891480e-04	5.754399373371566e-04
195540	5.287341647483013e-04	5.370317963702527e-04
195541	4.681326493983784e-04	4.786300923226385e-04
195546	4.490050827047343e-04	4.570881896148752e-04
195551	4.253966112166552e-04	4.265795188015926e-04
195561	3.969287843250680e-04	3.981071705534974e-04
195597	3.286128565342938e-04	3.311311214825911e-04
195612	3.196664680021888e-04	3.235936569296281e-04
195613	3.120147775472759e-04	3.162277660168379e-04
195614	3.025050874183588e-04	3.090295432513592e-04
195615	2.900882405310057e-04	2.951209226666387e-04
195651	2.821288999926841e-04	2.884031503126605e-04
195663	2.817939418918725e-04	2.818382931264455e-04
195668	2.723240888549139e-04	2.754228703338166e-04
195669	2.674253105759972e-04	2.691534803926917e-04
200000	2.653439449605832e-04	2.691534803926917e-04
%
% index = 712, name = bbob_f015_i17_d02__bbob_f020_i18_d02
% instance = 8, reference value = 9.547727910834229e-01
% function evaluation | indicator value | target hit
1	9.478899289138337e-01	9.549925860214360e-01
23	9.071776182150620e-01	9.120108393559098e-01
28	8.747628123307920e-01	8.912509381337456e-01
38	8.673147776759157e-01	8.709635899560807e-01
84	8.505683676338092e-01	8.511380382023764e-01
94	8.275238060143781e-01	8.317637711026710e-01
104	8.106467935317062e-01	8.128305161640993e-01
139	7.786562948032034e-01	7.943282347242815e-01
144	7.486032419912602e-01	7.585775750291838e-01
159	7.382774614598031e-01	7.413102413009175e-01
538	7.243884733833887e-01	7.244359600749900e-01
1424	6.801902871576440e-01	6.918309709189365e-01
1430	6.753643197869147e-01	6.760829753919817e-01
2271	6.606387710354252e-01	6.606934480075960e-01
2403	6.449149301589676e-01	6.456542290346555e-01
3058	6.207480896564189e-01	6.309573444801932e-01
3069	6.161816967902922e-01	6.165950018614822e-01
3400	5.996506087018216e-01	6.025595860743578e-01
4371	5.725549876472480e-01	5.754399373371569e-01
5482	5.622810045732057e-01	5.623413251903491e-01
7028	4.213023022142464e-01	4.265795188015927e-01
7048	4.150002718548051e-01	4.168693834703354e-01
7242	4.056413164966347e-01	4.073802778041127e-01
7332	3.884912232549184e-01	3.890451449942806e-01
7384	3.778278035246970e-01	3.801893963205612e-01
8132	3.655429953758649e-01	3.715352290971726e-01
8143	3.523106817951108e-01	3.548133892335755e-01
8148	3.329330383750057e-01	3.388441561392025e-01
8153	3.143488441924440e-01	3.162277660168379e-01
8158	2.972681976255798e-01	3.019951720402016e-01
8164	2.937093491251814e-01	2.951209226666385e-01
8169	2.866046328443066e-01	2.884031503126606e-01
8179	2.777934120305930e-01	2.818382931264454e-01
8184	2.696350168043129e-01	2.754228703338166e-01
8343	2.691501938220097e-01	2.691534803926916e-01
8884	2.628386710814136e-01	2.630267991895382e-01
9073	2.513526005184560e-01	2.570395782768864e-01
9315	2.470632330370346e-01	2.511886431509580e-01
9320	2.322773539146739e-01	2.344228815319922e-01
9325	2.191799798549802e-01	2.238721138568339e-01
9330	2.178891171224819e-01	2.187761623949552e-01
9551	2.136925245145482e-01	2.137962089502232e-01
10120	2.048295382162206e-01	2.089296130854039e-01
10151	1.978311291252027e-01	1.995262314968880e-01
10178	1.939854681119381e-01	1.949844599758045e-01
10980	1.888330121572217e-01	1.905460717963247e-01
11047	1.849461000446972e-01	1.862087136662867e-01
11339	1.717803598707801e-01	1.737800828749375e-01
11344	1.614031851178979e-01	1.621810097358930e-01
11349	1.574943659627267e-01	1.584893192461113e-01
11354	1.506681098106664e-01	1.513561248436208e-01
12128	1.469871777554272e-01	1.479108388168208e-01
12947	1.420741451410057e-01	1.445439770745928e-01
12952	1.273999721339607e-01	1.288249551693134e-01
12957	1.161763039898938e-01	1.174897554939529e-01
12962	1.129982178496658e-01	1.148153621496883e-01
12967	1.087356068027759e-01	1.096478196143185e-01
12972	1.059566871384644e-01	1.071519305237607e-01
13144	1.046458227482049e-01	1.047128548050900e-01
13527	1.016413169360890e-01	1.023292992280754e-01
13557	9.928910402257052e-02	1.000000000000000e-01
13589	9.543355872235915e-02	9.549925860214359e-02
13636	9.135445338164661e-02	9.332543007969910e-02
13654	9.119085585162490e-02	9.120108393559097e-02
13658	8.813167815426648e-02	8.912509381337455e-02
13663	8.456177756304495e-02	8.511380382023763e-02
14496	7.918784296236603e-02	7.943282347242814e-02
14501	7.394767205512109e-02	7.413102413009177e-02
14511	7.161188071837798e-02	7.244359600749903e-02
14892	7.073045571067516e-02	7.079457843841380e-02
14955	6.909626502763877e-02	6.918309709189366e-02
14985	6.737766323952510e-02	6.760829753919818e-02
15017	6.445731604676030e-02	6.456542290346556e-02
15056	6.145830156225784e-02	6.165950018614822e-02
15102	5.928476601717791e-02	6.025595860743578e-02
15123	5.883886927197302e-02	5.888436553555890e-02
15129	5.729606698345968e-02	5.754399373371569e-02
15784	5.338248034206394e-02	5.370317963702527e-02
15789	5.069370774174720e-02	5.128613839913648e-02
15794	5.005210844335339e-02	5.011872336272722e-02
15804	4.842121118720666e-02	4.897788193684462e-02
16412	4.761754126288575e-02	4.786300923226382e-02
16467	4.653862130512221e-02	4.677351412871981e-02
16526	4.527995869455370e-02	4.570881896148749e-02
16531	4.408423070618306e-02	4.466835921509630e-02
19022	4.346846343129673e-02	4.365158322401658e-02
26013	4.198922773974334e-02	4.265795188015926e-02
67659	4.133649671536477e-02	4.168693834703355e-02
67726	4.051327640351821e-02	4.073802778041128e-02
81483	3.978840393768535e-02	3.981071705534973e-02
83904	3.879663078757256e-02	3.890451449942807e-02
85066	3.690682644536103e-02	3.715352290971726e-02
85435	3.018308492343702e-02	3.019951720402016e-02
85450	2.939144448923425e-02	2.951209226666385e-02
85705	2.877411683227937e-02	2.884031503126606e-02
85724	2.786985251579055e-02	2.818382931264454e-02
85725	2.736771437249408e-02	2.754228703338166e-02
86768	2.357936156455709e-02	2.398832919019490e-02
86773	1.880489718030054e-02	1.905460717963247e-02
86778	1.712718560063953e-02	1.737800828749375e-02
86788	1.680726917109487e-02	1.698243652461744e-02
86969	1.642747807956435e-02	1.659586907437561e-02
87513	1.619625129048774e-02	1.621810097358930e-02
87595	1.566884258351198e-02	1.584893192461113e-02
87770	1.519744698374903e-02	1.548816618912481e-02
88561	1.235736080002614e-02	1.258925411794167e-02
88566	1.207722944818423e-02	1.230268770812382e-02
88572	1.201572367161718e-02	1.202264434617413e-02
88740	1.171504701186366e-02	1.174897554939530e-02
89078	1.148066401109438e-02	1.148153621496883e-02
91859	1.116651341604158e-02	1.122018454301964e-02
91860	1.089361930421562e-02	1.096478196143185e-02
93069	1.069183761390990e-02	1.071519305237606e-02
93110	1.019932856858596e-02	1.023292992280754e-02
172855	9.991410959566793e-03	1.000000000000000e-02
173590	9.768940406749249e-03	9.772372209558112e-03
183845	8.638018195466945e-03	8.709635899560805e-03
183999	8.490181028740551e-03	8.511380382023767e-03
184052	8.188681821637123e-03	8.317637711026709e-03
184109	8.111802904998466e-03	8.128305161640995e-03
185197	6.359151996382595e-03	6.456542290346556e-03
185202	6.273864842743837e-03	6.309573444801930e-03
185357	6.141493487497818e-03	6.165950018614822e-03
185410	5.965320212012459e-03	6.025595860743574e-03
185458	5.885482939423592e-03	5.888436553555890e-03
185825	5.749850874595119e-03	5.754399373371567e-03
186868	4.290110893335086e-03	4.365158322401661e-03
186873	3.999149329267371e-03	4.073802778041126e-03
186883	3.917081735390848e-03	3.981071705534973e-03
187026	3.858862965584464e-03	3.890451449942805e-03
187079	3.785885116792898e-03	3.801893963205613e-03
187116	3.425234257049548e-03	3.467368504525317e-03
187135	3.384313074995093e-03	3.388441561392024e-03
188306	3.011041293206285e-03	3.019951720402016e-03
188311	2.177924502922424e-03	2.187761623949552e-03
188316	2.136096875503757e-03	2.137962089502233e-03
188326	2.070408634973320e-03	2.089296130854039e-03
188522	2.037739546310924e-03	2.041737944669530e-03
190202	1.946930767278476e-03	1.949844599758046e-03
190283	1.899601585205413e-03	1.905460717963246e-03
190422	1.855215626276441e-03	1.862087136662868e-03
190589	1.816891925245923e-03	1.819700858609983e-03
190887	1.776825574574481e-03	1.778279410038923e-03
191567	1.737119786955121e-03	1.737800828749376e-03
200000	1.730865964610251e-03	1.737800828749376e-03
%
% index = 713, name = bbob_f015_i19_d02__bbob_f020_i21_d02
% instance = 9, reference value = 9.573821492503950e-01
% function evaluation | indicator value | target hit
1	3.610428018878260e-01	3.630780547701014e-01
20	3.528064457700598e-01	3.548133892335755e-01
21	3.447782881595673e-01	3.467368504525316e-01
22	3.300637703942000e-01	3.311311214825911e-01
23	3.104265712380335e-01	3.162277660168379e-01
38	3.089891694301796e-01	3.090295432513591e-01
25960	2.936166894570613e-01	2.951209226666385e-01
58479	2.882752006950812e-01	2.884031503126606e-01
79495	2.209340964608983e-01	2.238721138568339e-01
79515	2.171623526978785e-01	2.187761623949552e-01
79517	2.122465835856023e-01	2.137962089502232e-01
79522	2.021314725685182e-01	2.041737944669530e-01
79527	1.896370863337824e-01	1.905460717963247e-01
79553	1.860606125961655e-01	1.862087136662867e-01
79559	1.569960786311129e-01	1.584893192461113e-01
79564	1.420803476333566e-01	1.445439770745928e-01
79574	1.409022311574807e-01	1.412537544622754e-01
80242	1.380004569496525e-01	1.380384264602885e-01
80453	1.348288643156295e-01	1.348962882591654e-01
80917	1.315046093856039e-01	1.318256738556407e-01
81594	1.288245753385372e-01	1.288249551693134e-01
143729	1.254386736043767e-01	1.258925411794167e-01
145991	1.203233381785125e-01	1.230268770812381e-01
145996	1.201986145273599e-01	1.202264434617413e-01
147042	1.153590083950099e-01	1.174897554939529e-01
147047	1.106267341069898e-01	1.122018454301964e-01
147062	1.092610454290830e-01	1.096478196143185e-01
147334	1.069828190760785e-01	1.071519305237607e-01
148631	1.008224505598438e-01	1.023292992280754e-01
148636	9.647628030896527e-02	9.772372209558107e-02
148641	9.446726937255578e-02	9.549925860214359e-02
148652	9.283317247622935e-02	9.332543007969910e-02
150147	9.116652277369253e-02	9.120108393559097e-02
150634	8.897609721204902e-02	8.912509381337455e-02
150639	8.427548093446957e-02	8.511380382023763e-02
150644	8.128852811011111e-02	8.317637711026708e-02
150649	8.027939767949177e-02	8.128305161640990e-02
150659	7.932625838238649e-02	7.943282347242814e-02
150935	7.754844584987119e-02	7.762471166286916e-02
151289	7.575695184412867e-02	7.585775750291836e-02
151717	7.240245112709953e-02	7.244359600749903e-02
151722	6.813197079819155e-02	6.918309709189366e-02
151727	6.717541741749244e-02	6.760829753919818e-02
151929	6.603146197081267e-02	6.606934480075961e-02
152553	6.425390048998203e-02	6.456542290346556e-02
152752	6.283791176708498e-02	6.309573444801933e-02
152757	6.083759878126416e-02	6.165950018614822e-02
152762	5.940549909506776e-02	6.025595860743578e-02
152777	5.885398467601255e-02	5.888436553555890e-02
154100	5.719470843142582e-02	5.754399373371569e-02
154105	5.615240572339097e-02	5.623413251903491e-02
155363	5.490102274489506e-02	5.495408738576246e-02
200000	5.434096244183939e-02	5.495408738576246e-02
%
% index = 714, name = bbob_f015_i21_d02__bbob_f020_i22_d02
% instance = 10, reference value = 9.939599902297030e-01
% function evaluation | indicator value | target hit
1	9.408935663392667e+00	9.549925860214358e+00
21	9.295746422906532e+00	9.332543007969910e+00
738	9.014123742122298e+00	9.120108393559097e+00
761	8.768253748681209e+00	8.912509381337454e+00
780	8.686695050986254e+00	8.709635899560805e+00
782	8.444169637527967e+00	8.511380382023766e+00
783	8.125826427026203e+00	8.128305161640993e+00
1021	7.921066333536007e+00	7.943282347242816e+00
1026	7.437273205380203e+00	7.585775750291837e+00
1031	6.800373133695203e+00	6.918309709189364e+00
1036	6.384041634603703e+00	6.456542290346556e+00
1041	6.056018922305203e+00	6.165950018614822e+00
1046	5.843782653331203e+00	5.888436553555890e+00
1590	5.707389058104202e+00	5.754399373371569e+00
1612	5.607437223071202e+00	5.623413251903491e+00
1636	5.410793881665703e+00	5.495408738576246e+00
1667	5.030113627591703e+00	5.128613839913648e+00
1705	4.528781270302703e+00	4.570881896148751e+00
1748	4.460171435351203e+00	4.466835921509632e+00
2017	4.189347015291292e+00	4.265795188015927e+00
2023	4.165220494743703e+00	4.168693834703354e+00
2028	3.693662566455203e+00	3.715352290971725e+00
2033	3.381469390104703e+00	3.388441561392026e+00
2038	3.018493793850703e+00	3.019951720402016e+00
2043	2.766755964737703e+00	2.818382931264454e+00
2048	2.606201201390703e+00	2.630267991895382e+00
2053	2.475238037110703e+00	2.511886431509580e+00
2063	2.439705200755203e+00	2.454708915685031e+00
2477	2.373111360907203e+00	2.398832919019490e+00
2497	2.309032227891703e+00	2.344228815319922e+00
2519	2.183560897696203e+00	2.187761623949553e+00
2543	1.943084758668703e+00	1.949844599758045e+00
2574	1.633569299583203e+00	1.659586907437561e+00
2611	1.350628361533203e+00	1.380384264602885e+00
2626	1.348626370014703e+00	1.348962882591654e+00
2631	1.287319529166203e+00	1.288249551693134e+00
2632	1.225581368651203e+00	1.230268770812382e+00
2633	1.106867384003203e+00	1.122018454301963e+00
2638	9.936309248741966e-01	1.000000000000000e+00
2957	9.585255413131379e-01	9.772372209558107e-01
2962	9.331646396260271e-01	9.332543007969910e-01
2972	9.110855619458565e-01	9.120108393559098e-01
3570	8.911267797880306e-01	8.912509381337456e-01
3732	8.679815511801056e-01	8.709635899560807e-01
4087	8.385561521931152e-01	8.511380382023764e-01
4092	8.239738874126756e-01	8.317637711026710e-01
4097	7.718413578160295e-01	7.762471166286917e-01
6249	3.436964414129787e-01	3.467368504525316e-01
6267	3.380590004469078e-01	3.388441561392025e-01
6269	3.245840036230073e-01	3.311311214825911e-01
6270	2.920963940033036e-01	2.951209226666385e-01
6271	2.425853764784166e-01	2.454708915685030e-01
6276	2.295112982051890e-01	2.344228815319922e-01
6281	2.272994747414463e-01	2.290867652767773e-01
6428	2.235220655095385e-01	2.238721138568339e-01
6452	2.090211068730667e-01	2.137962089502232e-01
6483	1.949414850037816e-01	1.949844599758045e-01
6749	1.890857552838257e-01	1.905460717963247e-01
6773	1.846025955064862e-01	1.862087136662867e-01
6803	1.773169585598736e-01	1.778279410038923e-01
6840	1.670256980056221e-01	1.698243652461744e-01
7038	1.592010638662459e-01	1.621810097358930e-01
7043	1.307970329445345e-01	1.318256738556407e-01
7048	1.117343966368511e-01	1.122018454301964e-01
7192	1.094092699464231e-01	1.096478196143185e-01
7253	1.049805906057401e-01	1.071519305237607e-01
7289	1.021011468170141e-01	1.023292992280754e-01
7927	9.730856302834734e-02	9.772372209558107e-02
8562	9.505711639457903e-02	9.549925860214359e-02
32402	9.239150919579908e-02	9.332543007969910e-02
32407	7.421207768970128e-02	7.585775750291836e-02
32412	6.527134145559232e-02	6.606934480075961e-02
32417	5.530463600509616e-02	5.623413251903491e-02
32427	5.467344349765124e-02	5.495408738576246e-02
32572	5.353273103016043e-02	5.370317963702527e-02
32638	5.052963746106198e-02	5.128613839913648e-02
32676	4.988894364346275e-02	5.011872336272722e-02
32954	4.877896134813442e-02	4.897788193684462e-02
32975	4.781481038655166e-02	4.786300923226382e-02
32997	4.623033031373491e-02	4.677351412871981e-02
33029	4.415799733221859e-02	4.466835921509630e-02
33073	4.341833968978703e-02	4.365158322401658e-02
33222	3.972589249519809e-02	3.981071705534973e-02
33528	6.478640890952625e-03	6.606934480075957e-03
33533	6.117569074557849e-03	6.165950018614822e-03
33760	4.680404444135200e-03	4.786300923226385e-03
33773	4.676319978922483e-03	4.677351412871981e-03
33801	4.569207052028679e-03	4.570881896148752e-03
34488	3.653294062622048e-03	3.715352290971724e-03
34500	3.621928905538030e-03	3.630780547701014e-03
34502	3.530074269949113e-03	3.548133892335753e-03
34503	3.412797679189228e-03	3.467368504525317e-03
34504	3.195836319733858e-03	3.235936569296281e-03
34505	2.830398773337461e-03	2.884031503126605e-03
34506	2.355779226659527e-03	2.398832919019490e-03
34507	2.267664693988203e-03	2.290867652767772e-03
34537	1.266435759975315e-03	1.288249551693134e-03
34550	1.257771581518186e-03	1.258925411794167e-03
34553	1.213844969010225e-03	1.230268770812381e-03
34554	1.199327717521959e-03	1.202264434617413e-03
34575	1.094879863783316e-03	1.096478196143185e-03
34660	1.071134866785117e-03	1.071519305237606e-03
34666	1.030198078989963e-03	1.047128548050900e-03
34672	9.823321093709314e-04	1.000000000000000e-03
35773	8.945850010508849e-04	9.120108393559096e-04
35795	7.170969376469882e-04	7.244359600749898e-04
35823	6.243703671078293e-04	6.309573444801930e-04
35838	6.152559318385320e-04	6.165950018614823e-04
66687	6.022174746599385e-04	6.025595860743575e-04
103839	5.876903864935334e-04	5.888436553555889e-04
200000	5.801170869481620e-04	5.888436553555889e-04
