%
% index = 765, name = bbob_f017_i02_d02__bbob_f021_i04_d02
% instance = 1, reference value = 9.470115659734289e-01
% function evaluation | indicator value | target hit
1	1.710260886983419e+00	1.737800828749375e+00
21	1.690449946850514e+00	1.698243652461744e+00
23	1.647587145094429e+00	1.659586907437561e+00
28	1.620351297114929e+00	1.621810097358930e+00
33	1.577357389811929e+00	1.584893192461114e+00
38	1.543731042278929e+00	1.548816618912481e+00
48	1.502680352252929e+00	1.513561248436208e+00
306	1.474944354463477e+00	1.479108388168207e+00
1152	9.606045276929290e-01	9.772372209558107e-01
1169	9.527236503834290e-01	9.549925860214360e-01
1172	9.187918055542066e-01	9.332543007969910e-01
1173	9.055748340663015e-01	9.120108393559098e-01
1185	8.763202930770169e-01	8.912509381337456e-01
1190	6.118492372490045e-01	6.165950018614822e-01
1195	3.491526562555702e-01	3.548133892335755e-01
1200	3.256705816270792e-01	3.311311214825911e-01
1210	3.209846109140357e-01	3.235936569296283e-01
1215	3.102134646773365e-01	3.162277660168379e-01
1220	3.081178106131813e-01	3.090295432513591e-01
1517	3.017483819849466e-01	3.019951720402016e-01
1537	2.935435565533980e-01	2.951209226666385e-01
1560	2.711596438794063e-01	2.754228703338166e-01
1585	2.209027673835352e-01	2.238721138568339e-01
1617	1.713766613022895e-01	1.737800828749375e-01
1635	1.689465710245036e-01	1.698243652461744e-01
1637	1.602184759800662e-01	1.621810097358930e-01
1638	1.490310363194104e-01	1.513561248436208e-01
1639	1.317948298537425e-01	1.318256738556407e-01
1644	1.234253802173569e-01	1.258925411794167e-01
1848	1.224603608728262e-01	1.230268770812381e-01
2216	1.148835524829320e-01	1.174897554939529e-01
2221	1.146797834265304e-01	1.148153621496883e-01
6579	1.025533708162821e-01	1.047128548050900e-01
6584	9.738795841281844e-02	9.772372209558107e-02
6589	9.453175820377735e-02	9.549925860214359e-02
6599	9.298670972016698e-02	9.332543007969910e-02
6614	9.028226852896493e-02	9.120108393559097e-02
6619	8.392948200508432e-02	8.511380382023763e-02
6624	7.873004630151414e-02	7.943282347242814e-02
6629	7.648398187512351e-02	7.762471166286916e-02
6634	7.425003761636551e-02	7.585775750291836e-02
6639	7.003041350211137e-02	7.079457843841380e-02
6644	6.704244211569321e-02	6.760829753919818e-02
6654	6.494675874167133e-02	6.606934480075961e-02
6659	6.390022150592067e-02	6.456542290346556e-02
6669	6.282857161522226e-02	6.309573444801933e-02
6684	6.149681553670971e-02	6.165950018614822e-02
6714	6.014294739533843e-02	6.025595860743578e-02
6789	5.888317414176092e-02	5.888436553555890e-02
7094	5.754122833487052e-02	5.754399373371569e-02
8614	5.623294232688292e-02	5.623413251903491e-02
11577	4.652893798021429e-02	4.677351412871981e-02
11592	4.533547141370797e-02	4.570881896148749e-02
11597	4.338178326374598e-02	4.365158322401658e-02
11687	4.233561021295351e-02	4.265795188015926e-02
11693	4.153826996742360e-02	4.168693834703355e-02
12122	3.701018797087041e-02	3.715352290971726e-02
12128	3.372936493384715e-02	3.388441561392026e-02
22030	3.297122654862239e-02	3.311311214825911e-02
22032	3.215080646840118e-02	3.235936569296283e-02
22223	3.134607240545895e-02	3.162277660168379e-02
22248	3.089499073428548e-02	3.090295432513590e-02
22355	2.717510788321531e-02	2.754228703338166e-02
22576	2.281826765171180e-02	2.290867652767773e-02
23131	2.232771833338876e-02	2.238721138568340e-02
23162	2.068661733154298e-02	2.089296130854040e-02
24811	2.040943640283388e-02	2.041737944669529e-02
200000	2.031370379248332e-02	2.041737944669529e-02
%
% index = 766, name = bbob_f017_i03_d02__bbob_f021_i05_d02
% instance = 2, reference value = 7.868799297435070e-01
% function evaluation | indicator value | target hit
1	5.082013215522507e+00	5.128613839913648e+00
21	4.993423566085007e+00	5.011872336272722e+00
23	4.740584665608007e+00	4.786300923226384e+00
28	4.536802640470007e+00	4.570881896148751e+00
33	4.168897561016506e+00	4.265795188015927e+00
38	3.837218145190007e+00	3.890451449942806e+00
43	3.637135364735007e+00	3.715352290971725e+00
48	3.422808799551007e+00	3.467368504525317e+00
53	3.283008602450007e+00	3.311311214825911e+00
58	3.142445988667507e+00	3.162277660168380e+00
63	3.057617464394507e+00	3.090295432513591e+00
68	2.978020862879007e+00	3.019951720402016e+00
73	2.925300543384007e+00	2.951209226666386e+00
83	2.851685013738007e+00	2.884031503126606e+00
93	2.804819426415507e+00	2.818382931264454e+00
113	2.743574107128507e+00	2.754228703338166e+00
133	2.686838469675007e+00	2.691534803926916e+00
148	2.596919673221007e+00	2.630267991895382e+00
153	2.566135202996007e+00	2.570395782768863e+00
163	2.426905865082507e+00	2.454708915685031e+00
168	2.230705051257507e+00	2.238721138568339e+00
173	1.692356926313007e+00	1.698243652461744e+00
178	8.356394242065068e-01	8.511380382023764e-01
449	7.862986708251609e-01	7.943282347242815e-01
757	6.335592867359792e-01	6.456542290346555e-01
762	6.146577431406608e-01	6.165950018614822e-01
772	5.967080484592271e-01	6.025595860743578e-01
1412	5.859826325766264e-01	5.888436553555889e-01
1423	5.752880961042256e-01	5.754399373371569e-01
2039	5.616097984341976e-01	5.623413251903491e-01
6248	4.965890344943147e-01	5.011872336272722e-01
7069	4.520006027222962e-01	4.570881896148750e-01
7088	4.442226530550092e-01	4.466835921509631e-01
12289	3.878806357514950e-01	3.890451449942806e-01
44517	3.731030771055902e-01	3.801893963205612e-01
44522	3.714369648676307e-01	3.715352290971726e-01
45070	3.430756148695955e-01	3.467368504525316e-01
45080	3.384080215678761e-01	3.388441561392025e-01
45559	3.167643382770285e-01	3.235936569296283e-01
45579	3.162117258215144e-01	3.162277660168379e-01
45885	3.067432093408955e-01	3.090295432513591e-01
46108	3.006670327890865e-01	3.019951720402016e-01
65318	2.932693529164592e-01	2.951209226666385e-01
68897	2.879310655089484e-01	2.884031503126606e-01
69398	2.809035995810482e-01	2.818382931264454e-01
69603	2.750868105556192e-01	2.754228703338166e-01
69849	2.685137107158098e-01	2.691534803926916e-01
69884	2.630101906669720e-01	2.630267991895382e-01
72639	2.556881220003214e-01	2.570395782768864e-01
90569	2.261842346531834e-01	2.290867652767773e-01
90574	1.433792077821915e-01	1.445439770745928e-01
90589	1.412396258133943e-01	1.412537544622754e-01
90619	1.370497043713668e-01	1.380384264602885e-01
90649	1.337814721222912e-01	1.348962882591654e-01
90952	1.311114166495746e-01	1.318256738556407e-01
90964	1.251284198910355e-01	1.258925411794167e-01
90981	1.198609420123575e-01	1.202264434617413e-01
91324	1.116409446516977e-01	1.122018454301964e-01
91329	5.562061372993532e-02	5.623413251903491e-02
91334	4.428454317013319e-02	4.466835921509630e-02
117164	1.792788316137262e-02	1.819700858609984e-02
117193	5.463551960256385e-03	5.495408738576248e-03
117207	5.289593479763988e-03	5.370317963702527e-03
117208	5.120614287117076e-03	5.128613839913648e-03
117209	4.797614908711112e-03	4.897788193684461e-03
117210	4.211622690449501e-03	4.265795188015926e-03
117211	3.280984254940944e-03	3.311311214825911e-03
117212	2.395508614846387e-03	2.398832919019490e-03
117213	2.333769654253248e-03	2.344228815319923e-03
199999	2.302420625174717e-03	2.344228815319923e-03
%
% index = 767, name = bbob_f017_i07_d02__bbob_f021_i08_d02
% instance = 3, reference value = 9.311048722675250e-01
% function evaluation | indicator value | target hit
1	1.201682489269525e+00	1.202264434617413e+00
20	1.148200973994525e+00	1.174897554939530e+00
21	1.069110332261525e+00	1.071519305237606e+00
22	8.802403570751880e-01	8.912509381337456e-01
23	5.636250123159190e-01	5.754399373371569e-01
28	3.850097061014677e-01	3.890451449942806e-01
33	3.740594881934415e-01	3.801893963205612e-01
38	3.626605842936111e-01	3.630780547701014e-01
58	3.535816198081621e-01	3.548133892335755e-01
83	3.456703753373314e-01	3.467368504525316e-01
103	3.375076693819313e-01	3.388441561392025e-01
108	3.259849999518277e-01	3.311311214825911e-01
113	3.207216848905802e-01	3.235936569296283e-01
386	3.158207102424546e-01	3.162277660168379e-01
397	2.986228085075522e-01	3.019951720402016e-01
404	2.934353469516143e-01	2.951209226666385e-01
676	2.784383356840322e-01	2.818382931264454e-01
682	2.648592412937112e-01	2.691534803926916e-01
687	2.511601876927896e-01	2.511886431509580e-01
1040	2.452421539156315e-01	2.454708915685030e-01
1272	2.037663294232883e-01	2.041737944669530e-01
1293	1.986092555961585e-01	1.995262314968880e-01
2210	1.772810029431604e-01	1.778279410038923e-01
2630	1.717158757388441e-01	1.737800828749375e-01
2664	1.634803618996297e-01	1.659586907437560e-01
3549	1.620780400728553e-01	1.621810097358930e-01
3823	1.527198890458055e-01	1.548816618912481e-01
3861	1.453522213577546e-01	1.479108388168208e-01
3882	1.441263593311911e-01	1.445439770745928e-01
3883	1.341551529764813e-01	1.348962882591654e-01
4377	1.118843034752723e-01	1.122018454301964e-01
4382	1.084457424496166e-01	1.096478196143185e-01
4387	1.062569979545752e-01	1.071519305237607e-01
4392	9.867240112200371e-02	1.000000000000000e-01
4397	9.231493571297644e-02	9.332543007969910e-02
4417	9.111369973614869e-02	9.120108393559097e-02
4522	8.912332210297402e-02	8.912509381337455e-02
12749	8.709437175623325e-02	8.709635899560805e-02
24504	8.486018409563634e-02	8.511380382023763e-02
25189	8.307602646407219e-02	8.317637711026708e-02
74699	8.098347771708081e-02	8.128305161640990e-02
74718	7.937756291430620e-02	7.943282347242814e-02
74719	7.701547036303702e-02	7.762471166286916e-02
74720	7.111110451772062e-02	7.244359600749903e-02
74721	6.262657680347417e-02	6.309573444801933e-02
74726	5.955778179614402e-02	6.025595860743578e-02
74731	5.650480915118539e-02	5.754399373371569e-02
74736	5.071724602748584e-02	5.128613839913648e-02
74741	4.885655512196974e-02	4.897788193684462e-02
74746	4.697701250960573e-02	4.786300923226382e-02
75173	4.674797412884002e-02	4.677351412871981e-02
147267	4.531188820346521e-02	4.570881896148749e-02
147278	4.204113649308683e-02	4.265795188015926e-02
147288	4.167366786732252e-02	4.168693834703355e-02
147298	4.073070715635418e-02	4.073802778041128e-02
169202	3.661252659519731e-02	3.715352290971726e-02
169203	3.071862896418864e-02	3.090295432513590e-02
169231	2.911013225014125e-02	2.951209226666385e-02
169252	2.883791388586210e-02	2.884031503126606e-02
199999	2.866176705251555e-02	2.884031503126606e-02
%
% index = 768, name = bbob_f017_i09_d02__bbob_f021_i10_d02
% instance = 4, reference value = 7.191167740750940e-01
% function evaluation | indicator value | target hit
1	3.613074848108094e+00	3.630780547701014e+00
432	3.541188481682594e+00	3.548133892335755e+00
468	3.359097384362594e+00	3.388441561392026e+00
489	3.121462437490194e+00	3.162277660168380e+00
512	2.743415190183865e+00	2.754228703338166e+00
537	2.690836733836098e+00	2.691534803926916e+00
617	2.335673177247134e+00	2.344228815319922e+00
622	1.900146764323193e+00	1.905460717963247e+00
857	1.607264367321697e+00	1.621810097358930e+00
862	1.246111529039594e+00	1.258925411794167e+00
867	1.088139960216094e+00	1.096478196143185e+00
872	1.064833765407094e+00	1.071519305237606e+00
877	1.024474909734094e+00	1.047128548050900e+00
882	9.994498907760939e-01	1.000000000000000e+00
887	9.759132294180940e-01	9.772372209558107e-01
902	9.455849082490940e-01	9.549925860214360e-01
917	9.158573519640939e-01	9.332543007969910e-01
922	9.110098009790940e-01	9.120108393559098e-01
1156	8.810429400245939e-01	8.912509381337456e-01
1168	8.562262417065939e-01	8.709635899560807e-01
1186	8.131535880145940e-01	8.317637711026710e-01
1734	7.798813323535939e-01	7.943282347242815e-01
1739	6.612835121190005e-01	6.760829753919817e-01
1744	5.988089634369911e-01	6.025595860743578e-01
1749	5.748841463449972e-01	5.754399373371569e-01
16265	5.120300310041459e-01	5.128613839913648e-01
16270	3.986381767225365e-01	4.073802778041127e-01
16275	3.697066586875858e-01	3.715352290971726e-01
16285	3.284535616987253e-01	3.311311214825911e-01
16295	3.221601702111566e-01	3.235936569296283e-01
17043	3.037248980488362e-01	3.090295432513591e-01
17049	2.708343480009464e-01	2.754228703338166e-01
17054	2.574574902146395e-01	2.630267991895382e-01
17059	2.400354538225160e-01	2.454708915685030e-01
17064	2.357226628861195e-01	2.398832919019490e-01
17065	2.329448880142368e-01	2.344228815319922e-01
17080	2.258742191129148e-01	2.290867652767773e-01
17085	2.228431854800568e-01	2.238721138568339e-01
17095	2.147345956611827e-01	2.187761623949552e-01
17101	2.120535144176543e-01	2.137962089502232e-01
17116	2.068942475032131e-01	2.089296130854039e-01
17126	2.024675067203697e-01	2.041737944669530e-01
17136	1.988615895326941e-01	1.995262314968880e-01
17156	1.944316151036555e-01	1.949844599758045e-01
17206	1.904816683281301e-01	1.905460717963247e-01
17241	1.856661125929470e-01	1.862087136662867e-01
17251	1.810748363678181e-01	1.819700858609984e-01
17276	1.690537201861476e-01	1.698243652461744e-01
17559	1.655990628201655e-01	1.659586907437560e-01
17578	1.621329167757828e-01	1.621810097358930e-01
17599	1.553847258173010e-01	1.584893192461113e-01
17622	1.432411560025294e-01	1.445439770745928e-01
17652	1.266881279972191e-01	1.288249551693134e-01
17690	1.169481723187195e-01	1.174897554939529e-01
25916	1.036412572546286e-01	1.047128548050900e-01
26023	1.017458476483522e-01	1.023292992280754e-01
26438	9.041238513297134e-02	9.120108393559097e-02
26699	8.066396231010042e-02	8.128305161640990e-02
27312	7.297789849889413e-02	7.413102413009177e-02
27597	7.211139204628436e-02	7.244359600749903e-02
32711	7.074708181634004e-02	7.079457843841380e-02
35438	6.875239607613681e-02	6.918309709189366e-02
35537	6.734727974868404e-02	6.760829753919818e-02
35643	6.603445351153880e-02	6.606934480075961e-02
35919	6.455727785032106e-02	6.456542290346556e-02
70558	6.092571828562932e-02	6.165950018614822e-02
70722	5.654176110386366e-02	5.754399373371569e-02
70736	5.609982947478176e-02	5.623413251903491e-02
70738	5.485704721694973e-02	5.495408738576246e-02
70739	5.339527421670465e-02	5.370317963702527e-02
70740	5.114975752398088e-02	5.128613839913648e-02
70741	4.940728964916385e-02	5.011872336272722e-02
71927	4.552312226993516e-02	4.570881896148749e-02
72304	4.358703880832249e-02	4.365158322401658e-02
73824	3.374077971536027e-02	3.388441561392026e-02
73926	2.110008629298576e-02	2.137962089502233e-02
74054	1.157967727494758e-02	1.174897554939530e-02
74142	1.147574295076470e-02	1.148153621496883e-02
105668	1.120412554221373e-02	1.122018454301964e-02
105916	1.092180443709911e-02	1.096478196143185e-02
106251	1.064540165768657e-02	1.071519305237606e-02
106526	1.039009887515796e-02	1.047128548050900e-02
106614	1.022090709772427e-02	1.023292992280754e-02
107009	9.987175673480508e-03	1.000000000000000e-02
107328	9.757018139042728e-03	9.772372209558112e-03
107729	9.543273366198757e-03	9.549925860214359e-03
108000	8.792378807834456e-03	8.912509381337459e-03
108087	8.556651816869931e-03	8.709635899560805e-03
108093	8.025638959239911e-03	8.128305161640995e-03
108099	7.748465790405445e-03	7.762471166286920e-03
108101	7.182107364276713e-03	7.244359600749898e-03
108106	6.980895055995973e-03	7.079457843841380e-03
108111	5.982807365874976e-03	6.025595860743574e-03
108116	3.781715736272506e-03	3.801893963205613e-03
108122	3.430341460638919e-03	3.467368504525317e-03
108125	2.588588824919746e-03	2.630267991895381e-03
108130	2.564912977437328e-03	2.570395782768865e-03
108135	2.497917328785793e-03	2.511886431509579e-03
108142	2.449189044590683e-03	2.454708915685031e-03
108152	2.211791374116867e-03	2.238721138568340e-03
108164	2.140447766296405e-03	2.187761623949552e-03
108169	2.126798307010680e-03	2.137962089502233e-03
108174	2.079046600700241e-03	2.089296130854039e-03
108405	2.038217244688112e-03	2.041737944669530e-03
108705	1.731868913976697e-03	1.737800828749376e-03
108792	1.693568802249579e-03	1.698243652461744e-03
108811	1.616866698646025e-03	1.621810097358930e-03
199967	1.595750405992913e-03	1.621810097358930e-03
%
% index = 769, name = bbob_f017_i11_d02__bbob_f021_i12_d02
% instance = 5, reference value = 7.815988908652920e-01
% function evaluation | indicator value | target hit
1	1.803601786712792e+00	1.819700858609983e+00
21	1.774625268446792e+00	1.778279410038923e+00
18148	1.661185841701792e+00	1.698243652461744e+00
18149	1.324541605972792e+00	1.348962882591654e+00
18159	8.541155852507920e-01	8.709635899560807e-01
18164	7.274812938141764e-01	7.413102413009175e-01
19831	6.053650717779793e-01	6.165950018614822e-01
19836	4.412819708463239e-01	4.466835921509631e-01
19945	4.350726980480489e-01	4.365158322401660e-01
23493	3.175171147680663e-01	3.235936569296283e-01
23510	3.151782851504638e-01	3.162277660168379e-01
23527	3.089640214723975e-01	3.090295432513591e-01
23692	3.019311750289275e-01	3.019951720402016e-01
24122	2.951054480030744e-01	2.951209226666385e-01
53860	2.279615072344922e-01	2.290867652767773e-01
53875	2.236059478622779e-01	2.238721138568339e-01
54300	2.176655522944561e-01	2.187761623949552e-01
54355	2.137224713140436e-01	2.137962089502232e-01
68495	1.839487840885520e-01	1.862087136662867e-01
68500	1.727107002097328e-01	1.737800828749375e-01
68505	1.674351463285162e-01	1.698243652461744e-01
69135	1.659188586014085e-01	1.659586907437560e-01
88227	1.553048122216498e-01	1.584893192461113e-01
88237	1.409227678328437e-01	1.412537544622754e-01
88247	1.211297232267680e-01	1.230268770812381e-01
88252	1.197446381798588e-01	1.202264434617413e-01
88497	1.174127319114018e-01	1.174897554939529e-01
88539	1.125765762868904e-01	1.148153621496883e-01
88763	1.119444028145431e-01	1.122018454301964e-01
88769	1.076310204035488e-01	1.096478196143185e-01
88774	1.037708464391587e-01	1.047128548050900e-01
88784	1.022441146418883e-01	1.023292992280754e-01
88790	9.949028746962885e-02	1.000000000000000e-01
107329	8.776359092997088e-02	8.912509381337455e-02
107334	7.307812659433854e-02	7.413102413009177e-02
107344	6.884091269383152e-02	6.918309709189366e-02
107349	6.655984758371813e-02	6.760829753919818e-02
107354	6.573984185436310e-02	6.606934480075961e-02
107359	6.279186967381234e-02	6.309573444801933e-02
107369	6.105772691407174e-02	6.165950018614822e-02
107374	6.012286802932632e-02	6.025595860743578e-02
108336	5.888374072825642e-02	5.888436553555890e-02
158547	5.160060666071165e-02	5.248074602497726e-02
158731	5.070230709320345e-02	5.128613839913648e-02
158741	4.999647957224407e-02	5.011872336272722e-02
158836	4.895550816508243e-02	4.897788193684462e-02
158854	4.781271817376676e-02	4.786300923226382e-02
159095	4.649102890885937e-02	4.677351412871981e-02
159131	4.534367731788069e-02	4.570881896148749e-02
159150	4.426412881884489e-02	4.466835921509630e-02
159151	4.248694928573415e-02	4.265795188015926e-02
159152	3.852134740288871e-02	3.890451449942807e-02
159153	3.753247369878365e-02	3.801893963205612e-02
159275	3.652736261641443e-02	3.715352290971726e-02
159280	3.261980559290889e-02	3.311311214825911e-02
159285	3.136605910697077e-02	3.162277660168379e-02
159295	3.038007637891615e-02	3.090295432513590e-02
159413	3.019551791698116e-02	3.019951720402016e-02
159574	2.921413011377516e-02	2.951209226666385e-02
159593	2.849730641022574e-02	2.884031503126606e-02
159613	2.771462730656893e-02	2.818382931264454e-02
159636	2.399394823326895e-02	2.454708915685030e-02
159768	2.287582671028399e-02	2.290867652767773e-02
159778	2.206228487726569e-02	2.238721138568340e-02
159785	2.075881514298838e-02	2.089296130854040e-02
160134	2.029362177168970e-02	2.041737944669529e-02
160185	1.976386834849531e-02	1.995262314968880e-02
160214	1.758055379341839e-02	1.778279410038923e-02
163048	1.726352170512491e-02	1.737800828749375e-02
163131	1.677082796349938e-02	1.698243652461744e-02
163198	1.656566990550679e-02	1.659586907437561e-02
178801	1.272888346190204e-02	1.288249551693134e-02
178822	9.117442733245218e-03	9.120108393559097e-03
199999	9.117385748647955e-03	9.120108393559097e-03
%
% index = 770, name = bbob_f017_i13_d02__bbob_f021_i14_d02
% instance = 6, reference value = 6.423103150344350e-01
% function evaluation | indicator value | target hit
1	1.176691587395940e+01	1.202264434617413e+01
16	1.174140362758357e+01	1.174897554939530e+01
20	1.131294337051773e+01	1.148153621496883e+01
21	1.077050099874329e+01	1.096478196143185e+01
22	9.486012224531684e+00	9.549925860214358e+00
23	6.632583140311469e+00	6.760829753919817e+00
28	3.981455292253445e+00	4.073802778041127e+00
33	2.654296820422935e+00	2.691534803926916e+00
43	2.549232491218435e+00	2.570395782768863e+00
1861	2.449864419142435e+00	2.454708915685031e+00
1866	2.163277633146935e+00	2.187761623949553e+00
1871	1.996544879518935e+00	2.041737944669529e+00
1876	1.728849652218435e+00	1.737800828749375e+00
1881	1.643817302107435e+00	1.659586907437561e+00
1886	1.607918128813935e+00	1.621810097358930e+00
3365	1.381823660519435e+00	1.412537544622754e+00
3370	1.349269463731935e+00	1.380384264602885e+00
3375	1.264975348680935e+00	1.288249551693134e+00
3380	1.255759343348935e+00	1.258925411794167e+00
4749	1.227143640814435e+00	1.230268770812382e+00
6935	9.395471840794350e-01	9.549925860214360e-01
6945	9.064336050759351e-01	9.120108393559098e-01
10961	6.902158501149350e-01	6.918309709189365e-01
10967	6.237162365834610e-01	6.309573444801932e-01
10972	5.273280342821853e-01	5.370317963702527e-01
10977	3.759599682103164e-01	3.801893963205612e-01
10987	3.712939200428964e-01	3.715352290971726e-01
11229	3.619166086148636e-01	3.630780547701014e-01
11230	3.392502859049760e-01	3.467368504525316e-01
11333	3.360507626213785e-01	3.388441561392025e-01
11663	3.308181568508377e-01	3.311311214825911e-01
11858	3.084316956686792e-01	3.090295432513591e-01
11869	2.827075374549282e-01	2.884031503126606e-01
11874	2.776510062124566e-01	2.818382931264454e-01
12015	2.742752797709217e-01	2.754228703338166e-01
12418	2.671119836613637e-01	2.691534803926916e-01
12424	2.618082725967336e-01	2.630267991895382e-01
12430	2.569419188928226e-01	2.570395782768864e-01
12833	2.498741350497991e-01	2.511886431509580e-01
13091	2.446194252000972e-01	2.454708915685030e-01
13444	2.376079157258152e-01	2.398832919019490e-01
13927	2.342729469112738e-01	2.344228815319922e-01
14312	2.279000643316019e-01	2.290867652767773e-01
196327	2.499976830840545e-02	2.511886431509579e-02
196332	1.803712345342467e-02	1.819700858609984e-02
196347	1.772657782802989e-02	1.778279410038923e-02
196412	1.736227660681233e-02	1.737800828749375e-02
196768	1.685291837062675e-02	1.698243652461744e-02
196793	1.652552281353059e-02	1.659586907437561e-02
196924	1.506656462403622e-02	1.513561248436208e-02
199998	1.487525801508283e-02	1.513561248436208e-02
%
% index = 771, name = bbob_f017_i15_d02__bbob_f021_i16_d02
% instance = 7, reference value = 9.210827849441540e-01
% function evaluation | indicator value | target hit
1	3.453316690254654e+00	3.467368504525317e+00
20	3.373193106144154e+00	3.388441561392026e+00
21	3.309135119241654e+00	3.311311214825911e+00
22	3.226594782965154e+00	3.235936569296283e+00
33	3.138161847657154e+00	3.162277660168380e+00
68	3.090026218446154e+00	3.090295432513591e+00
238	3.019873287139654e+00	3.019951720402016e+00
293	2.942800549686654e+00	2.951209226666386e+00
323	2.870909722356654e+00	2.884031503126606e+00
348	2.814014326894654e+00	2.818382931264454e+00
368	2.746600759873654e+00	2.754228703338166e+00
398	2.658197162233654e+00	2.691534803926916e+00
423	2.624165549111654e+00	2.630267991895382e+00
428	2.566521251329154e+00	2.570395782768863e+00
438	2.497440421144154e+00	2.511886431509580e+00
443	2.353404096490654e+00	2.398832919019490e+00
453	1.315827444360654e+00	1.318256738556407e+00
3541	1.221819997201154e+00	1.230268770812382e+00
3574	7.708036984047334e-01	7.762471166286917e-01
3591	7.544855380204520e-01	7.585775750291838e-01
3592	7.388429326445856e-01	7.413102413009175e-01
3593	7.095555211955050e-01	7.244359600749900e-01
3594	6.587330114432308e-01	6.606934480075960e-01
3595	5.857177945773850e-01	5.888436553555889e-01
3596	5.261278394886670e-01	5.370317963702527e-01
3601	5.118758872588590e-01	5.128613839913648e-01
4313	5.008179046521659e-01	5.011872336272722e-01
4358	4.789247442924535e-01	4.897788193684462e-01
4384	4.339606418955406e-01	4.365158322401660e-01
4405	4.215054076078460e-01	4.265795188015927e-01
4406	3.819312405208383e-01	3.890451449942806e-01
4598	3.286376150151552e-01	3.311311214825911e-01
4858	3.214191214858055e-01	3.235936569296283e-01
4897	3.100670085055365e-01	3.162277660168379e-01
4920	3.000911441986344e-01	3.019951720402016e-01
6247	2.727671610181386e-01	2.754228703338166e-01
6266	2.582846114299068e-01	2.630267991895382e-01
6285	2.380806478220978e-01	2.398832919019490e-01
6305	2.340319716574625e-01	2.344228815319922e-01
6569	2.084904730165360e-01	2.089296130854039e-01
49869	1.966569371735131e-01	1.995262314968880e-01
49874	1.904974118484689e-01	1.905460717963247e-01
49884	1.846815527945764e-01	1.862087136662867e-01
49899	1.819435126484420e-01	1.819700858609984e-01
50089	1.776238736056334e-01	1.778279410038923e-01
50119	1.729279932788861e-01	1.737800828749375e-01
50129	1.697734583807663e-01	1.698243652461744e-01
50144	1.646192621621460e-01	1.659586907437560e-01
50154	1.619993585403442e-01	1.621810097358930e-01
50184	1.582630679435600e-01	1.584893192461113e-01
50379	1.548280335180185e-01	1.548816618912481e-01
50579	1.513093087517078e-01	1.513561248436208e-01
58456	1.479106927107530e-01	1.479108388168208e-01
61513	1.286645059398640e-01	1.288249551693134e-01
61929	1.183361304243186e-01	1.202264434617413e-01
61934	1.117644622371825e-01	1.122018454301964e-01
109274	1.091325508374402e-01	1.096478196143185e-01
109806	1.057337305526999e-01	1.071519305237607e-01
109807	1.046476381465047e-01	1.047128548050900e-01
110208	1.022772708488778e-01	1.023292992280754e-01
110262	8.952005480041969e-02	9.120108393559097e-02
110278	8.900820595238945e-02	8.912509381337455e-02
110281	8.582359442825105e-02	8.709635899560805e-02
110282	8.299751343244444e-02	8.317637711026708e-02
110283	7.990127969110261e-02	8.128305161640990e-02
110503	6.872416586240793e-02	6.918309709189366e-02
110682	6.644030615073826e-02	6.760829753919818e-02
110700	6.376701942896623e-02	6.456542290346556e-02
110721	5.970510251392602e-02	6.025595860743578e-02
110740	5.886316838275418e-02	5.888436553555890e-02
110751	5.626312881336892e-02	5.754399373371569e-02
111026	5.607563206659594e-02	5.623413251903491e-02
111041	5.486648436090380e-02	5.495408738576246e-02
199999	5.378885370653408e-02	5.495408738576246e-02
%
% index = 772, name = bbob_f017_i17_d02__bbob_f021_i18_d02
% instance = 8, reference value = 9.931759035498960e-01
% function evaluation | indicator value | target hit
1	1.025399786064896e+00	1.047128548050900e+00
15	1.021261740118396e+00	1.023292992280754e+00
18	9.931518736875388e-01	1.000000000000000e+00
19	9.672131784973086e-01	9.772372209558107e-01
20	9.203039191902119e-01	9.332543007969910e-01
21	8.465834281233631e-01	8.511380382023764e-01
22	7.796341138434540e-01	7.943282347242815e-01
173	7.756209600705455e-01	7.762471166286917e-01
878	3.215946695586099e-01	3.235936569296283e-01
897	3.139258427291599e-01	3.162277660168379e-01
898	3.082208791255918e-01	3.090295432513591e-01
1139	2.975600886183173e-01	3.019951720402016e-01
1165	2.818419531983750e-01	2.884031503126606e-01
1174	2.818363990041078e-01	2.818382931264454e-01
1185	2.697971319354586e-01	2.754228703338166e-01
1186	2.586359460212467e-01	2.630267991895382e-01
1187	2.382622273114338e-01	2.398832919019490e-01
1766	2.210197666007966e-01	2.238721138568339e-01
1869	2.132886124518606e-01	2.137962089502232e-01
1870	1.940461258242784e-01	1.949844599758045e-01
2218	1.877266718278241e-01	1.905460717963247e-01
2240	1.752781489758928e-01	1.778279410038923e-01
2261	1.722600383628733e-01	1.737800828749375e-01
2262	1.631400235083573e-01	1.659586907437560e-01
2409	1.527628018557537e-01	1.548816618912481e-01
2524	1.511658868235375e-01	1.513561248436208e-01
2811	1.475662967336510e-01	1.479108388168208e-01
2829	1.444891689990514e-01	1.445439770745928e-01
2849	1.397420139806703e-01	1.412537544622754e-01
2850	1.348952496309715e-01	1.348962882591654e-01
2982	1.295174340612436e-01	1.318256738556407e-01
2997	1.288030504198586e-01	1.288249551693134e-01
3289	1.241328333187300e-01	1.258925411794167e-01
3308	1.184450098663421e-01	1.202264434617413e-01
3398	1.144444160607575e-01	1.148153621496883e-01
3399	1.035499941041771e-01	1.047128548050900e-01
3414	1.022708602381499e-01	1.023292992280754e-01
3723	9.919721494222355e-02	1.000000000000000e-01
3729	9.711443563298483e-02	9.772372209558107e-02
3747	9.318761084205718e-02	9.332543007969910e-02
3767	8.465450822970333e-02	8.511380382023763e-02
3788	8.219655424680072e-02	8.317637711026708e-02
3789	7.443985434167466e-02	7.585775750291836e-02
3877	6.676098654665785e-02	6.760829753919818e-02
3882	6.605658277717319e-02	6.606934480075961e-02
4194	6.432525752326090e-02	6.456542290346556e-02
4218	6.239856245595155e-02	6.309573444801933e-02
4236	6.039644731281690e-02	6.165950018614822e-02
4256	5.724271886768395e-02	5.754399373371569e-02
4278	5.372410716069120e-02	5.495408738576246e-02
4459	5.186563929780019e-02	5.248074602497726e-02
4609	5.108542572197539e-02	5.128613839913648e-02
4838	5.010716499248657e-02	5.011872336272722e-02
4860	4.868303841934074e-02	4.897788193684462e-02
5482	4.730702238766860e-02	4.786300923226382e-02
5502	4.654658069051731e-02	4.677351412871981e-02
5503	4.559473751666798e-02	4.570881896148749e-02
5729	4.440143194188861e-02	4.466835921509630e-02
6051	4.349390158421507e-02	4.365158322401658e-02
9616	4.222421487814698e-02	4.265795188015926e-02
9622	4.125877391719446e-02	4.168693834703355e-02
9641	4.020400590144657e-02	4.073802778041128e-02
9660	3.948864727699619e-02	3.981071705534973e-02
9758	3.890424960057204e-02	3.890451449942807e-02
17544	3.798532630773177e-02	3.801893963205612e-02
17562	3.709412958888347e-02	3.715352290971726e-02
17563	3.619070125948420e-02	3.630780547701014e-02
17564	3.506730740756414e-02	3.548133892335755e-02
17565	3.459359563252318e-02	3.467368504525317e-02
17585	3.367014497639198e-02	3.388441561392026e-02
17595	3.304370950604785e-02	3.311311214825911e-02
17615	3.223484033593160e-02	3.235936569296283e-02
17635	3.146969314238768e-02	3.162277660168379e-02
17650	3.087239950325837e-02	3.090295432513590e-02
17665	3.019598889413333e-02	3.019951720402016e-02
17690	2.940069017387759e-02	2.951209226666385e-02
17735	2.883143931159338e-02	2.884031503126606e-02
17975	2.818026131201790e-02	2.818382931264454e-02
18071	2.725011653754184e-02	2.754228703338166e-02
18096	2.678578127358622e-02	2.691534803926915e-02
18673	2.630126422753154e-02	2.630267991895381e-02
19813	2.561463163469835e-02	2.570395782768863e-02
20277	2.511035561606367e-02	2.511886431509579e-02
20638	2.424534088913932e-02	2.454708915685030e-02
21068	2.375418845552479e-02	2.398832919019490e-02
21418	2.343385928794017e-02	2.344228815319923e-02
21655	2.283750965443887e-02	2.290867652767773e-02
22461	2.237587052316781e-02	2.238721138568340e-02
23154	2.157965115546212e-02	2.187761623949553e-02
23328	2.134747550568417e-02	2.137962089502233e-02
23351	1.931654222646051e-02	1.949844599758046e-02
23357	1.745227477634270e-02	1.778279410038923e-02
23375	1.735690361509701e-02	1.737800828749375e-02
23383	1.658712164390796e-02	1.659586907437561e-02
23395	1.561117500621989e-02	1.584893192461113e-02
23400	1.500710881764600e-02	1.513561248436208e-02
23694	1.466430601142865e-02	1.479108388168207e-02
23715	1.393501153055132e-02	1.412537544622754e-02
23720	1.373501539725763e-02	1.380384264602885e-02
23900	1.331191376614127e-02	1.348962882591653e-02
23917	1.299261446139122e-02	1.318256738556407e-02
23934	1.253783576782130e-02	1.258925411794167e-02
23940	1.218395881210410e-02	1.230268770812382e-02
23952	1.195226057076026e-02	1.202264434617413e-02
24441	1.174884872723025e-02	1.174897554939530e-02
154013	1.147662002046357e-02	1.148153621496883e-02
154072	1.100982158630348e-02	1.122018454301964e-02
154078	1.059851247184052e-02	1.071519305237606e-02
154084	9.997452984417121e-03	1.000000000000000e-02
154102	9.525732600865422e-03	9.549925860214359e-03
154122	9.185048545336083e-03	9.332543007969915e-03
154139	9.116900821819374e-03	9.120108393559097e-03
154141	8.842222466557859e-03	8.912509381337459e-03
154142	8.422251010620774e-03	8.511380382023767e-03
154143	7.667783903219649e-03	7.762471166286920e-03
154149	6.999115341916551e-03	7.079457843841380e-03
154159	6.119130192430045e-03	6.165950018614822e-03
154552	5.841974692283536e-03	5.888436553555890e-03
154558	5.341135326979218e-03	5.370317963702527e-03
154570	4.924016251306007e-03	5.011872336272725e-03
154590	4.340827024898575e-03	4.365158322401661e-03
154612	3.784381501328649e-03	3.801893963205613e-03
154784	3.673121442358651e-03	3.715352290971724e-03
154789	3.307966794144579e-03	3.311311214825911e-03
154799	3.054914349593263e-03	3.090295432513592e-03
154804	2.980238659318069e-03	3.019951720402016e-03
154814	2.946459762166120e-03	2.951209226666387e-03
155113	2.841548930311966e-03	2.884031503126605e-03
155119	2.761409970313378e-03	2.818382931264455e-03
155136	2.638586099379947e-03	2.691534803926917e-03
155142	2.562198815604932e-03	2.570395782768865e-03
155171	2.386073249546317e-03	2.398832919019490e-03
155193	2.198250093206400e-03	2.238721138568340e-03
155194	2.184345153833145e-03	2.187761623949552e-03
155324	1.952482047652082e-03	1.995262314968879e-03
155329	1.937792474157596e-03	1.949844599758046e-03
155791	1.904686767835728e-03	1.905460717963246e-03
155852	1.855613356733454e-03	1.862087136662868e-03
155916	1.792683069069434e-03	1.819700858609983e-03
156194	1.771552563103573e-03	1.778279410038923e-03
156204	1.736528757824707e-03	1.737800828749376e-03
170162	1.693706362524305e-03	1.698243652461744e-03
170172	1.580645885328913e-03	1.584893192461114e-03
170173	1.544754914251212e-03	1.548816618912481e-03
170751	1.498886116502174e-03	1.513561248436209e-03
170833	1.478856267549622e-03	1.479108388168207e-03
182122	1.431662807794165e-03	1.445439770745928e-03
199996	1.426630951661179e-03	1.445439770745928e-03
%
% index = 773, name = bbob_f017_i19_d02__bbob_f021_i21_d02
% instance = 9, reference value = 9.757295339228390e-01
% function evaluation | indicator value | target hit
1	2.453561112692956e-01	2.454708915685030e-01
18	2.390019022313026e-01	2.398832919019490e-01
19	2.328168475667928e-01	2.344228815319922e-01
20	2.210651779907579e-01	2.238721138568339e-01
21	2.006518808676567e-01	2.041737944669530e-01
22	1.751229354137352e-01	1.778279410038923e-01
23	1.670107972568979e-01	1.698243652461744e-01
159	1.659276264988715e-01	1.659586907437560e-01
302	1.590071755352902e-01	1.621810097358930e-01
321	1.528925848842805e-01	1.548816618912481e-01
341	1.434338521618138e-01	1.445439770745928e-01
366	1.367947593036341e-01	1.380384264602885e-01
549	1.326363350246880e-01	1.348962882591654e-01
695	1.317279479610433e-01	1.318256738556407e-01
4089	1.219135378187713e-01	1.230268770812381e-01
4094	1.183709909726219e-01	1.202264434617413e-01
4095	1.123762885851352e-01	1.148153621496883e-01
4098	1.121999119911349e-01	1.122018454301964e-01
6899	1.096475254155896e-01	1.096478196143185e-01
49578	6.879814035806142e-02	6.918309709189366e-02
49590	6.757375213636196e-02	6.760829753919818e-02
49596	6.585033780495098e-02	6.606934480075961e-02
49611	6.284840663482305e-02	6.309573444801933e-02
49627	6.117748449286053e-02	6.165950018614822e-02
49632	5.819211495066889e-02	5.888436553555890e-02
49637	5.479963747842631e-02	5.495408738576246e-02
49642	2.567310142844181e-02	2.570395782768863e-02
49643	2.271132116108321e-02	2.290867652767773e-02
49644	2.237072223077663e-02	2.238721138568340e-02
49676	2.121827965319989e-02	2.137962089502233e-02
49692	2.031330777706641e-02	2.041737944669529e-02
49703	1.980421805713728e-02	1.995262314968880e-02
49708	1.291337676353110e-02	1.318256738556407e-02
49709	1.257368804327574e-02	1.258925411794167e-02
49725	1.221809073501401e-02	1.230268770812382e-02
49742	1.180972323890950e-02	1.202264434617413e-02
49758	1.046413623739784e-02	1.047128548050900e-02
50031	1.012952766607311e-02	1.023292992280754e-02
50051	9.948465918986460e-03	1.000000000000000e-02
50072	9.571621162729360e-03	9.772372209558112e-03
50077	9.355245569907633e-03	9.549925860214359e-03
50082	8.732113392915797e-03	8.912509381337459e-03
50325	8.704971430947173e-03	8.709635899560805e-03
72728	6.601005985365060e-03	6.606934480075957e-03
72920	5.913961129310086e-03	6.025595860743574e-03
72925	5.773352178556568e-03	5.888436553555890e-03
72930	5.745118592071607e-03	5.754399373371567e-03
73028	5.611211309601183e-03	5.623413251903491e-03
73051	5.444271646106724e-03	5.495408738576248e-03
79637	5.143554909575410e-03	5.248074602497728e-03
79654	4.810565895896790e-03	4.897788193684461e-03
79655	4.776399775313189e-03	4.786300923226385e-03
79671	4.519612644794946e-03	4.570881896148752e-03
79672	4.454390351949611e-03	4.466835921509630e-03
79688	4.291149756550428e-03	4.365158322401661e-03
79689	4.238926177906888e-03	4.265795188015926e-03
79706	4.134880167869448e-03	4.168693834703355e-03
80030	3.131074469170270e-03	3.162277660168379e-03
80391	3.063063155623436e-03	3.090295432513592e-03
80403	3.012155134936689e-03	3.019951720402016e-03
80409	2.707942618475068e-03	2.754228703338166e-03
80428	2.560516891770281e-03	2.570395782768865e-03
180656	2.495809158483242e-03	2.511886431509579e-03
181153	2.320370517042147e-03	2.344228815319923e-03
181158	2.290479656562594e-03	2.290867652767772e-03
181174	2.020688215319200e-03	2.041737944669530e-03
181179	1.605349854007398e-03	1.621810097358930e-03
181184	1.493317516278569e-03	1.513561248436209e-03
181204	1.474242742447007e-03	1.479108388168207e-03
181239	1.439635338690182e-03	1.445439770745928e-03
181329	1.411785274586741e-03	1.412537544622754e-03
182294	1.380350828875887e-03	1.380384264602885e-03
189535	1.348924443681732e-03	1.348962882591653e-03
194386	1.318097720194977e-03	1.318256738556408e-03
195185	1.287980896264251e-03	1.288249551693134e-03
200000	1.276199156690194e-03	1.288249551693134e-03
%
% index = 774, name = bbob_f017_i21_d02__bbob_f021_i22_d02
% instance = 10, reference value = 8.736181892907490e-01
% function evaluation | indicator value | target hit
1	1.083717088677749e+00	1.096478196143185e+00
19	1.068071759243749e+00	1.071519305237606e+00
21	1.022133829717749e+00	1.023292992280754e+00
22	9.605322394707488e-01	9.772372209558107e-01
23	8.652582615446675e-01	8.709635899560807e-01
866	8.507272723096450e-01	8.511380382023764e-01
1051	7.672362812640364e-01	7.762471166286917e-01
1692	7.499072672312206e-01	7.585775750291838e-01
1710	7.365097338697604e-01	7.413102413009175e-01
1726	7.165077188533943e-01	7.244359600749900e-01
1727	6.863178382516284e-01	6.918309709189365e-01
1738	6.756016684166632e-01	6.760829753919817e-01
1745	6.479533755904229e-01	6.606934480075960e-01
1755	6.330819821331007e-01	6.456542290346555e-01
1760	6.252679644401280e-01	6.309573444801932e-01
1767	6.124826121781655e-01	6.165950018614822e-01
2583	5.686317942369339e-01	5.754399373371569e-01
2588	4.744341254964556e-01	4.786300923226383e-01
28294	4.672735968948727e-01	4.677351412871982e-01
28463	4.561797956577031e-01	4.570881896148750e-01
33099	4.325385533197204e-01	4.365158322401660e-01
33580	4.265443895957766e-01	4.265795188015927e-01
35254	3.647146832810427e-01	3.715352290971726e-01
35271	3.629028600494807e-01	3.630780547701014e-01
35274	3.496268322864297e-01	3.548133892335755e-01
35275	3.338403990541314e-01	3.388441561392025e-01
35276	3.051191113666065e-01	3.090295432513591e-01
35281	2.766622772663327e-01	2.818382931264454e-01
35286	2.420785306174592e-01	2.454708915685030e-01
35291	2.333257699428369e-01	2.344228815319922e-01
35296	2.121481721865578e-01	2.137962089502232e-01
35311	2.060019015620669e-01	2.089296130854039e-01
35316	2.019018943457008e-01	2.041737944669530e-01
35664	1.994967008174938e-01	1.995262314968880e-01
35746	1.943230386965472e-01	1.949844599758045e-01
35773	1.904877686331080e-01	1.905460717963247e-01
35802	1.838378217364447e-01	1.862087136662867e-01
35824	1.787306895585486e-01	1.819700858609984e-01
36599	1.769092608303877e-01	1.778279410038923e-01
36600	1.728176817107484e-01	1.737800828749375e-01
36951	1.698210869277049e-01	1.698243652461744e-01
37055	1.638349162289688e-01	1.659586907437560e-01
37075	1.619790401367014e-01	1.621810097358930e-01
44009	1.532548609696150e-01	1.548816618912481e-01
44019	1.447291294599095e-01	1.479108388168208e-01
44024	1.385325344319954e-01	1.412537544622754e-01
44034	1.353474541827971e-01	1.380384264602885e-01
44044	1.331740146352925e-01	1.348962882591654e-01
45228	1.316378091378483e-01	1.318256738556407e-01
45272	1.278877411848204e-01	1.288249551693134e-01
45287	1.251216816855644e-01	1.258925411794167e-01
45302	1.228450031329751e-01	1.230268770812381e-01
45322	1.202100214775236e-01	1.202264434617413e-01
45347	1.173317510081239e-01	1.174897554939529e-01
45372	1.146111929726651e-01	1.148153621496883e-01
45397	1.117786792640417e-01	1.122018454301964e-01
45417	1.092945583453451e-01	1.096478196143185e-01
45437	1.065438143843779e-01	1.071519305237607e-01
45452	1.042947138976346e-01	1.047128548050900e-01
45467	1.018908420122648e-01	1.023292992280754e-01
45482	9.939228873517469e-02	1.000000000000000e-01
45492	9.769806729868413e-02	9.772372209558107e-02
45507	9.517717422316696e-02	9.549925860214359e-02
45522	9.274758365822644e-02	9.332543007969910e-02
45537	9.047744342950748e-02	9.120108393559097e-02
45547	8.907773707337674e-02	8.912509381337455e-02
45567	8.657359230295569e-02	8.709635899560805e-02
45582	8.496352904781201e-02	8.511380382023763e-02
45602	8.315831673343810e-02	8.317637711026708e-02
45632	8.107087403143920e-02	8.128305161640990e-02
45667	7.935774747477631e-02	7.943282347242814e-02
45727	7.747150088343069e-02	7.762471166286916e-02
45752	7.546261534859622e-02	7.585775750291836e-02
45768	7.410659671916586e-02	7.413102413009177e-02
45998	7.138385470817232e-02	7.244359600749903e-02
46004	7.010984134786202e-02	7.079457843841380e-02
46068	6.434566892655103e-02	6.456542290346556e-02
46073	5.973365062031244e-02	6.025595860743578e-02
46267	5.654925467800120e-02	5.754399373371569e-02
46272	3.901957724215299e-02	3.981071705534973e-02
46282	3.832381692996367e-02	3.890451449942807e-02
46529	3.797494625818831e-02	3.801893963205612e-02
53336	3.708104470097262e-02	3.715352290971726e-02
53396	3.627432964611599e-02	3.630780547701014e-02
53496	3.548012707315018e-02	3.548133892335755e-02
53736	3.466706994273183e-02	3.467368504525317e-02
55696	3.388405466335087e-02	3.388441561392026e-02
114868	3.274042097728291e-02	3.311311214825911e-02
114895	3.202945884787023e-02	3.235936569296283e-02
114900	3.135001586246755e-02	3.162277660168379e-02
114913	3.056821558863476e-02	3.090295432513590e-02
114943	3.014853074749413e-02	3.019951720402016e-02
115590	2.949355526050779e-02	2.951209226666385e-02
130595	2.874489603612973e-02	2.884031503126606e-02
130905	2.813247408735164e-02	2.818382931264454e-02
132051	2.580975140654251e-02	2.630267991895381e-02
132056	2.509703265847019e-02	2.511886431509579e-02
132899	2.454466993916526e-02	2.454708915685030e-02
199999	2.429711559283265e-02	2.454708915685030e-02
