%
% index = 750, name = bbob_f017_i02_d02__bbob_f020_i04_d02
% instance = 1, reference value = 9.408606229564020e-01
% function evaluation | indicator value | target hit
1	3.216650730114653e-01	3.235936569296283e-01
28	3.128234958384289e-01	3.162277660168379e-01
33	3.017512732225216e-01	3.019951720402016e-01
38	2.873354284942509e-01	2.884031503126606e-01
43	2.706738283450915e-01	2.754228703338166e-01
48	2.537459983049208e-01	2.570395782768864e-01
53	2.398594387560670e-01	2.398832919019490e-01
58	2.341654330109126e-01	2.344228815319922e-01
5342	2.196575810443671e-01	2.238721138568339e-01
5347	2.134856641932690e-01	2.137962089502232e-01
5352	1.989883822107247e-01	1.995262314968880e-01
5357	1.878397263938519e-01	1.905460717963247e-01
5362	1.692744156459627e-01	1.698243652461744e-01
5367	1.553718199458300e-01	1.584893192461113e-01
5372	1.487340425976976e-01	1.513561248436208e-01
5377	1.408666219079666e-01	1.412537544622754e-01
5387	1.297581983084628e-01	1.318256738556407e-01
5397	1.274749272840244e-01	1.288249551693134e-01
5407	1.251296788933589e-01	1.258925411794167e-01
5527	1.218688710267473e-01	1.230268770812381e-01
5546	1.193287227511924e-01	1.202264434617413e-01
5567	1.170345128677952e-01	1.174897554939529e-01
5806	1.148125696295389e-01	1.148153621496883e-01
5814	1.118132687415331e-01	1.122018454301964e-01
5815	1.056881877845668e-01	1.071519305237607e-01
5975	9.733141870115658e-02	9.772372209558107e-02
6109	9.506106846753626e-02	9.549925860214359e-02
6434	9.232095985093292e-02	9.332543007969910e-02
6446	9.089299170117127e-02	9.120108393559097e-02
6467	8.853050297394316e-02	8.912509381337455e-02
6486	8.667448497477648e-02	8.709635899560805e-02
6487	8.395792769989641e-02	8.511380382023763e-02
6488	7.766779689848669e-02	7.943282347242814e-02
6489	7.093099015027882e-02	7.244359600749903e-02
6494	6.908062600285336e-02	6.918309709189366e-02
6721	6.747391645306500e-02	6.760829753919818e-02
7112	6.590466692800034e-02	6.606934480075961e-02
7160	6.185024670820605e-02	6.309573444801933e-02
7182	5.814559089738469e-02	5.888436553555890e-02
7183	4.755610506995622e-02	4.786300923226382e-02
7188	4.394513588532711e-02	4.466835921509630e-02
7380	4.359464676296410e-02	4.365158322401658e-02
7791	4.259102470953713e-02	4.265795188015926e-02
7909	3.869040109972111e-02	3.890451449942807e-02
7910	2.920978007411212e-02	2.951209226666385e-02
7915	2.612724577582348e-02	2.630267991895381e-02
8185	2.515893635627653e-02	2.570395782768863e-02
8249	2.511050117624092e-02	2.511886431509579e-02
8376	2.327257072876587e-02	2.344228815319923e-02
8666	2.283270822924865e-02	2.290867652767773e-02
8789	1.787257385645247e-02	1.819700858609984e-02
9051	1.425915179680581e-02	1.445439770745927e-02
9127	1.408885546930205e-02	1.412537544622754e-02
9147	1.369362346746372e-02	1.380384264602885e-02
9167	1.322158637007864e-02	1.348962882591653e-02
9189	1.244016921228897e-02	1.258925411794167e-02
9213	1.169098173189698e-02	1.174897554939530e-02
9548	1.138488214348554e-02	1.148153621496883e-02
9905	8.079524278873373e-03	8.128305161640995e-03
9915	7.885805453728856e-03	7.943282347242814e-03
10300	7.759950210768807e-03	7.762471166286920e-03
20698	6.592424709876088e-03	6.606934480075957e-03
20699	5.505964309866385e-03	5.623413251903491e-03
20704	5.131620254788638e-03	5.248074602497728e-03
20710	5.128491916599920e-03	5.128613839913648e-03
20720	4.951422801213967e-03	5.011872336272725e-03
20735	4.895123435884940e-03	4.897788193684461e-03
22282	4.779715208872437e-03	4.786300923226385e-03
22697	4.677100791124933e-03	4.677351412871981e-03
93518	3.853008528566515e-03	3.890451449942805e-03
93524	2.891700231297922e-03	2.951209226666387e-03
93529	2.717354006702366e-03	2.754228703338166e-03
93534	2.672570394079643e-03	2.691534803926917e-03
93541	2.511273546563109e-03	2.511886431509579e-03
93551	2.312335950117372e-03	2.344228815319923e-03
93556	2.254039339777969e-03	2.290867652767772e-03
93561	2.232509426733698e-03	2.238721138568340e-03
93811	2.170899394271619e-03	2.187761623949552e-03
93823	2.136185278075353e-03	2.137962089502233e-03
93861	1.901147491522037e-03	1.905460717963246e-03
93883	1.601141768291847e-03	1.621810097358930e-03
93993	1.530560065977737e-03	1.548816618912481e-03
94064	1.513504569969126e-03	1.513561248436209e-03
94105	1.474045276178670e-03	1.479108388168207e-03
94517	1.381445547916083e-03	1.412537544622754e-03
94523	1.368931879203839e-03	1.380384264602885e-03
94583	1.336362970459248e-03	1.348962882591653e-03
94589	1.310742966213030e-03	1.318256738556408e-03
94595	1.262724663254722e-03	1.288249551693134e-03
94601	1.178414182117726e-03	1.202264434617413e-03
94613	1.059076625432143e-03	1.071519305237606e-03
94625	9.943679396209326e-04	1.000000000000000e-03
94880	7.482065573010122e-04	7.585775750291835e-04
95033	6.767914929122210e-04	6.918309709189362e-04
95090	6.748392100354161e-04	6.760829753919819e-04
200000	6.632480085495551e-04	6.760829753919819e-04
%
% index = 751, name = bbob_f017_i03_d02__bbob_f020_i05_d02
% instance = 2, reference value = 9.099559200961030e-01
% function evaluation | indicator value | target hit
1	1.660647058109946e-01	1.698243652461744e-01
16	1.659123267471059e-01	1.659586907437560e-01
21	1.616850558399213e-01	1.621810097358930e-01
22	1.582637351666180e-01	1.584893192461113e-01
23	1.539099197203216e-01	1.548816618912481e-01
33	1.469923898618711e-01	1.479108388168208e-01
55	1.435158104934555e-01	1.445439770745928e-01
775	1.405300812291358e-01	1.412537544622754e-01
925	1.373374676010358e-01	1.380384264602885e-01
1233	1.301374940729564e-01	1.318256738556407e-01
1238	1.282258242071356e-01	1.288249551693134e-01
1610	1.257489877311216e-01	1.258925411794167e-01
1875	1.223583067734689e-01	1.230268770812381e-01
2572	1.198578063957293e-01	1.202264434617413e-01
7194	9.195071711801317e-02	9.332543007969910e-02
7199	8.753069606923058e-02	8.912509381337455e-02
7204	8.705834657359557e-02	8.709635899560805e-02
7229	8.164150859006647e-02	8.317637711026708e-02
7234	8.119491054833627e-02	8.128305161640990e-02
7249	7.738482470956976e-02	7.762471166286916e-02
7269	7.365049371735177e-02	7.413102413009177e-02
7289	7.065407986701988e-02	7.079457843841380e-02
7294	6.807758237945538e-02	6.918309709189366e-02
7309	6.647166024142559e-02	6.760829753919818e-02
7314	6.439297222395757e-02	6.456542290346556e-02
7339	6.193818729210210e-02	6.309573444801933e-02
7344	6.094591511948821e-02	6.165950018614822e-02
7349	5.977995935192260e-02	6.025595860743578e-02
7532	5.857824708588055e-02	5.888436553555890e-02
8265	5.707441102005939e-02	5.754399373371569e-02
8275	5.623360347957573e-02	5.623413251903491e-02
8452	5.490810050280293e-02	5.495408738576246e-02
17240	5.306473921958821e-02	5.370317963702527e-02
17241	3.404020902068006e-02	3.467368504525317e-02
17242	2.983181002953539e-02	3.019951720402016e-02
17258	2.692309581934571e-02	2.754228703338166e-02
17263	2.671534910172946e-02	2.691534803926915e-02
17346	2.599087815336976e-02	2.630267991895381e-02
17352	2.546753971808691e-02	2.570395782768863e-02
17364	2.500579675086401e-02	2.511886431509579e-02
17654	2.219982774952145e-02	2.238721138568340e-02
17921	2.182960900212527e-02	2.187761623949553e-02
19181	1.808727531034282e-02	1.819700858609984e-02
19182	1.390147555311294e-02	1.412537544622754e-02
19183	1.369886367324946e-02	1.380384264602885e-02
19198	1.217963334178174e-02	1.230268770812382e-02
19203	1.052701289271119e-02	1.071519305237606e-02
19208	1.017003622694190e-02	1.023292992280754e-02
19213	9.842586231865291e-03	1.000000000000000e-02
19218	9.679105770455054e-03	9.772372209558112e-03
19317	9.384445411379283e-03	9.549925860214359e-03
19339	9.312757083477785e-03	9.332543007969915e-03
19493	9.113535760746694e-03	9.120108393559097e-03
19552	8.422626116338039e-03	8.511380382023767e-03
19557	7.559121200852892e-03	7.585775750291836e-03
19936	7.401594746614726e-03	7.413102413009177e-03
21406	5.440596214408511e-03	5.495408738576248e-03
21412	5.368207938830971e-03	5.370317963702527e-03
21417	4.942379054165280e-03	5.011872336272725e-03
21427	4.844381545460297e-03	4.897788193684461e-03
21437	4.742646709202658e-03	4.786300923226385e-03
21447	4.647407687064398e-03	4.677351412871981e-03
21457	4.546702444483075e-03	4.570881896148752e-03
21462	4.462584508050482e-03	4.466835921509630e-03
21477	4.353362590015175e-03	4.365158322401661e-03
21502	4.264918393863115e-03	4.265795188015926e-03
21532	4.149474058704472e-03	4.168693834703355e-03
21552	4.072601020677080e-03	4.073802778041126e-03
200000	4.002785114076146e-03	4.073802778041126e-03
%
% index = 752, name = bbob_f017_i07_d02__bbob_f020_i08_d02
% instance = 3, reference value = 9.415933219511490e-01
% function evaluation | indicator value | target hit
1	1.262710916157649e+00	1.288249551693134e+00
19	1.256088565211149e+00	1.258925411794167e+00
22	1.210990447569149e+00	1.230268770812382e+00
23	1.162220414659649e+00	1.174897554939530e+00
28	1.113886507248649e+00	1.122018454301963e+00
33	1.038876925522649e+00	1.047128548050900e+00
38	9.835794123296489e-01	1.000000000000000e+00
43	9.456923417761489e-01	9.549925860214360e-01
48	9.266409901905235e-01	9.332543007969910e-01
183	9.105481028652677e-01	9.120108393559098e-01
201	8.765039457097001e-01	8.912509381337456e-01
219	8.518451758873936e-01	8.709635899560807e-01
240	8.500194073297352e-01	8.511380382023764e-01
926	6.954488559053454e-01	7.079457843841379e-01
946	6.915952042577544e-01	6.918309709189365e-01
162945	6.636931146734362e-01	6.760829753919817e-01
162981	6.508815444157617e-01	6.606934480075960e-01
163016	6.436510341614858e-01	6.456542290346555e-01
196152	6.206459076506807e-01	6.309573444801932e-01
196199	6.050720695512998e-01	6.165950018614822e-01
196241	5.882778276597531e-01	5.888436553555889e-01
196282	5.744279987401737e-01	5.754399373371569e-01
200000	5.637328581697185e-01	5.754399373371569e-01
%
% index = 753, name = bbob_f017_i09_d02__bbob_f020_i10_d02
% instance = 4, reference value = 9.860389804619090e-01
% function evaluation | indicator value | target hit
1	5.587543617892179e-01	5.623413251903491e-01
17	5.427854994348265e-01	5.495408738576245e-01
18	5.280301417427429e-01	5.370317963702527e-01
19	5.021295737018978e-01	5.128613839913648e-01
20	4.644981416659707e-01	4.677351412871982e-01
21	4.438163550649744e-01	4.466835921509631e-01
67	4.347821529987853e-01	4.365158322401660e-01
144	4.265795159403518e-01	4.265795188015927e-01
1016	3.980505038855578e-01	3.981071705534972e-01
1031	3.867772625557427e-01	3.890451449942806e-01
1036	3.576449652223537e-01	3.630780547701014e-01
1042	3.527277287020522e-01	3.548133892335755e-01
1052	3.186230137265204e-01	3.235936569296283e-01
1053	3.152944004892955e-01	3.162277660168379e-01
1068	2.803205306404554e-01	2.818382931264454e-01
1074	2.750305590519022e-01	2.754228703338166e-01
1084	2.462849330439386e-01	2.511886431509580e-01
1085	2.435622305573285e-01	2.454708915685030e-01
1095	2.396293153446485e-01	2.398832919019490e-01
1100	2.153714735876076e-01	2.187761623949552e-01
1101	2.133184176527365e-01	2.137962089502232e-01
1116	1.933880447309503e-01	1.949844599758045e-01
1121	1.752434973936035e-01	1.778279410038923e-01
1126	1.640460261865705e-01	1.659586907437560e-01
1131	1.501313618182982e-01	1.513561248436208e-01
1136	1.361349559100054e-01	1.380384264602885e-01
1141	1.221186432739121e-01	1.230268770812381e-01
1146	1.104417913634188e-01	1.122018454301964e-01
1151	1.007264633055271e-01	1.023292992280754e-01
1156	9.244896451534013e-02	9.332543007969910e-02
1166	8.501993372639194e-02	8.511380382023763e-02
1171	7.990626725221595e-02	8.128305161640990e-02
1176	7.741132042575594e-02	7.762471166286916e-02
1181	6.637927802468702e-02	6.760829753919818e-02
1182	6.509592342498816e-02	6.606934480075961e-02
1187	6.441136723506247e-02	6.456542290346556e-02
1192	6.286725952241667e-02	6.309573444801933e-02
1197	5.314554221783874e-02	5.370317963702527e-02
1198	5.156706949188539e-02	5.248074602497726e-02
1203	5.102570294498587e-02	5.128613839913648e-02
1208	4.978074114405540e-02	5.011872336272722e-02
1218	4.892586014856037e-02	4.897788193684462e-02
1468	4.717904623762015e-02	4.786300923226382e-02
1491	4.551821060409589e-02	4.570881896148749e-02
1516	4.307454341294248e-02	4.365158322401658e-02
1543	3.683531037732024e-02	3.715352290971726e-02
1728	3.372917467959879e-02	3.388441561392026e-02
2071	3.288032907761018e-02	3.311311214825911e-02
2119	3.167316344473392e-02	3.235936569296283e-02
2146	3.063723103223570e-02	3.090295432513590e-02
2175	2.820203844860791e-02	2.884031503126606e-02
2197	2.709617106911166e-02	2.754228703338166e-02
2198	2.605214086250929e-02	2.630267991895381e-02
2383	2.570340490026135e-02	2.570395782768863e-02
2762	2.481255741758814e-02	2.511886431509579e-02
2794	2.442913057271645e-02	2.454708915685030e-02
2815	2.382053721110444e-02	2.398832919019490e-02
2821	2.341732735366653e-02	2.344228815319923e-02
200000	2.300003588506194e-02	2.344228815319923e-02
%
% index = 754, name = bbob_f017_i11_d02__bbob_f020_i12_d02
% instance = 5, reference value = 9.711288974121350e-01
% function evaluation | indicator value | target hit
1	7.532880787362006e-01	7.585775750291838e-01
22	7.344886459593882e-01	7.413102413009175e-01
23	7.153230537022299e-01	7.244359600749900e-01
28	6.841875130393827e-01	6.918309709189365e-01
33	6.377584660729654e-01	6.456542290346555e-01
38	6.011917463909875e-01	6.025595860743578e-01
43	5.297520045695197e-01	5.370317963702527e-01
48	5.221849123279018e-01	5.248074602497725e-01
53	4.895392525362400e-01	4.897788193684462e-01
58	3.934249452030423e-01	3.981071705534972e-01
158	3.883213773787468e-01	3.890451449942806e-01
202	3.761655882767817e-01	3.801893963205612e-01
227	3.613233163805997e-01	3.630780547701014e-01
264	3.372454373494213e-01	3.388441561392025e-01
314	3.073547993790114e-01	3.090295432513591e-01
333	3.019289784834345e-01	3.019951720402016e-01
335	2.871044763514763e-01	2.884031503126606e-01
336	2.707351222948793e-01	2.754228703338166e-01
677	2.652798477169989e-01	2.691534803926916e-01
697	2.438608969127466e-01	2.454708915685030e-01
1352	2.351655979397325e-01	2.398832919019490e-01
1357	2.182405570397267e-01	2.187761623949552e-01
1397	2.130476848084843e-01	2.137962089502232e-01
1442	2.085244843568289e-01	2.089296130854039e-01
1517	2.039219864439544e-01	2.041737944669530e-01
3324	1.614105871033040e-01	1.621810097358930e-01
3342	1.581149870356652e-01	1.584893192461113e-01
3343	1.548579755948732e-01	1.548816618912481e-01
3344	1.485060633992739e-01	1.513561248436208e-01
3345	1.367274212179607e-01	1.380384264602885e-01
3346	1.183361110956929e-01	1.202264434617413e-01
3351	1.068737127121525e-01	1.071519305237607e-01
3361	1.022995342483559e-01	1.023292992280754e-01
3366	9.880579766592634e-02	1.000000000000000e-01
3371	9.590042081846217e-02	9.772372209558107e-02
3376	9.388089797982557e-02	9.549925860214359e-02
3381	8.989887366697946e-02	9.120108393559097e-02
3386	8.606335749169025e-02	8.709635899560805e-02
3391	8.399148710688520e-02	8.511380382023763e-02
3396	8.085389465328729e-02	8.128305161640990e-02
3401	7.868227775697856e-02	7.943282347242814e-02
3406	7.668164515958853e-02	7.762471166286916e-02
3411	7.351962481945695e-02	7.413102413009177e-02
3416	7.068889526715916e-02	7.079457843841380e-02
3426	6.747398230317492e-02	6.760829753919818e-02
3436	6.558921683831154e-02	6.606934480075961e-02
3441	6.300258924435798e-02	6.309573444801933e-02
3446	6.078592448189180e-02	6.165950018614822e-02
3451	5.970624300192795e-02	6.025595860743578e-02
3456	5.768693857464224e-02	5.888436553555890e-02
3461	5.606949405741646e-02	5.623413251903491e-02
3466	5.432336362236212e-02	5.495408738576246e-02
3471	5.330790621583703e-02	5.370317963702527e-02
3476	5.139030823307456e-02	5.248074602497726e-02
3481	5.020286745119995e-02	5.128613839913648e-02
3486	4.881245763399389e-02	4.897788193684462e-02
3491	4.768831172118027e-02	4.786300923226382e-02
3496	4.612621669765715e-02	4.677351412871981e-02
3501	4.497138216293894e-02	4.570881896148749e-02
3506	4.392992687603325e-02	4.466835921509630e-02
3511	4.310525030385892e-02	4.365158322401658e-02
3516	4.248242133612168e-02	4.265795188015926e-02
3526	4.074984092708256e-02	4.168693834703355e-02
3531	4.019296545163198e-02	4.073802778041128e-02
3536	3.975163818458038e-02	3.981071705534973e-02
4083	3.877450203770505e-02	3.890451449942807e-02
4152	3.775185133911185e-02	3.801893963205612e-02
4234	3.688764853569593e-02	3.715352290971726e-02
4239	3.530556900757753e-02	3.548133892335755e-02
4506	3.464767353246723e-02	3.467368504525317e-02
4511	3.208355180313105e-02	3.235936569296283e-02
4962	3.161550638794441e-02	3.162277660168379e-02
5197	3.068799208607642e-02	3.090295432513590e-02
5479	3.019904541388152e-02	3.019951720402016e-02
58301	2.602250011107499e-02	2.630267991895381e-02
58302	2.341052118506048e-02	2.344228815319923e-02
58317	2.115100355768373e-02	2.137962089502233e-02
58338	2.055674181395417e-02	2.089296130854040e-02
58359	2.035495322100267e-02	2.041737944669529e-02
59309	1.995225581861804e-02	1.995262314968880e-02
59730	1.084252868919788e-02	1.096478196143185e-02
59753	9.693453856377099e-03	9.772372209558112e-03
59770	9.508559447852116e-03	9.549925860214359e-03
59772	9.174540740418569e-03	9.332543007969915e-03
60317	8.047901859025819e-03	8.128305161640995e-03
60438	7.922212347547086e-03	7.943282347242814e-03
64364	6.189307761902185e-03	6.309573444801930e-03
64380	6.154635829912158e-03	6.165950018614822e-03
64383	6.020923580211779e-03	6.025595860743574e-03
64400	5.880036510176878e-03	5.888436553555890e-03
64416	5.753220708984874e-03	5.754399373371567e-03
64434	5.621863423867945e-03	5.623413251903491e-03
64456	5.494863637467096e-03	5.495408738576248e-03
64468	5.357924659798452e-03	5.370317963702527e-03
64484	5.227533954175190e-03	5.248074602497728e-03
64502	5.120821856195557e-03	5.128613839913648e-03
64530	4.994454132432047e-03	5.011872336272725e-03
64536	4.894168506240137e-03	4.897788193684461e-03
64554	4.783603597615538e-03	4.786300923226385e-03
64570	4.646619738271518e-03	4.677351412871981e-03
64577	4.569869906035362e-03	4.570881896148752e-03
64829	4.437810310755408e-03	4.466835921509630e-03
64835	4.354816027966724e-03	4.365158322401661e-03
64873	4.194472669999838e-03	4.265795188015926e-03
64874	3.709654546388164e-03	3.715352290971724e-03
64875	3.584310565667992e-03	3.630780547701014e-03
64909	3.411287293853538e-03	3.467368504525317e-03
65213	3.373392013449106e-03	3.388441561392024e-03
65301	3.303069821343541e-03	3.311311214825911e-03
65319	3.217100677548212e-03	3.235936569296281e-03
65548	2.804145226404375e-03	2.818382931264455e-03
65677	2.369131709530681e-03	2.398832919019490e-03
65692	2.302314713678921e-03	2.344228815319923e-03
65763	2.284474365948364e-03	2.290867652767772e-03
65804	2.200763109315274e-03	2.238721138568340e-03
65810	2.161572109528165e-03	2.187761623949552e-03
65987	2.119012080054716e-03	2.137962089502233e-03
66005	2.085782837740746e-03	2.089296130854039e-03
66063	1.271805087481592e-03	1.288249551693134e-03
66268	1.199036389467611e-03	1.202264434617413e-03
66278	1.141529011658426e-03	1.148153621496883e-03
66373	1.121315206360274e-03	1.122018454301963e-03
66630	1.095703412649751e-03	1.096478196143185e-03
66671	1.065683732203393e-03	1.071519305237606e-03
66735	8.493045948232414e-04	8.511380382023768e-04
67045	5.208867613951673e-04	5.248074602497728e-04
67066	4.445964921083734e-04	4.466835921509630e-04
67584	4.283248371147463e-04	4.365158322401661e-04
67597	4.261704431547386e-04	4.265795188015926e-04
67605	4.159465205413326e-04	4.168693834703355e-04
67621	4.070051805203923e-04	4.073802778041126e-04
68672	3.503704703298194e-04	3.548133892335753e-04
200000	3.481139171044312e-04	3.548133892335753e-04
%
% index = 755, name = bbob_f017_i13_d02__bbob_f020_i14_d02
% instance = 6, reference value = 9.114165196774540e-01
% function evaluation | indicator value | target hit
1	1.201020778880183e+01	1.202264434617413e+01
22	1.161652133038358e+01	1.174897554939530e+01
23	1.106290694328409e+01	1.122018454301964e+01
28	1.035918291017909e+01	1.047128548050900e+01
33	9.312176217545636e+00	9.332543007969910e+00
38	8.686369830170776e+00	8.709635899560805e+00
43	8.221850802147976e+00	8.317637711026711e+00
48	7.948124505966315e+00	8.128305161640993e+00
53	7.769497375227788e+00	7.943282347242816e+00
58	7.558944547477791e+00	7.585775750291837e+00
63	7.333628500806877e+00	7.413102413009175e+00
68	7.109144951657113e+00	7.244359600749901e+00
73	6.905848769922001e+00	6.918309709189364e+00
78	6.693494740882312e+00	6.760829753919817e+00
83	6.495270231167395e+00	6.606934480075959e+00
88	6.289331747503851e+00	6.309573444801933e+00
93	6.099959666786369e+00	6.165950018614822e+00
98	5.901675976083596e+00	6.025595860743578e+00
103	5.720232042919925e+00	5.754399373371569e+00
108	5.529311154708958e+00	5.623413251903491e+00
113	5.356038453058324e+00	5.370317963702527e+00
118	5.172755496404410e+00	5.248074602497725e+00
123	5.007958380044547e+00	5.011872336272722e+00
128	4.832759984749533e+00	4.897788193684462e+00
133	4.676913840943015e+00	4.677351412871983e+00
138	4.510334705337922e+00	4.570881896148751e+00
143	4.363845268055680e+00	4.365158322401660e+00
148	4.206273409224775e+00	4.265795188015927e+00
153	4.069293308253629e+00	4.073802778041127e+00
158	3.920804762200443e+00	3.981071705534972e+00
163	3.793159488542963e+00	3.801893963205611e+00
168	3.653488519938958e+00	3.715352290971725e+00
173	3.534743911690607e+00	3.548133892335755e+00
178	3.403391819020139e+00	3.467368504525317e+00
183	3.293013915787490e+00	3.311311214825911e+00
188	3.169428668024566e+00	3.235936569296283e+00
193	3.066952634596316e+00	3.090295432513591e+00
198	2.950695828676899e+00	2.951209226666386e+00
203	2.855837639016517e+00	2.884031503126606e+00
208	2.746678240963301e+00	2.754228703338166e+00
213	2.659357727909325e+00	2.691534803926916e+00
218	2.557272143874458e+00	2.570395782768863e+00
223	2.477556754152734e+00	2.511886431509580e+00
228	2.382653571273669e+00	2.398832919019490e+00
233	2.310661275163274e+00	2.344228815319922e+00
238	2.223077236023670e+00	2.238721138568339e+00
243	2.158890074872275e+00	2.187761623949553e+00
248	2.078710559481196e+00	2.089296130854040e+00
253	2.022337864297182e+00	2.041737944669529e+00
258	1.949576520867842e+00	1.949844599758045e+00
263	1.900975639453543e+00	1.905460717963247e+00
268	1.835614832811122e+00	1.862087136662868e+00
273	1.794746859618808e+00	1.819700858609983e+00
278	1.736811195643984e+00	1.737800828749375e+00
288	1.653310912365759e+00	1.659586907437561e+00
298	1.585430244802266e+00	1.621810097358930e+00
303	1.568006862423909e+00	1.584893192461114e+00
308	1.533499245491163e+00	1.548816618912481e+00
318	1.497535598788545e+00	1.513561248436208e+00
328	1.476867218251667e+00	1.479108388168207e+00
2244	1.223558624364454e+00	1.230268770812382e+00
2263	1.188163387413954e+00	1.202264434617413e+00
3291	9.328062575729539e-01	9.332543007969910e-01
9654	9.019700185525399e-01	9.120108393559098e-01
9659	8.759934543866308e-01	8.912509381337456e-01
9664	8.616205453494854e-01	8.709635899560807e-01
9669	8.356688663696297e-01	8.511380382023764e-01
9674	8.223726393539866e-01	8.317637711026710e-01
9679	7.991863786324821e-01	8.128305161640993e-01
9684	7.870653202803011e-01	7.943282347242815e-01
9689	7.666505772730634e-01	7.762471166286917e-01
9694	7.557669279868617e-01	7.585775750291838e-01
9699	7.380724900209423e-01	7.413102413009175e-01
9709	7.133300978414127e-01	7.244359600749900e-01
9714	7.048780910493062e-01	7.079457843841379e-01
9724	6.847431825076655e-01	6.918309709189365e-01
9729	6.740082121074689e-01	6.760829753919817e-01
9739	6.585117952278503e-01	6.606934480075960e-01
9749	6.451922603016738e-01	6.456542290346555e-01
9764	6.293540933586862e-01	6.309573444801932e-01
9779	6.150459392389083e-01	6.165950018614822e-01
9799	6.010119917424633e-01	6.025595860743578e-01
9824	5.886454591591646e-01	5.888436553555889e-01
9869	5.748398257796890e-01	5.754399373371569e-01
10004	5.622854206770054e-01	5.623413251903491e-01
117538	5.312101195175727e-01	5.370317963702527e-01
117543	4.811502544148990e-01	4.897788193684462e-01
117548	4.755833007327861e-01	4.786300923226383e-01
117553	4.195039723770808e-01	4.265795188015927e-01
118788	4.055937938472407e-01	4.073802778041127e-01
118804	3.970629473014958e-01	3.981071705534972e-01
118809	3.835489331748488e-01	3.890451449942806e-01
118819	3.506141387247432e-01	3.548133892335755e-01
118829	3.238885975452191e-01	3.311311214825911e-01
118834	3.201096484419252e-01	3.235936569296283e-01
118839	2.979609052024118e-01	3.019951720402016e-01
118844	2.934932944219191e-01	2.951209226666385e-01
118849	2.753701266338356e-01	2.754228703338166e-01
118859	2.560497525113297e-01	2.570395782768864e-01
118869	2.399120807845924e-01	2.454708915685030e-01
118874	2.357083349320088e-01	2.398832919019490e-01
118879	2.265758227178402e-01	2.290867652767773e-01
118884	2.227617846157628e-01	2.238721138568339e-01
118889	2.155308477964496e-01	2.187761623949552e-01
118894	2.121133423703667e-01	2.137962089502232e-01
118899	2.063126304081768e-01	2.089296130854039e-01
118904	2.032690145219044e-01	2.041737944669530e-01
118909	1.985483688309790e-01	1.995262314968880e-01
118919	1.919514495638672e-01	1.949844599758045e-01
118924	1.895535893032526e-01	1.905460717963247e-01
118934	1.841774717465094e-01	1.862087136662867e-01
118939	1.814379274058328e-01	1.819700858609984e-01
118949	1.772228126254995e-01	1.778279410038923e-01
118959	1.735541632763796e-01	1.737800828749375e-01
118974	1.690261536429495e-01	1.698243652461744e-01
118989	1.650548662437941e-01	1.659586907437560e-01
119004	1.619251286267560e-01	1.621810097358930e-01
119024	1.584328214220714e-01	1.584893192461113e-01
119054	1.544520311667728e-01	1.548816618912481e-01
119089	1.510972822411549e-01	1.513561248436208e-01
119139	1.478395850141033e-01	1.479108388168208e-01
119224	1.445242520386365e-01	1.445439770745928e-01
119289	1.409306828268004e-01	1.412537544622754e-01
119309	1.377276558730625e-01	1.380384264602885e-01
151390	1.344389315827231e-01	1.348962882591654e-01
151400	1.311817512201706e-01	1.318256738556407e-01
151410	1.276947130526265e-01	1.288249551693134e-01
151420	1.246382377052430e-01	1.258925411794167e-01
151435	1.226771142913969e-01	1.230268770812381e-01
151455	1.201291410769251e-01	1.202264434617413e-01
151470	1.154955604863896e-01	1.174897554939529e-01
151480	1.126115767871189e-01	1.148153621496883e-01
151485	1.120355818775520e-01	1.122018454301964e-01
151490	1.088123344552679e-01	1.096478196143185e-01
151500	1.054991373516564e-01	1.071519305237607e-01
151510	1.026451428717464e-01	1.047128548050900e-01
151515	1.021366414233624e-01	1.023292992280754e-01
151525	9.972568717516495e-02	1.000000000000000e-01
151535	9.767488244032507e-02	9.772372209558107e-02
151550	9.482892599510040e-02	9.549925860214359e-02
151565	9.317393064727897e-02	9.332543007969910e-02
151585	9.114323791048995e-02	9.120108393559097e-02
151615	8.899708837511633e-02	8.912509381337455e-02
151660	8.695777280803085e-02	8.709635899560805e-02
151740	8.507614850855616e-02	8.511380382023763e-02
151880	8.304305631665954e-02	8.317637711026708e-02
200000	8.168054191568985e-02	8.317637711026708e-02
%
% index = 756, name = bbob_f017_i15_d02__bbob_f020_i16_d02
% instance = 7, reference value = 9.933736954943020e-01
% function evaluation | indicator value | target hit
1	3.494094559566302e+00	3.548133892335755e+00
19	3.462190958339802e+00	3.467368504525317e+00
30	3.350242623383802e+00	3.388441561392026e+00
35	3.281814790223302e+00	3.311311214825911e+00
40	3.213752442400802e+00	3.235936569296283e+00
45	3.148396495160302e+00	3.162277660168380e+00
50	3.083928648752302e+00	3.090295432513591e+00
60	2.961763587189302e+00	3.019951720402016e+00
65	2.904234230247302e+00	2.951209226666386e+00
70	2.847740574247802e+00	2.884031503126606e+00
75	2.794398725733302e+00	2.818382931264454e+00
80	2.742083301219802e+00	2.754228703338166e+00
90	2.644791199030802e+00	2.691534803926916e+00
95	2.599775917997801e+00	2.630267991895382e+00
100	2.555683746694302e+00	2.570395782768863e+00
110	2.474443434682302e+00	2.511886431509580e+00
115	2.437156273832302e+00	2.454708915685031e+00
125	2.366887111881302e+00	2.398832919019490e+00
130	2.333842083426302e+00	2.344228815319922e+00
140	2.273492008870302e+00	2.290867652767773e+00
150	2.219082236684802e+00	2.238721138568339e+00
160	2.170095077544302e+00	2.187761623949553e+00
170	2.126029875847302e+00	2.137962089502232e+00
180	2.086410736009302e+00	2.089296130854040e+00
195	2.034532877339802e+00	2.041737944669529e+00
210	1.989927622608302e+00	1.995262314968880e+00
230	1.940523053307302e+00	1.949844599758045e+00
250	1.900179014229802e+00	1.905460717963247e+00
275	1.859616105094302e+00	1.862087136662868e+00
310	1.816244774659302e+00	1.819700858609983e+00
355	1.776056549984802e+00	1.778279410038923e+00
420	1.736745354792802e+00	1.737800828749375e+00
495	1.693662172596802e+00	1.698243652461744e+00
528	1.648157153900802e+00	1.659586907437561e+00
562	1.596121498365302e+00	1.621810097358930e+00
579	1.548698928536802e+00	1.548816618912481e+00
615	1.495873581620802e+00	1.513561248436208e+00
634	1.471097326684802e+00	1.479108388168207e+00
653	1.329605835297802e+00	1.348962882591654e+00
692	1.301780520993302e+00	1.318256738556407e+00
731	1.277004450749302e+00	1.288249551693134e+00
761	1.188677776367302e+00	1.202264434617413e+00
780	1.170840875668302e+00	1.174897554939530e+00
798	1.047801957824802e+00	1.071519305237606e+00
803	8.657540032961250e-01	8.709635899560807e-01
833	6.882166406545167e-01	6.918309709189365e-01
1290	6.710310437126588e-01	6.760829753919817e-01
1291	6.339035661761506e-01	6.456542290346555e-01
1296	5.180749986780766e-01	5.248074602497725e-01
1301	3.874533795964052e-01	3.890451449942806e-01
1796	3.532357840985899e-01	3.548133892335755e-01
2033	3.048278577660930e-01	3.090295432513591e-01
2361	2.815639869420792e-01	2.818382931264454e-01
2529	2.659735177689317e-01	2.691534803926916e-01
2530	2.211554416764734e-01	2.238721138568339e-01
2814	1.976134549511112e-01	1.995262314968880e-01
3007	1.820506246747730e-01	1.862087136662867e-01
3008	1.456229730078520e-01	1.479108388168208e-01
3242	1.261990573273991e-01	1.288249551693134e-01
3263	1.223310522241254e-01	1.230268770812381e-01
3264	1.060082457202886e-01	1.071519305237607e-01
3414	8.080218461734245e-02	8.128305161640990e-02
3419	7.715410340478013e-02	7.762471166286916e-02
3890	7.170207231011516e-02	7.244359600749903e-02
3907	7.023690288418460e-02	7.079457843841380e-02
3908	6.878065048829329e-02	6.918309709189366e-02
3909	6.586897302811201e-02	6.606934480075961e-02
3910	6.001829897081312e-02	6.025595860743578e-02
3911	4.882732226390152e-02	4.897788193684462e-02
4112	3.217760208761367e-02	3.235936569296283e-02
4117	2.999003907142228e-02	3.019951720402016e-02
4479	2.671795203033034e-02	2.691534803926915e-02
4504	1.725813205607674e-02	1.737800828749375e-02
4525	1.592770150121681e-02	1.621810097358930e-02
4526	1.087601904252722e-02	1.096478196143185e-02
4651	5.889389250106181e-03	6.025595860743574e-03
4656	5.277713463046396e-03	5.370317963702527e-03
4661	5.201690046605423e-03	5.248074602497728e-03
4781	5.109820801767584e-03	5.128613839913648e-03
4947	4.999008705628305e-03	5.011872336272725e-03
4965	4.704215345688878e-03	4.786300923226385e-03
4984	4.345527675924554e-03	4.365158322401661e-03
5004	3.741200414434265e-03	3.801893963205613e-03
5026	2.946783305532885e-03	2.951209226666387e-03
5043	2.865558911390176e-03	2.884031503126605e-03
5044	2.798718073452888e-03	2.818382931264455e-03
5045	2.707434971268463e-03	2.754228703338166e-03
5046	2.671414019472906e-03	2.691534803926917e-03
5051	2.551511919459126e-03	2.570395782768865e-03
5527	2.500978723162461e-03	2.511886431509579e-03
16896	2.452826081927650e-03	2.454708915685031e-03
200000	2.433322456949272e-03	2.454708915685031e-03
%
% index = 757, name = bbob_f017_i17_d02__bbob_f020_i18_d02
% instance = 8, reference value = 9.854668391824219e-01
% function evaluation | indicator value | target hit
1	2.524395573874244e+02	2.570395782768865e+02
2124	2.511682719121764e+02	2.511886431509580e+02
7786	2.454573717649664e+02	2.454708915685031e+02
10272	2.398070186323189e+02	2.398832919019490e+02
12840	2.343494185358039e+02	2.344228815319923e+02
14369	2.289965909901254e+02	2.290867652767772e+02
16443	2.237226251138254e+02	2.238721138568340e+02
18772	2.186252257652429e+02	2.187761623949552e+02
24239	2.136927322185559e+02	2.137962089502232e+02
27158	2.087411848566684e+02	2.089296130854039e+02
29381	2.041460046896594e+02	2.041737944669530e+02
32764	1.995233537825024e+02	1.995262314968879e+02
35542	1.949448378500854e+02	1.949844599758046e+02
39021	1.904278087431689e+02	1.905460717963246e+02
40336	1.861452607359754e+02	1.862087136662867e+02
42520	1.818451672547174e+02	1.819700858609983e+02
44965	1.778118946512994e+02	1.778279410038923e+02
47421	1.736909006106109e+02	1.737800828749376e+02
50512	1.698100201765509e+02	1.698243652461744e+02
52886	1.656540642510609e+02	1.659586907437561e+02
52917	1.605177064335354e+02	1.621810097358930e+02
52937	1.540474923998214e+02	1.548816618912481e+02
52964	1.458258608610169e+02	1.479108388168207e+02
52993	1.384251347484649e+02	1.412537544622754e+02
53022	1.318260299790714e+02	1.348962882591653e+02
53035	1.318254345170954e+02	1.318256738556407e+02
53051	1.260027119994357e+02	1.288249551693134e+02
53081	1.209316279950659e+02	1.230268770812381e+02
53111	1.166018911321536e+02	1.174897554939529e+02
53146	1.130193308272523e+02	1.148153621496883e+02
53182	1.102001560033269e+02	1.122018454301963e+02
53219	1.081468230296124e+02	1.096478196143185e+02
53258	1.067816069152736e+02	1.071519305237606e+02
53338	1.037364870199712e+02	1.047128548050900e+02
53418	1.013906906022223e+02	1.023292992280754e+02
53748	9.879143089373916e+01	1.000000000000000e+02
53767	9.731152491218938e+01	9.772372209558107e+01
53769	9.300270105143774e+01	9.332543007969910e+01
53770	8.762459332126608e+01	8.912509381337455e+01
64619	8.616009414892646e+01	8.709635899560806e+01
64789	8.510244209756060e+01	8.511380382023764e+01
64862	8.184873158572834e+01	8.317637711026708e+01
64880	8.116298596357576e+01	8.128305161640991e+01
64882	7.914157527320477e+01	7.943282347242814e+01
64883	7.655419065982433e+01	7.762471166286916e+01
64884	7.172673589651467e+01	7.244359600749902e+01
69903	6.753809846301245e+01	6.760829753919819e+01
69928	6.295918312150358e+01	6.309573444801933e+01
69933	5.632184949467047e+01	5.754399373371569e+01
70684	5.148989332488586e+01	5.248074602497726e+01
73877	5.126775312571201e+01	5.128613839913648e+01
73878	4.921553223057092e+01	5.011872336272722e+01
82066	4.239783591136302e+01	4.265795188015925e+01
82414	4.153590227495139e+01	4.168693834703355e+01
82433	4.058100730342122e+01	4.073802778041128e+01
82434	3.965360413622096e+01	3.981071705534973e+01
82517	3.809551141589192e+01	3.890451449942807e+01
82518	3.489204708847292e+01	3.548133892335755e+01
82523	3.466287817028142e+01	3.467368504525317e+01
82813	3.376614146424992e+01	3.388441561392025e+01
82831	3.292996194486123e+01	3.311311214825911e+01
82851	3.129093664477412e+01	3.162277660168379e+01
82869	3.087541185976981e+01	3.090295432513591e+01
82871	2.967108003991842e+01	3.019951720402016e+01
82872	2.816700924972592e+01	2.818382931264453e+01
82873	2.551101022061392e+01	2.570395782768863e+01
83398	2.502277049276542e+01	2.511886431509580e+01
83429	2.395430330122542e+01	2.398832919019490e+01
83449	2.256819309676505e+01	2.290867652767773e+01
83467	2.221919239576037e+01	2.238721138568340e+01
83468	2.187748632967942e+01	2.187761623949553e+01
83469	2.121601428960642e+01	2.137962089502232e+01
83470	1.998173247616542e+01	2.041737944669530e+01
83471	1.787590376183942e+01	1.819700858609983e+01
83700	1.775422171409242e+01	1.778279410038923e+01
84034	1.715755040369342e+01	1.737800828749375e+01
84052	1.657571818029942e+01	1.659586907437561e+01
84073	1.544326823193692e+01	1.548816618912481e+01
84092	1.488083221246942e+01	1.513561248436208e+01
84093	1.434825210962142e+01	1.445439770745927e+01
84094	1.337370502331892e+01	1.348962882591653e+01
84095	1.179186829149892e+01	1.202264434617413e+01
84349	1.167746684300942e+01	1.174897554939530e+01
84646	1.147364747768442e+01	1.148153621496883e+01
84664	1.111900515679792e+01	1.122018454301964e+01
84682	1.065464936494492e+01	1.071519305237607e+01
84701	9.754925996214421e+00	9.772372209558107e+00
84722	8.070883094457923e+00	8.128305161640993e+00
84872	7.000413078580422e+00	7.079457843841379e+00
84877	6.899161966603422e+00	6.918309709189364e+00
85049	6.746253395415922e+00	6.760829753919817e+00
85079	6.426802847934422e+00	6.456542290346556e+00
85091	6.070765654269922e+00	6.165950018614822e+00
85111	5.387687638341422e+00	5.495408738576246e+00
85132	4.139111346289922e+00	4.168693834703354e+00
85155	4.009120622420922e+00	4.073802778041127e+00
85245	3.513209078895422e+00	3.548133892335755e+00
85250	3.413888107266422e+00	3.467368504525317e+00
85255	3.360373000998922e+00	3.388441561392026e+00
85459	3.310275121991922e+00	3.311311214825911e+00
85489	3.184286243021922e+00	3.235936569296283e+00
85495	3.056763353331922e+00	3.090295432513591e+00
85507	2.809467889781422e+00	2.818382931264454e+00
85526	2.346074642116922e+00	2.398832919019490e+00
85547	1.545364210273922e+00	1.548816618912481e+00
85569	1.391979137929922e+00	1.412537544622754e+00
85570	1.137527196116922e+00	1.148153621496883e+00
85729	1.118987502484922e+00	1.122018454301963e+00
85734	1.093506778624922e+00	1.096478196143185e+00
85744	6.794049272828511e-01	6.918309709189365e-01
85749	6.675872990642849e-01	6.760829753919817e-01
85754	6.209437489559033e-01	6.309573444801932e-01
85836	6.160811770196915e-01	6.165950018614822e-01
85883	5.932614172311951e-01	6.025595860743578e-01
85904	5.772787606846104e-01	5.888436553555889e-01
86047	5.740650900841908e-01	5.754399373371569e-01
86071	5.612103168823925e-01	5.623413251903491e-01
86088	5.448140923538283e-01	5.495408738576245e-01
86107	5.142471478840140e-01	5.248074602497725e-01
86128	4.593282807315674e-01	4.677351412871982e-01
86143	4.564855275790870e-01	4.570881896148750e-01
86146	4.379176680864917e-01	4.466835921509631e-01
86147	4.189450164744160e-01	4.265795188015927e-01
86148	3.868418332044317e-01	3.890451449942806e-01
86149	3.111035633155830e-01	3.162277660168379e-01
86287	1.938305596864734e-01	1.949844599758045e-01
86292	1.629565797673296e-01	1.659586907437560e-01
86297	1.485490230473950e-01	1.513561248436208e-01
86302	1.448934951597107e-01	1.479108388168208e-01
86307	1.272754963776500e-01	1.288249551693134e-01
86312	1.189896721398455e-01	1.202264434617413e-01
86327	1.167839702687343e-01	1.174897554939529e-01
86332	9.640710043940159e-02	9.772372209558107e-02
86343	9.150605149947721e-02	9.332543007969910e-02
86454	9.118455238062262e-02	9.120108393559097e-02
86688	8.902544274842927e-02	8.912509381337455e-02
88197	8.312958974485563e-02	8.317637711026708e-02
88230	7.853447755123177e-02	7.943282347242814e-02
194784	7.585549587138329e-02	7.585775750291836e-02
194799	7.123937265289393e-02	7.244359600749903e-02
195982	7.073648314046199e-02	7.079457843841380e-02
200000	7.065525558463182e-02	7.079457843841380e-02
%
% index = 758, name = bbob_f017_i19_d02__bbob_f020_i21_d02
% instance = 9, reference value = 9.423493711111330e-01
% function evaluation | indicator value | target hit
1	4.936629739830633e+00	5.011872336272722e+00
21	4.863437547018633e+00	4.897788193684462e+00
23	4.647684847665133e+00	4.677351412871983e+00
28	4.484949384787133e+00	4.570881896148751e+00
33	4.190753417088633e+00	4.265795188015927e+00
38	3.932460682805133e+00	3.981071705534972e+00
43	3.697692437306133e+00	3.715352290971725e+00
48	3.451898061810633e+00	3.467368504525317e+00
53	3.238929028568633e+00	3.311311214825911e+00
58	3.040055900926633e+00	3.090295432513591e+00
63	2.858341446987633e+00	2.884031503126606e+00
68	2.689920946440133e+00	2.691534803926916e+00
73	2.533732933610133e+00	2.570395782768863e+00
78	2.391627142254133e+00	2.398832919019490e+00
83	2.257727119747133e+00	2.290867652767773e+00
88	2.134972164278633e+00	2.137962089502232e+00
93	2.019223020954633e+00	2.041737944669529e+00
98	1.915794067908133e+00	1.949844599758045e+00
103	1.816353383629133e+00	1.819700858609983e+00
108	1.723136203558133e+00	1.737800828749375e+00
113	1.635105781241633e+00	1.659586907437561e+00
118	1.560522858784633e+00	1.584893192461114e+00
123	1.485940094448133e+00	1.513561248436208e+00
128	1.406566196526633e+00	1.412537544622754e+00
133	1.335214181275633e+00	1.348962882591654e+00
138	1.301586628923133e+00	1.318256738556407e+00
143	1.256171694071133e+00	1.258925411794167e+00
148	1.158205321012133e+00	1.174897554939530e+00
153	1.091090468489133e+00	1.096478196143185e+00
158	1.043703730353133e+00	1.047128548050900e+00
163	9.422146241240920e-01	9.549925860214360e-01
169	9.210472258264735e-01	9.332543007969910e-01
174	8.766219093805496e-01	8.912509381337456e-01
180	8.221818113032064e-01	8.317637711026710e-01
185	7.911930870013868e-01	7.943282347242815e-01
190	7.523181356373865e-01	7.585775750291838e-01
196	7.054633630716808e-01	7.079457843841379e-01
201	6.776932231796591e-01	6.918309709189365e-01
206	6.401148953737792e-01	6.456542290346555e-01
212	5.976298553191028e-01	6.025595860743578e-01
217	5.750518724109959e-01	5.754399373371569e-01
222	5.416341806757298e-01	5.495408738576245e-01
228	5.045751280244151e-01	5.128613839913648e-01
233	4.855744319717258e-01	4.897788193684462e-01
238	4.551821420660371e-01	4.570881896148750e-01
244	4.229690219489817e-01	4.265795188015927e-01
249	4.079557447629674e-01	4.168693834703354e-01
254	3.820665712822136e-01	3.890451449942806e-01
260	3.556669345541382e-01	3.630780547701014e-01
265	3.442229897730442e-01	3.467368504525316e-01
270	3.012270551091369e-01	3.019951720402016e-01
276	2.825875478566283e-01	2.884031503126606e-01
281	2.743577780432037e-01	2.754228703338166e-01
286	2.420937277240665e-01	2.454708915685030e-01
292	2.295659783672561e-01	2.344228815319922e-01
297	2.213823455878940e-01	2.238721138568339e-01
302	2.057590200669501e-01	2.089296130854039e-01
308	1.972540719886361e-01	1.995262314968880e-01
313	1.924019115514147e-01	1.949844599758045e-01
318	1.837826099231452e-01	1.862087136662867e-01
324	1.799891143765234e-01	1.819700858609984e-01
334	1.676291893621030e-01	1.698243652461744e-01
354	1.644428627155369e-01	1.659586907437560e-01
35307	1.558043891539849e-01	1.584893192461113e-01
35322	1.545379985430464e-01	1.548816618912481e-01
35324	1.511794772038362e-01	1.513561248436208e-01
35325	1.477482510538956e-01	1.479108388168208e-01
35327	1.441514215135455e-01	1.445439770745928e-01
35381	1.409783696587134e-01	1.412537544622754e-01
35414	1.378924681968245e-01	1.380384264602885e-01
35441	1.346797866705195e-01	1.348962882591654e-01
35470	1.317537826561248e-01	1.318256738556407e-01
35500	1.277006148110649e-01	1.288249551693134e-01
35527	1.256237024687135e-01	1.258925411794167e-01
35575	1.228827308895468e-01	1.230268770812381e-01
35615	1.201336633037993e-01	1.202264434617413e-01
35668	1.173299745555842e-01	1.174897554939529e-01
35750	1.148018479300514e-01	1.148153621496883e-01
35859	1.120130289019619e-01	1.122018454301964e-01
167090	1.015952935739007e-01	1.023292992280754e-01
200000	1.015952935732619e-01	1.023292992280754e-01
%
% index = 759, name = bbob_f017_i21_d02__bbob_f020_i22_d02
% instance = 10, reference value = 9.691886899577880e-01
% function evaluation | indicator value | target hit
1	1.168740692299288e+00	1.174897554939530e+00
19	1.135440154377788e+00	1.148153621496883e+00
20	1.103442154696788e+00	1.122018454301963e+00
21	1.043402201119288e+00	1.047128548050900e+00
22	9.537663984713417e-01	9.549925860214360e-01
23	8.700543500930087e-01	8.709635899560807e-01
28	8.200754956615814e-01	8.317637711026710e-01
38	8.023073644286980e-01	8.128305161640993e-01
43	7.883631226368950e-01	7.943282347242815e-01
53	7.672108351844674e-01	7.762471166286917e-01
63	7.537322023017881e-01	7.585775750291838e-01
83	7.402699027029354e-01	7.413102413009175e-01
6282	7.213404737697444e-01	7.244359600749900e-01
6287	7.068328411588853e-01	7.079457843841379e-01
6297	6.801390588913974e-01	6.918309709189365e-01
6302	6.678899887091205e-01	6.760829753919817e-01
6307	6.556544624401490e-01	6.606934480075960e-01
6312	6.443893435850931e-01	6.456542290346555e-01
6322	6.227830372330000e-01	6.309573444801932e-01
6327	6.124571420184886e-01	6.165950018614822e-01
6337	5.934122142226144e-01	6.025595860743578e-01
6342	5.846200909356740e-01	5.888436553555889e-01
6352	5.678195547043017e-01	5.754399373371569e-01
6357	5.598213863754465e-01	5.623413251903491e-01
6367	5.450871213996190e-01	5.495408738576245e-01
6377	5.316148193956922e-01	5.370317963702527e-01
6387	5.193229676549482e-01	5.248074602497725e-01
6397	5.081291552052293e-01	5.128613839913648e-01
6407	4.979497878636719e-01	5.011872336272722e-01
6417	4.887010294380095e-01	4.897788193684462e-01
6432	4.764457830779054e-01	4.786300923226383e-01
6447	4.657302114986264e-01	4.677351412871982e-01
6462	4.565103536320687e-01	4.570881896148750e-01
6482	4.459930288813468e-01	4.466835921509631e-01
6507	4.352172045428496e-01	4.365158322401660e-01
6537	4.250581913534930e-01	4.265795188015927e-01
6572	4.160903938151045e-01	4.168693834703354e-01
6622	4.071702544461662e-01	4.073802778041127e-01
6722	3.978927440497154e-01	3.981071705534972e-01
8899	3.831446684422223e-01	3.890451449942806e-01
8904	3.705212015727615e-01	3.715352290971726e-01
8909	3.595054685094059e-01	3.630780547701014e-01
8914	3.486133211320790e-01	3.548133892335755e-01
8919	3.390974185914237e-01	3.467368504525316e-01
8924	3.302181077837487e-01	3.311311214825911e-01
8929	3.208803930947614e-01	3.235936569296283e-01
8934	3.136742118928479e-01	3.162277660168379e-01
8939	3.062722580180619e-01	3.090295432513591e-01
8944	3.002313564580564e-01	3.019951720402016e-01
8949	2.939621660561932e-01	2.951209226666385e-01
8959	2.836511305650451e-01	2.884031503126606e-01
8964	2.794256063325251e-01	2.818382931264454e-01
8969	2.750343179439185e-01	2.754228703338166e-01
8979	2.678289927562727e-01	2.691534803926916e-01
8989	2.617875509430230e-01	2.630267991895382e-01
8999	2.567019749610557e-01	2.570395782768864e-01
9014	2.505704790498042e-01	2.511886431509580e-01
9034	2.442886756013039e-01	2.454708915685030e-01
9054	2.396779314706695e-01	2.398832919019490e-01
9089	2.342319096662470e-01	2.344228815319922e-01
9154	2.289207063322420e-01	2.290867652767773e-01
9254	2.218647882747349e-01	2.238721138568339e-01
9300	2.182837471586609e-01	2.187761623949552e-01
9332	2.126990447293320e-01	2.137962089502232e-01
9353	2.088570973758468e-01	2.089296130854039e-01
9375	2.037689008628527e-01	2.041737944669530e-01
9392	1.992293772800777e-01	1.995262314968880e-01
9840	1.937650085372420e-01	1.949844599758045e-01
43702	1.893985192790311e-01	1.905460717963247e-01
43707	1.794846121072455e-01	1.819700858609984e-01
43712	1.709187937477326e-01	1.737800828749375e-01
43717	1.631877576849707e-01	1.659586907437560e-01
43722	1.544258364581926e-01	1.548816618912481e-01
43732	1.512184074325007e-01	1.513561248436208e-01
43763	1.476926642281727e-01	1.479108388168208e-01
43794	1.438945831229219e-01	1.445439770745928e-01
43836	1.411391664952643e-01	1.412537544622754e-01
73292	1.371017517892271e-01	1.380384264602885e-01
73302	1.348528520472543e-01	1.348962882591654e-01
73317	1.315950019437994e-01	1.318256738556407e-01
73332	1.285543631675736e-01	1.288249551693134e-01
73347	1.256185282210573e-01	1.258925411794167e-01
73362	1.228700628973933e-01	1.230268770812381e-01
73377	1.202208438168391e-01	1.202264434617413e-01
73397	1.169149407263221e-01	1.174897554939529e-01
73412	1.145917771197189e-01	1.148153621496883e-01
73432	1.116560809793523e-01	1.122018454301964e-01
73447	1.095734384005566e-01	1.096478196143185e-01
73467	1.069763184864004e-01	1.071519305237607e-01
73487	1.045582453783638e-01	1.047128548050900e-01
73507	1.023099738544431e-01	1.023292992280754e-01
73532	9.973185838599363e-02	1.000000000000000e-01
73557	9.737264473606166e-02	9.772372209558107e-02
73582	9.524256017950050e-02	9.549925860214359e-02
73607	9.329806360646975e-02	9.332543007969910e-02
73642	9.088453558572007e-02	9.120108393559097e-02
73672	8.903875065411004e-02	8.912509381337455e-02
73712	8.689210280004334e-02	8.709635899560805e-02
73752	8.505247845783770e-02	8.511380382023763e-02
73802	8.311026387593956e-02	8.317637711026708e-02
73862	8.120192371825963e-02	8.128305161640990e-02
73932	7.942892982420535e-02	7.943282347242814e-02
74027	7.760669281742927e-02	7.762471166286916e-02
74162	7.582158649947035e-02	7.585775750291836e-02
74387	7.412818870858784e-02	7.413102413009177e-02
75263	7.244187857530404e-02	7.244359600749903e-02
88212	7.075956451511456e-02	7.079457843841380e-02
88252	6.911416534708015e-02	6.918309709189366e-02
88292	6.759964085447612e-02	6.760829753919818e-02
88337	6.598877207931519e-02	6.606934480075961e-02
88382	6.452890615476370e-02	6.456542290346556e-02
88432	6.307393584059606e-02	6.309573444801933e-02
88492	6.154193790120577e-02	6.165950018614822e-02
88552	6.021774172772454e-02	6.025595860743578e-02
88627	5.881694729271603e-02	5.888436553555890e-02
88712	5.750855686775791e-02	5.754399373371569e-02
88817	5.622343709038591e-02	5.623413251903491e-02
88957	5.492380114975970e-02	5.495408738576246e-02
89142	5.369311040382918e-02	5.370317963702527e-02
89427	5.247809152812066e-02	5.248074602497726e-02
90017	5.128226748345133e-02	5.128613839913648e-02
95303	5.011420073309847e-02	5.011872336272722e-02
113505	4.897775279110217e-02	4.897788193684462e-02
175901	4.786238125137998e-02	4.786300923226382e-02
200000	4.778817657850021e-02	4.786300923226382e-02
