%
% index = 1635, name = bbob_f021_i02_d03__bbob_f021_i04_d03
% instance = 1, reference value = 9.698166402998040e-01
% function evaluation | indicator value | target hit
1	1.513667571170158e+00	1.548816618912481e+00
13	1.513555741049828e+00	1.513561248436208e+00
22	1.456954228166210e+00	1.479108388168207e+00
23	1.401148622990058e+00	1.412537544622754e+00
24	1.291855218536547e+00	1.318256738556407e+00
25	1.087954299622638e+00	1.096478196143185e+00
32	1.045449880466304e+00	1.047128548050900e+00
39	1.006241353556804e+00	1.023292992280754e+00
46	9.554043217865860e-01	9.772372209558107e-01
53	9.240341202964393e-01	9.332543007969910e-01
60	8.864167894472642e-01	8.912509381337456e-01
67	8.444282451354144e-01	8.511380382023764e-01
74	8.005262522953853e-01	8.128305161640993e-01
81	7.589591255081081e-01	7.762471166286917e-01
88	7.251763226644286e-01	7.413102413009175e-01
95	7.053222215081255e-01	7.079457843841379e-01
933	6.911345974668219e-01	6.918309709189365e-01
3061	6.717417613247145e-01	6.760829753919817e-01
3236	6.567553570683232e-01	6.606934480075960e-01
6356	6.350231979631860e-01	6.456542290346555e-01
6363	5.396771171083807e-01	5.495408738576245e-01
6370	4.987536481848976e-01	5.011872336272722e-01
6384	4.777527446498588e-01	4.786300923226383e-01
6391	4.677160953714905e-01	4.677351412871982e-01
6405	4.549828424792747e-01	4.570881896148750e-01
6771	4.420900040082667e-01	4.466835921509631e-01
6821	4.314767041769751e-01	4.365158322401660e-01
6879	4.225968687316579e-01	4.265795188015927e-01
8493	4.137306878556466e-01	4.168693834703354e-01
17041	4.008201220521785e-01	4.073802778041127e-01
17048	3.297962855172227e-01	3.311311214825911e-01
17055	3.149771631244458e-01	3.162277660168379e-01
17062	3.060643771253961e-01	3.090295432513591e-01
17076	3.019041363191939e-01	3.019951720402016e-01
19356	2.950328665060765e-01	2.951209226666385e-01
24250	2.815404191439667e-01	2.818382931264454e-01
24264	2.664814764875379e-01	2.691534803926916e-01
24271	2.586842565719425e-01	2.630267991895382e-01
24285	2.524306878808887e-01	2.570395782768864e-01
24299	2.502673355357702e-01	2.511886431509580e-01
24306	2.446205025643157e-01	2.454708915685030e-01
24313	2.246508391676543e-01	2.290867652767773e-01
24320	1.902429645553180e-01	1.905460717963247e-01
24682	1.835035687816522e-01	1.862087136662867e-01
24754	1.772000874285050e-01	1.778279410038923e-01
24800	1.653359718163626e-01	1.659586907437560e-01
24862	1.452019256101443e-01	1.479108388168208e-01
24947	1.226223317560310e-01	1.230268770812381e-01
25034	1.103529827144518e-01	1.122018454301964e-01
25121	1.029517430583862e-01	1.047128548050900e-01
25214	9.752767218580771e-02	9.772372209558107e-02
25286	9.446405173008898e-02	9.549925860214359e-02
50534	9.332384293176144e-02	9.332543007969910e-02
96521	9.051420677120126e-02	9.120108393559097e-02
119899	8.889888995892414e-02	8.912509381337455e-02
119968	8.264201038896413e-02	8.317637711026708e-02
120045	7.918258174446180e-02	7.943282347242814e-02
143590	6.332570042208263e-02	6.456542290346556e-02
143597	4.563048828410321e-02	4.570881896148749e-02
143604	3.019415131216518e-02	3.019951720402016e-02
143611	2.217192423039793e-02	2.238721138568340e-02
143618	1.892435205265097e-02	1.905460717963247e-02
143625	1.492811583712561e-02	1.513561248436208e-02
143912	1.478361365445136e-02	1.479108388168207e-02
144115	1.417013051046367e-02	1.445439770745927e-02
144200	1.362741243273835e-02	1.380384264602885e-02
144270	1.296580562338701e-02	1.318256738556407e-02
144341	1.228031557582221e-02	1.230268770812382e-02
144426	1.192415869277652e-02	1.202264434617413e-02
145703	1.114911379335559e-02	1.122018454301964e-02
145764	1.004334650497840e-02	1.023292992280754e-02
145827	8.974087694874178e-03	9.120108393559097e-03
145897	8.458549110333835e-03	8.511380382023767e-03
145996	7.934290055072735e-03	7.943282347242814e-03
146115	7.405062623323855e-03	7.413102413009177e-03
146204	6.697132757449764e-03	6.760829753919818e-03
146309	6.518794526892080e-03	6.606934480075957e-03
205652	6.318994545876255e-03	6.456542290346556e-03
205744	6.190055051994325e-03	6.309573444801930e-03
205827	6.115831192275101e-03	6.165950018614822e-03
206155	6.002052174994499e-03	6.025595860743574e-03
206736	5.886338317025563e-03	5.888436553555890e-03
210313	5.754238296599934e-03	5.754399373371567e-03
225596	5.486279130251792e-03	5.495408738576248e-03
225603	4.915044738784569e-03	5.011872336272725e-03
225610	4.868095565322528e-03	4.897788193684461e-03
225782	4.783391105054990e-03	4.786300923226385e-03
226718	4.611182006045045e-03	4.677351412871981e-03
226743	4.482812451874763e-03	4.570881896148752e-03
226777	4.268164156988719e-03	4.365158322401661e-03
226813	3.989782667653485e-03	4.073802778041126e-03
226851	3.877249138693362e-03	3.890451449942805e-03
264926	3.801750505125323e-03	3.801893963205613e-03
264995	2.519707498808699e-03	2.570395782768865e-03
265015	2.511389408904385e-03	2.511886431509579e-03
299998	2.511184774362407e-03	2.511886431509579e-03
%
% index = 1636, name = bbob_f021_i03_d03__bbob_f021_i05_d03
% instance = 2, reference value = 9.326876340230370e-01
% function evaluation | indicator value | target hit
1	8.818405936043419e-01	8.912509381337456e-01
22	8.704763751743191e-01	8.709635899560807e-01
24	8.352239641026014e-01	8.511380382023764e-01
25	7.894659110418517e-01	7.943282347242815e-01
32	7.257797225632094e-01	7.413102413009175e-01
39	6.946058914344398e-01	7.079457843841379e-01
46	6.371713766325821e-01	6.456542290346555e-01
53	6.088191950482633e-01	6.165950018614822e-01
60	5.813135853303412e-01	5.888436553555889e-01
67	5.642887535115607e-01	5.754399373371569e-01
74	5.597604574563044e-01	5.623413251903491e-01
81	5.491822767005206e-01	5.495408738576245e-01
102	5.352840338403566e-01	5.370317963702527e-01
459	5.238525922918423e-01	5.248074602497725e-01
559	5.118298818102580e-01	5.128613839913648e-01
684	4.932367661861286e-01	5.011872336272722e-01
743	4.870385281158666e-01	4.897788193684462e-01
11334	4.501320405738791e-01	4.570881896148750e-01
11341	4.245057637313323e-01	4.265795188015927e-01
11348	4.143501735777919e-01	4.168693834703354e-01
11369	3.972856899584899e-01	3.981071705534972e-01
12157	3.799565075691425e-01	3.801893963205612e-01
12291	3.636498526371663e-01	3.715352290971726e-01
12421	3.595017829377827e-01	3.630780547701014e-01
12664	3.520263437413694e-01	3.548133892335755e-01
14643	3.444635421954121e-01	3.467368504525316e-01
14837	3.324384220067869e-01	3.388441561392025e-01
14941	3.269253246080306e-01	3.311311214825911e-01
18372	3.235368844700134e-01	3.235936569296283e-01
24180	3.047861869835188e-01	3.090295432513591e-01
24350	3.019266555586665e-01	3.019951720402016e-01
24472	2.929002266656143e-01	2.951209226666385e-01
24552	2.832237480835402e-01	2.884031503126606e-01
24647	2.660779325054395e-01	2.691534803926916e-01
24744	2.464655223509418e-01	2.511886431509580e-01
24828	2.397324747548814e-01	2.398832919019490e-01
32731	2.239698346684438e-01	2.290867652767773e-01
32738	2.151488023220619e-01	2.187761623949552e-01
32745	1.993722234306504e-01	1.995262314968880e-01
32752	1.941710025466810e-01	1.949844599758045e-01
32759	1.771978174098741e-01	1.778279410038923e-01
32766	1.695760540873599e-01	1.698243652461744e-01
32773	1.655272026227773e-01	1.659586907437560e-01
32780	1.609595349430333e-01	1.621810097358930e-01
32808	1.583653611252667e-01	1.584893192461113e-01
33698	1.543745120113853e-01	1.548816618912481e-01
33837	1.485201721102150e-01	1.513561248436208e-01
34690	1.476865754228349e-01	1.479108388168208e-01
35071	1.441921480076622e-01	1.445439770745928e-01
51595	1.335015231490047e-01	1.348962882591654e-01
51664	1.262934043122569e-01	1.288249551693134e-01
51729	1.232087129287783e-01	1.258925411794167e-01
51809	1.151642141314541e-01	1.174897554939529e-01
51830	1.148098622079283e-01	1.148153621496883e-01
51882	1.085827746796653e-01	1.096478196143185e-01
54145	1.052911211387840e-01	1.071519305237607e-01
54152	1.018122620073837e-01	1.023292992280754e-01
57164	9.937315513863032e-02	1.000000000000000e-01
57220	9.738042056267215e-02	9.772372209558107e-02
57278	9.377990059799468e-02	9.549925860214359e-02
57338	8.894297155080855e-02	8.912509381337455e-02
57406	8.678076835592408e-02	8.709635899560805e-02
67390	8.311972065497453e-02	8.317637711026708e-02
67404	7.255780499860986e-02	7.413102413009177e-02
67411	6.667186290539684e-02	6.760829753919818e-02
67418	6.568713293350203e-02	6.606934480075961e-02
67425	6.402366045905306e-02	6.456542290346556e-02
67730	6.289713773777938e-02	6.309573444801933e-02
67826	5.966408890489183e-02	6.025595860743578e-02
68683	5.882998783531845e-02	5.888436553555890e-02
70788	5.659851745152877e-02	5.754399373371569e-02
70846	5.443794835180094e-02	5.495408738576246e-02
70918	5.339267926604718e-02	5.370317963702527e-02
79420	5.200087946158416e-02	5.248074602497726e-02
79684	5.125400187943974e-02	5.128613839913648e-02
80071	5.008314324259711e-02	5.011872336272722e-02
81356	4.894005135429569e-02	4.897788193684462e-02
92244	4.786227509018992e-02	4.786300923226382e-02
162596	4.600347283633177e-02	4.677351412871981e-02
162603	4.481667184612814e-02	4.570881896148749e-02
162610	4.369226146378835e-02	4.466835921509630e-02
162617	4.348695247736700e-02	4.365158322401658e-02
164842	4.262904935233824e-02	4.265795188015926e-02
175085	3.042707491908836e-02	3.090295432513590e-02
175092	1.453388128434452e-02	1.479108388168207e-02
175099	6.671617112120165e-03	6.760829753919818e-03
175106	5.791491164432672e-03	5.888436553555890e-03
175113	5.173554714667405e-03	5.248074602497728e-03
175120	5.025322294863299e-03	5.128613839913648e-03
175127	4.976038465327903e-03	5.011872336272725e-03
175162	4.873773000686921e-03	4.897788193684461e-03
176459	4.724141697738160e-03	4.786300923226385e-03
176530	4.650344923796013e-03	4.677351412871981e-03
176686	4.568351448367536e-03	4.570881896148752e-03
178049	4.219184567537670e-03	4.265795188015926e-03
178114	3.582477530832850e-03	3.630780547701014e-03
178180	2.441070055652528e-03	2.454708915685031e-03
178283	1.231190482237188e-03	1.258925411794167e-03
178381	1.159657788923907e-03	1.174897554939529e-03
209056	7.173570671754614e-04	7.244359600749898e-04
209180	5.072482054401251e-04	5.128613839913648e-04
209417	3.718494383422311e-04	3.801893963205612e-04
209533	3.200307758340903e-04	3.235936569296281e-04
209709	2.840688301900540e-04	2.884031503126605e-04
209788	2.626802769440939e-04	2.630267991895381e-04
209946	2.407429698818575e-04	2.454708915685031e-04
210031	2.187024566309148e-04	2.187761623949552e-04
210095	1.982350388183285e-04	1.995262314968879e-04
210220	1.871642906488002e-04	1.905460717963246e-04
210327	1.735548156468480e-04	1.737800828749376e-04
210442	1.644477624549445e-04	1.659586907437562e-04
210459	1.565404069249210e-04	1.584893192461114e-04
210491	1.505987523555685e-04	1.513561248436209e-04
210531	1.447754898372677e-04	1.479108388168207e-04
210587	1.375334466758860e-04	1.380384264602885e-04
210701	1.297180550143828e-04	1.318256738556407e-04
210819	1.234053078433828e-04	1.258925411794167e-04
210911	1.207015735453787e-04	1.230268770812381e-04
210996	1.172472225390297e-04	1.174897554939529e-04
211042	1.133637372997542e-04	1.148153621496883e-04
211080	1.098434206336929e-04	1.122018454301963e-04
211148	1.069383111331756e-04	1.071519305237606e-04
211232	1.035985401395267e-04	1.047128548050900e-04
211288	1.011589656734202e-04	1.023292992280754e-04
211319	9.839933976962811e-05	1.000000000000000e-04
211388	9.589871372250869e-05	9.772372209558111e-05
211408	9.314372354318756e-05	9.332543007969905e-05
211471	9.094966811951100e-05	9.120108393559096e-05
211488	8.893055578218512e-05	8.912509381337459e-05
211496	8.663548362475293e-05	8.709635899560814e-05
211664	8.450599160136907e-05	8.511380382023759e-05
211808	8.161452684973813e-05	8.317637711026709e-05
211816	7.984298703866965e-05	8.128305161640995e-05
211863	7.861381168539072e-05	7.943282347242822e-05
211902	7.660589159008691e-05	7.762471166286911e-05
211969	7.506216642949592e-05	7.585775750291836e-05
211977	7.363351135269980e-05	7.413102413009176e-05
212032	7.187597803315349e-05	7.244359600749906e-05
212107	7.059520431507149e-05	7.079457843841373e-05
212207	6.824663815463428e-05	6.918309709189363e-05
212215	6.729616186884613e-05	6.760829753919819e-05
212392	6.516452634564018e-05	6.606934480075965e-05
212445	6.426674092119278e-05	6.456542290346549e-05
212528	6.254360324020602e-05	6.309573444801929e-05
212569	6.080502650307462e-05	6.165950018614822e-05
212654	5.998293171205482e-05	6.025595860743581e-05
212717	5.832765017477204e-05	5.888436553555884e-05
212725	5.753941326291923e-05	5.754399373371566e-05
212804	5.613264832826648e-05	5.623413251903491e-05
212890	5.471062208883826e-05	5.495408738576248e-05
212984	5.341551420379176e-05	5.370317963702532e-05
213074	5.224174447582275e-05	5.248074602497723e-05
213145	5.101803033447094e-05	5.128613839913648e-05
213171	4.985959971515186e-05	5.011872336272725e-05
213199	4.873203113586744e-05	4.897788193684466e-05
213235	4.768984463732195e-05	4.786300923226380e-05
213237	4.667031720340109e-05	4.677351412871981e-05
213435	4.540575736589059e-05	4.570881896148752e-05
213790	4.441944219424343e-05	4.466835921509635e-05
213799	4.352601432500158e-05	4.365158322401657e-05
213916	4.236150071657008e-05	4.265795188015926e-05
213981	4.143707879933345e-05	4.168693834703355e-05
214157	4.066354818621498e-05	4.073802778041130e-05
214198	3.952455444089509e-05	3.981071705534969e-05
214339	3.877903446902753e-05	3.890451449942805e-05
214466	3.773463596479232e-05	3.801893963205612e-05
214483	3.687865610824126e-05	3.715352290971728e-05
214623	3.628981524894659e-05	3.630780547701010e-05
214771	3.523685393691522e-05	3.548133892335753e-05
214788	3.455595691270741e-05	3.467368504525317e-05
214849	3.384385193139217e-05	3.388441561392028e-05
215002	3.306960389193314e-05	3.311311214825908e-05
215186	3.225000185314020e-05	3.235936569296281e-05
215204	3.147868266772935e-05	3.162277660168380e-05
215373	3.075074627512109e-05	3.090295432513592e-05
215492	3.017224341606006e-05	3.019951720402019e-05
215793	2.941906269926520e-05	2.951209226666384e-05
215976	2.876194902390328e-05	2.884031503126606e-05
216048	2.813638616339098e-05	2.818382931264455e-05
216184	2.753170137359540e-05	2.754228703338169e-05
216212	2.682516986141081e-05	2.691534803926914e-05
216223	2.627440064084663e-05	2.630267991895381e-05
216371	2.561111005050520e-05	2.570395782768864e-05
216603	2.506363761445307e-05	2.511886431509582e-05
216720	2.444043717320099e-05	2.454708915685029e-05
216803	2.396328324505426e-05	2.398832919019490e-05
217281	2.335085443605500e-05	2.344228815319923e-05
217477	2.287264136435763e-05	2.290867652767775e-05
217710	2.235583606469138e-05	2.238721138568338e-05
217783	2.179496902576794e-05	2.187761623949552e-05
218011	2.135235997846596e-05	2.137962089502232e-05
218252	2.082226040500679e-05	2.089296130854041e-05
218475	2.038865790832123e-05	2.041737944669527e-05
218590	1.992291022812065e-05	1.995262314968879e-05
218763	1.944604124104465e-05	1.949844599758046e-05
219075	1.901323173358893e-05	1.905460717963248e-05
219148	1.861031041883177e-05	1.862087136662866e-05
219519	1.815036036889595e-05	1.819700858609983e-05
219631	1.777518787782206e-05	1.778279410038923e-05
219722	1.735570291905297e-05	1.737800828749376e-05
219808	1.696375727855415e-05	1.698243652461746e-05
219861	1.656169589225875e-05	1.659586907437560e-05
220007	1.621499222259626e-05	1.621810097358930e-05
220377	1.582071245553873e-05	1.584893192461114e-05
220599	1.546400315477481e-05	1.548816618912483e-05
220788	1.510056283759997e-05	1.513561248436207e-05
220907	1.478304534030528e-05	1.479108388168207e-05
221233	1.443058788552776e-05	1.445439770745928e-05
221415	1.410614234065299e-05	1.412537544622755e-05
221574	1.379602005668890e-05	1.380384264602884e-05
221945	1.346589392625663e-05	1.348962882591653e-05
222253	1.317834062231071e-05	1.318256738556407e-05
222620	1.288171124425030e-05	1.288249551693135e-05
222920	1.258335984988257e-05	1.258925411794166e-05
223353	1.229509163691578e-05	1.230268770812381e-05
223648	1.201117052684886e-05	1.202264434617413e-05
224088	1.173586707570173e-05	1.174897554939530e-05
224298	1.147611289720185e-05	1.148153621496882e-05
224636	1.121594475261833e-05	1.122018454301963e-05
224899	1.096001476663666e-05	1.096478196143185e-05
225298	1.070625594046248e-05	1.071519305237607e-05
225451	1.047095162431955e-05	1.047128548050899e-05
225576	1.022805809514082e-05	1.023292992280754e-05
225765	9.995839860610367e-06	1.000000000000000e-05
299998	9.911596619338603e-06	1.000000000000000e-05
%
% index = 1637, name = bbob_f021_i07_d03__bbob_f021_i08_d03
% instance = 3, reference value = 9.600310911258100e-01
% function evaluation | indicator value | target hit
1	2.806405343078885e+00	2.818382931264454e+00
23	2.721361360687220e+00	2.754228703338166e+00
24	2.615123299769090e+00	2.630267991895382e+00
25	2.354412852939306e+00	2.398832919019490e+00
32	2.039775528176527e+00	2.041737944669529e+00
39	1.263513495810810e+00	1.288249551693134e+00
46	8.547941951785926e-01	8.709635899560807e-01
53	7.327190051150463e-01	7.413102413009175e-01
60	5.032689436683845e-01	5.128613839913648e-01
67	3.662146663750854e-01	3.715352290971726e-01
74	3.061521190885250e-01	3.090295432513591e-01
542	3.011566524118660e-01	3.019951720402016e-01
767	2.949990948678496e-01	2.951209226666385e-01
1744	2.873158356171557e-01	2.884031503126606e-01
1793	2.806923882381132e-01	2.818382931264454e-01
1800	2.739315805013269e-01	2.754228703338166e-01
1814	2.672906003492314e-01	2.691534803926916e-01
2227	2.593743354952374e-01	2.630267991895382e-01
2294	2.523331190898818e-01	2.570395782768864e-01
2399	2.447028794048954e-01	2.454708915685030e-01
12077	2.398299338951186e-01	2.398832919019490e-01
21843	2.271469090143001e-01	2.290867652767773e-01
27198	2.226960495163689e-01	2.238721138568339e-01
55041	2.151834717540246e-01	2.187761623949552e-01
55048	2.045944817855115e-01	2.089296130854039e-01
55055	1.961429769997823e-01	1.995262314968880e-01
55062	1.900454800719640e-01	1.905460717963247e-01
56457	1.861769817080030e-01	1.862087136662867e-01
57889	1.815231502515919e-01	1.819700858609984e-01
71921	1.711540973223177e-01	1.737800828749375e-01
71928	1.587345839444231e-01	1.621810097358930e-01
71935	1.469190234572867e-01	1.479108388168208e-01
71942	1.371665268658581e-01	1.380384264602885e-01
71949	1.309309974731978e-01	1.318256738556407e-01
71963	1.277106857987412e-01	1.288249551693134e-01
73905	1.256003391686612e-01	1.258925411794167e-01
73978	1.227268894103366e-01	1.230268770812381e-01
74035	1.194680924944737e-01	1.202264434617413e-01
74094	1.146945884500883e-01	1.148153621496883e-01
74162	1.104620776674864e-01	1.122018454301964e-01
74252	1.088206009131798e-01	1.096478196143185e-01
74576	1.062436626091505e-01	1.071519305237607e-01
74731	1.039323413640508e-01	1.047128548050900e-01
74916	1.023139266871878e-01	1.023292992280754e-01
91688	9.800268137611456e-02	1.000000000000000e-01
91757	9.333063181633927e-02	9.549925860214359e-02
91826	9.259308210734141e-02	9.332543007969910e-02
92546	9.001488824412629e-02	9.120108393559097e-02
95967	8.626594604141058e-02	8.709635899560805e-02
96012	8.296294087001488e-02	8.317637711026708e-02
96586	7.059656910469558e-02	7.079457843841380e-02
96612	6.907891109945752e-02	6.918309709189366e-02
96801	5.320943455794536e-02	5.370317963702527e-02
96808	4.322497682007387e-02	4.365158322401658e-02
96815	3.355178805667236e-02	3.388441561392026e-02
96822	2.370809118723238e-02	2.398832919019490e-02
96961	2.342705785347976e-02	2.344228815319923e-02
97028	2.281508064367399e-02	2.290867652767773e-02
97064	2.210527221499270e-02	2.238721138568340e-02
97108	2.064976981901978e-02	2.089296130854040e-02
97154	1.745362520811500e-02	1.778279410038923e-02
97209	1.375895477383571e-02	1.380384264602885e-02
97286	1.274084378461904e-02	1.288249551693134e-02
99157	1.247905528457982e-02	1.258925411794167e-02
99191	1.222762317195547e-02	1.230268770812382e-02
99234	1.164263882728767e-02	1.174897554939530e-02
99286	1.031695430925195e-02	1.047128548050900e-02
99354	8.986973980514956e-03	9.120108393559097e-03
99440	8.408518397754916e-03	8.511380382023767e-03
99570	8.204722460926850e-03	8.317637711026709e-03
102926	8.127935553695287e-03	8.128305161640995e-03
115526	7.508256750742071e-03	7.585775750291836e-03
115533	6.236855901314842e-03	6.309573444801930e-03
115879	5.390262516918098e-03	5.495408738576248e-03
115886	5.225720446327853e-03	5.248074602497728e-03
118154	5.123329020368605e-03	5.128613839913648e-03
118256	4.898490172929648e-03	5.011872336272725e-03
118325	4.790596846557804e-03	4.897788193684461e-03
119916	4.756860369160121e-03	4.786300923226385e-03
226006	3.784770455778186e-03	3.801893963205613e-03
226159	3.309809185963797e-03	3.311311214825911e-03
226201	3.106429936595045e-03	3.162277660168379e-03
226270	2.827231769519267e-03	2.884031503126605e-03
226322	2.668791915913515e-03	2.691534803926917e-03
226389	2.422309195530215e-03	2.454708915685031e-03
226577	2.239538367652338e-03	2.290867652767772e-03
226681	2.196894455597453e-03	2.238721138568340e-03
226721	2.148548669449468e-03	2.187761623949552e-03
226767	2.034973396162543e-03	2.041737944669530e-03
226864	1.951212630015742e-03	1.995262314968879e-03
226905	1.907848763261222e-03	1.949844599758046e-03
226958	1.837125904672665e-03	1.862087136662868e-03
227016	1.779301331681138e-03	1.819700858609983e-03
227046	1.720191426813455e-03	1.737800828749376e-03
227111	1.640217201009486e-03	1.659586907437561e-03
227215	1.586621867851523e-03	1.621810097358930e-03
227288	1.582501876164488e-03	1.584893192461114e-03
227359	1.530209319932752e-03	1.548816618912481e-03
227409	1.480381396458008e-03	1.513561248436209e-03
227440	1.449403824748341e-03	1.479108388168207e-03
227471	1.416064712431608e-03	1.445439770745928e-03
227547	1.386330443943873e-03	1.412537544622754e-03
227700	1.371783077214417e-03	1.380384264602885e-03
227766	1.346303161461226e-03	1.348962882591653e-03
227932	1.284362079148060e-03	1.288249551693134e-03
227962	1.239938823821118e-03	1.258925411794167e-03
228087	1.210721428484995e-03	1.230268770812381e-03
228161	1.185192686828151e-03	1.202264434617413e-03
228211	1.167411917297523e-03	1.174897554939529e-03
228237	1.144864753657271e-03	1.148153621496883e-03
228326	1.110550734578775e-03	1.122018454301963e-03
228409	1.093375575155431e-03	1.096478196143185e-03
228518	1.052857636923754e-03	1.071519305237606e-03
228596	1.031723542231022e-03	1.047128548050900e-03
228628	1.015528259674436e-03	1.023292992280754e-03
228677	9.991994607402299e-04	1.000000000000000e-03
228745	9.672839507951503e-04	9.772372209558111e-04
228794	9.511686116328022e-04	9.549925860214359e-04
228910	9.198564614240068e-04	9.332543007969915e-04
228984	9.047058733485658e-04	9.120108393559096e-04
229036	8.827581844172983e-04	8.912509381337459e-04
229149	8.607960446895824e-04	8.709635899560805e-04
229165	8.496114142073630e-04	8.511380382023768e-04
229278	8.281334493412951e-04	8.317637711026709e-04
229392	8.030634299905914e-04	8.128305161640995e-04
229459	7.924250024453627e-04	7.943282347242813e-04
229547	7.743138494163970e-04	7.762471166286919e-04
229615	7.536965750173374e-04	7.585775750291835e-04
229690	7.342219625167123e-04	7.413102413009177e-04
229835	7.142066181364815e-04	7.244359600749898e-04
229912	7.067150035978687e-04	7.079457843841380e-04
230143	6.848243028100276e-04	6.918309709189362e-04
230282	6.714542222506781e-04	6.760829753919819e-04
230410	6.580289912004877e-04	6.606934480075957e-04
230516	6.435608876778076e-04	6.456542290346556e-04
230640	6.307721207506889e-04	6.309573444801930e-04
230852	6.142449543256046e-04	6.165950018614823e-04
230954	6.012567772104571e-04	6.025595860743575e-04
231133	5.842698249383105e-04	5.888436553555889e-04
231593	5.741497251871008e-04	5.754399373371566e-04
231711	5.595323636596872e-04	5.623413251903491e-04
231764	5.468045523507881e-04	5.495408738576248e-04
231863	5.341158518934463e-04	5.370317963702527e-04
231953	5.207150875859989e-04	5.248074602497728e-04
232118	5.084348415186346e-04	5.128613839913648e-04
232223	5.007305012472152e-04	5.011872336272725e-04
232348	4.889892216796143e-04	4.897788193684461e-04
232443	4.772405631241483e-04	4.786300923226385e-04
232606	4.671846041576222e-04	4.677351412871981e-04
232713	4.546072718407679e-04	4.570881896148752e-04
232786	4.462211609752575e-04	4.466835921509630e-04
232937	4.335622025544161e-04	4.365158322401661e-04
233082	4.249439505221719e-04	4.265795188015926e-04
233172	4.163497109693770e-04	4.168693834703355e-04
233446	4.048754789183207e-04	4.073802778041126e-04
233519	3.973709257444336e-04	3.981071705534974e-04
233702	3.880115187291366e-04	3.890451449942805e-04
233878	3.789324889271750e-04	3.801893963205612e-04
234075	3.706252170103674e-04	3.715352290971724e-04
234246	3.625086305424352e-04	3.630780547701014e-04
234715	3.545572586438617e-04	3.548133892335753e-04
234901	3.463038011004560e-04	3.467368504525317e-04
235049	3.371883886869043e-04	3.388441561392024e-04
235236	3.298356621571630e-04	3.311311214825911e-04
235512	3.229566300405606e-04	3.235936569296281e-04
235766	3.151378194896637e-04	3.162277660168379e-04
235928	3.074370010114347e-04	3.090295432513592e-04
236235	3.016228900988294e-04	3.019951720402016e-04
236418	2.949175058202247e-04	2.951209226666387e-04
236706	2.880128251705472e-04	2.884031503126605e-04
236967	2.807029115472481e-04	2.818382931264455e-04
237051	2.751744847783177e-04	2.754228703338166e-04
237314	2.686267365726858e-04	2.691534803926917e-04
237485	2.623157880662363e-04	2.630267991895381e-04
237598	2.563705435429942e-04	2.570395782768865e-04
237848	2.505623097623921e-04	2.511886431509580e-04
238021	2.450047001482103e-04	2.454708915685031e-04
238263	2.395608628851242e-04	2.398832919019490e-04
238669	2.339115356816412e-04	2.344228815319923e-04
238753	2.288761272307704e-04	2.290867652767772e-04
238913	2.232161810287181e-04	2.238721138568340e-04
239195	2.180492894984232e-04	2.187761623949552e-04
239382	2.137353401500119e-04	2.137962089502232e-04
239578	2.088713977332901e-04	2.089296130854039e-04
239777	2.036546614367918e-04	2.041737944669530e-04
240013	1.992697802487564e-04	1.995262314968879e-04
240325	1.944733263041787e-04	1.949844599758046e-04
240532	1.904758641401161e-04	1.905460717963246e-04
240887	1.861527481129555e-04	1.862087136662868e-04
241214	1.817532913058750e-04	1.819700858609983e-04
241559	1.777393921021941e-04	1.778279410038923e-04
241935	1.735949240684320e-04	1.737800828749376e-04
242279	1.697084795604376e-04	1.698243652461744e-04
242578	1.656839651952291e-04	1.659586907437562e-04
242848	1.620698811539700e-04	1.621810097358930e-04
243276	1.581815501358053e-04	1.584893192461114e-04
243534	1.548730709310941e-04	1.548816618912481e-04
243862	1.513526580131375e-04	1.513561248436209e-04
244178	1.477335631921983e-04	1.479108388168207e-04
244488	1.444931567329277e-04	1.445439770745928e-04
244730	1.410152607795867e-04	1.412537544622754e-04
245024	1.378548777467570e-04	1.380384264602885e-04
245248	1.347050447569886e-04	1.348962882591653e-04
245471	1.316555889731008e-04	1.318256738556407e-04
245918	1.287265048431907e-04	1.288249551693134e-04
246267	1.257028816802341e-04	1.258925411794167e-04
246490	1.229496430044108e-04	1.230268770812381e-04
246959	1.200080492560485e-04	1.202264434617413e-04
247273	1.173163276599887e-04	1.174897554939529e-04
247511	1.147509613877995e-04	1.148153621496883e-04
247684	1.121072022803871e-04	1.122018454301963e-04
247917	1.096438485981288e-04	1.096478196143185e-04
248206	1.071207210650016e-04	1.071519305237606e-04
248596	1.046152443171522e-04	1.047128548050900e-04
248897	1.023140541295264e-04	1.023292992280754e-04
249246	9.997830614361103e-05	1.000000000000000e-04
249804	9.765553204588162e-05	9.772372209558111e-05
250286	9.541232004384170e-05	9.549925860214369e-05
250701	9.329885223940959e-05	9.332543007969905e-05
251273	9.117973619954256e-05	9.120108393559096e-05
251815	8.910454727906192e-05	8.912509381337459e-05
252353	8.702258855242118e-05	8.709635899560814e-05
252892	8.505446002315953e-05	8.511380382023759e-05
253250	8.313419156680268e-05	8.317637711026709e-05
253708	8.125826966720595e-05	8.128305161640995e-05
254254	7.934043485990916e-05	7.943282347242822e-05
254686	7.756423018301373e-05	7.762471166286911e-05
254955	7.582073552736546e-05	7.585775750291836e-05
255429	7.411718682082125e-05	7.413102413009176e-05
255899	7.241418239001263e-05	7.244359600749906e-05
256185	7.075034998604846e-05	7.079457843841373e-05
256541	6.917362304259544e-05	6.918309709189363e-05
256768	6.758682632790336e-05	6.760829753919819e-05
256975	6.605449577001821e-05	6.606934480075965e-05
257221	6.450711784111718e-05	6.456542290346549e-05
257455	6.307062752197723e-05	6.309573444801929e-05
257757	6.163929614533270e-05	6.165950018614822e-05
258325	6.023477682526313e-05	6.025595860743581e-05
258597	5.884622349838775e-05	5.888436553555884e-05
258782	5.754268794788686e-05	5.754399373371566e-05
259110	5.622829719253986e-05	5.623413251903491e-05
259272	5.494261794880551e-05	5.495408738576248e-05
259462	5.369897220020015e-05	5.370317963702532e-05
259856	5.245596989289503e-05	5.248074602497723e-05
260138	5.126806077193624e-05	5.128613839913648e-05
260684	5.009318514415106e-05	5.011872336272725e-05
261076	4.895317763298213e-05	4.897788193684466e-05
261633	4.785184615396787e-05	4.786300923226380e-05
262269	4.675586557656430e-05	4.677351412871981e-05
262894	4.568503125479406e-05	4.570881896148752e-05
263289	4.465994359925674e-05	4.466835921509635e-05
263686	4.363963735476428e-05	4.365158322401657e-05
264174	4.264789930075175e-05	4.265795188015926e-05
264645	4.166461005050692e-05	4.168693834703355e-05
265156	4.071510179903814e-05	4.073802778041130e-05
265723	3.980045405849175e-05	3.981071705534969e-05
266288	3.889725936934152e-05	3.890451449942805e-05
266923	3.799809536997323e-05	3.801893963205612e-05
267280	3.714860994585845e-05	3.715352290971728e-05
267780	3.629444184982678e-05	3.630780547701010e-05
268039	3.547176021545528e-05	3.548133892335753e-05
268375	3.467336097906504e-05	3.467368504525317e-05
268603	3.387858753922668e-05	3.388441561392028e-05
268817	3.310544652157521e-05	3.311311214825908e-05
269122	3.235514012034368e-05	3.235936569296281e-05
269512	3.162104313658709e-05	3.162277660168380e-05
269722	3.089263955335930e-05	3.090295432513592e-05
269873	3.018676691146638e-05	3.019951720402019e-05
270092	2.950254476374869e-05	2.951209226666384e-05
270461	2.883135918296809e-05	2.884031503126606e-05
270715	2.817853865466624e-05	2.818382931264455e-05
270965	2.753516085463037e-05	2.754228703338169e-05
271104	2.691522461728546e-05	2.691534803926914e-05
271306	2.629711313995031e-05	2.630267991895381e-05
271593	2.569442770483654e-05	2.570395782768864e-05
271868	2.511024832763109e-05	2.511886431509582e-05
272232	2.454078446456620e-05	2.454708915685029e-05
272666	2.398662267433238e-05	2.398832919019490e-05
273275	2.343898680201573e-05	2.344228815319923e-05
273724	2.290397618620599e-05	2.290867652767775e-05
274030	2.238207389637648e-05	2.238721138568338e-05
274185	2.187728456359839e-05	2.187761623949552e-05
274402	2.137909401955795e-05	2.137962089502232e-05
274723	2.088988867965380e-05	2.089296130854041e-05
275102	2.041517114004243e-05	2.041737944669527e-05
275355	1.995212225247567e-05	1.995262314968879e-05
275758	1.949417488300575e-05	1.949844599758046e-05
275918	1.905074295893705e-05	1.905460717963248e-05
276207	1.862010584163798e-05	1.862087136662866e-05
276739	1.819674516256864e-05	1.819700858609983e-05
277043	1.778258416695877e-05	1.778279410038923e-05
277306	1.737392956246975e-05	1.737800828749376e-05
277537	1.697872876316175e-05	1.698243652461746e-05
277782	1.659441800172523e-05	1.659586907437560e-05
277957	1.621702251219936e-05	1.621810097358930e-05
278154	1.584731553683216e-05	1.584893192461114e-05
278524	1.548773378456936e-05	1.548816618912483e-05
278662	1.513464263025455e-05	1.513561248436207e-05
278840	1.478979880620290e-05	1.479108388168207e-05
279124	1.445271611677512e-05	1.445439770745928e-05
279357	1.412440560055739e-05	1.412537544622755e-05
279511	1.380367886361089e-05	1.380384264602884e-05
279668	1.348915195087397e-05	1.348962882591653e-05
279873	1.318187837173745e-05	1.318256738556407e-05
280107	1.288005583532925e-05	1.288249551693135e-05
280397	1.258833264117243e-05	1.258925411794166e-05
280726	1.230103155969164e-05	1.230268770812381e-05
281095	1.202221502094591e-05	1.202264434617413e-05
281427	1.174689785587990e-05	1.174897554939530e-05
281802	1.148075933832260e-05	1.148153621496882e-05
282198	1.121884489929670e-05	1.122018454301963e-05
282408	1.096300900427227e-05	1.096478196143185e-05
282637	1.071398187735273e-05	1.071519305237607e-05
282949	1.047030467404841e-05	1.047128548050899e-05
283296	1.023137967004484e-05	1.023292992280754e-05
283517	9.999408328686954e-06	1.000000000000000e-05
283859	9.771517262446849e-06	9.772372209558111e-06
299998	9.729589863227694e-06	9.772372209558111e-06
%
% index = 1638, name = bbob_f021_i09_d03__bbob_f021_i10_d03
% instance = 4, reference value = 9.787914134013600e-01
% function evaluation | indicator value | target hit
1	2.085741242535360e+00	2.089296130854040e+00
25	2.032279283534360e+00	2.041737944669529e+00
32	1.993272728898860e+00	1.995262314968880e+00
39	1.942965675577860e+00	1.949844599758045e+00
53	1.870125909323860e+00	1.905460717963247e+00
60	1.821522453021860e+00	1.862087136662868e+00
67	1.774299203701860e+00	1.778279410038923e+00
74	1.300985197574360e+00	1.318256738556407e+00
81	8.356137314991927e-01	8.511380382023764e-01
88	5.741979382712376e-01	5.754399373371569e-01
95	4.412994032821385e-01	4.466835921509631e-01
102	3.839763683722653e-01	3.890451449942806e-01
109	3.591897965503864e-01	3.630780547701014e-01
116	3.485427001258410e-01	3.548133892335755e-01
123	3.407085315713584e-01	3.467368504525316e-01
130	3.351767819985635e-01	3.388441561392025e-01
144	3.296571811165988e-01	3.311311214825911e-01
3041	3.225911126486865e-01	3.235936569296283e-01
3161	3.140813951549251e-01	3.162277660168379e-01
3215	3.038772566733177e-01	3.090295432513591e-01
3264	2.914520381274588e-01	2.951209226666385e-01
3343	2.862978053533342e-01	2.884031503126606e-01
3496	2.809640367777871e-01	2.818382931264454e-01
3621	2.741973859227994e-01	2.754228703338166e-01
3745	2.691099530673888e-01	2.691534803926916e-01
3989	2.628853341246040e-01	2.630267991895382e-01
4221	2.524969002799483e-01	2.570395782768864e-01
4247	2.500691227217626e-01	2.511886431509580e-01
4643	2.448362953091427e-01	2.454708915685030e-01
4686	2.398633735522987e-01	2.398832919019490e-01
6559	2.305299265629517e-01	2.344228815319922e-01
6566	2.019255695129744e-01	2.041737944669530e-01
6573	1.932274065525805e-01	1.949844599758045e-01
6587	1.864819185287334e-01	1.905460717963247e-01
6594	1.849010718525774e-01	1.862087136662867e-01
12795	1.819534036857636e-01	1.819700858609984e-01
13133	1.770227744771076e-01	1.778279410038923e-01
13205	1.727844281453672e-01	1.737800828749375e-01
13292	1.669422448879568e-01	1.698243652461744e-01
13381	1.619915823515360e-01	1.621810097358930e-01
20709	1.461059307103271e-01	1.479108388168208e-01
20906	1.445039856715203e-01	1.445439770745928e-01
20913	1.213265093231638e-01	1.230268770812381e-01
20920	8.027113405952679e-02	8.128305161640990e-02
20927	6.515993076402560e-02	6.606934480075961e-02
20934	6.407608177956803e-02	6.456542290346556e-02
20941	6.272342018906329e-02	6.309573444801933e-02
20948	5.851561257686722e-02	5.888436553555890e-02
20955	5.305318351923194e-02	5.370317963702527e-02
20962	5.066260653988697e-02	5.128613839913648e-02
20969	5.001644168710384e-02	5.011872336272722e-02
21374	4.855900505959732e-02	4.897788193684462e-02
21466	4.769665743263074e-02	4.786300923226382e-02
21546	4.634873933576500e-02	4.677351412871981e-02
21607	4.487361227239584e-02	4.570881896148749e-02
21697	4.464824754976826e-02	4.466835921509630e-02
22494	4.351580623946438e-02	4.365158322401658e-02
22546	4.244101644412190e-02	4.265795188015926e-02
22716	4.167038492392638e-02	4.168693834703355e-02
28863	4.073698837213913e-02	4.073802778041128e-02
195281	3.980194936384385e-02	3.981071705534973e-02
195395	3.851635255909591e-02	3.890451449942807e-02
226673	3.787646494186137e-02	3.801893963205612e-02
226999	3.709172598354382e-02	3.715352290971726e-02
228972	3.630691012150666e-02	3.630780547701014e-02
300000	3.595437989300676e-02	3.630780547701014e-02
%
% index = 1639, name = bbob_f021_i11_d03__bbob_f021_i12_d03
% instance = 5, reference value = 8.902978391560390e-01
% function evaluation | indicator value | target hit
1	4.200395619974040e+00	4.265795188015927e+00
23	4.147779433467539e+00	4.168693834703354e+00
25	4.016283737524039e+00	4.073802778041127e+00
32	3.912578367641539e+00	3.981071705534972e+00
39	3.847633714244039e+00	3.890451449942806e+00
46	3.581574145886039e+00	3.630780547701014e+00
3014	3.497468424789039e+00	3.548133892335755e+00
3077	3.290624654449039e+00	3.311311214825911e+00
3134	3.104741538889190e+00	3.162277660168380e+00
3177	2.984951828984607e+00	3.019951720402016e+00
3241	2.785588868585554e+00	2.818382931264454e+00
3568	2.642848483929463e+00	2.691534803926916e+00
3575	2.100539172489729e+00	2.137962089502232e+00
3582	2.034915524667039e+00	2.041737944669529e+00
3596	1.993394427453539e+00	1.995262314968880e+00
5384	1.914712599594909e+00	1.949844599758045e+00
5451	1.795329993558988e+00	1.819700858609983e+00
6544	1.654217389749976e+00	1.659586907437561e+00
6551	1.539462004909507e+00	1.548816618912481e+00
6558	1.443463117867907e+00	1.445439770745927e+00
6565	1.402364420820158e+00	1.412537544622754e+00
6572	1.379275654095359e+00	1.380384264602885e+00
6903	1.345079075947333e+00	1.348962882591654e+00
9637	1.177094846708829e+00	1.202264434617413e+00
9665	1.174848709730303e+00	1.174897554939530e+00
9745	1.038001259018833e+00	1.047128548050900e+00
9941	9.096280810735389e-01	9.120108393559098e-01
10108	8.889208982055896e-01	8.912509381337456e-01
10115	7.877610268672386e-01	7.943282347242815e-01
10122	6.192630862646238e-01	6.309573444801932e-01
10129	5.395032907828595e-01	5.495408738576245e-01
10136	4.262665970704546e-01	4.265795188015927e-01
10143	3.239274528693125e-01	3.311311214825911e-01
10150	2.871714653600934e-01	2.884031503126606e-01
13267	2.799054737061174e-01	2.818382931264454e-01
13405	2.692860159117991e-01	2.754228703338166e-01
13480	2.630453614312501e-01	2.691534803926916e-01
13570	2.594239422783695e-01	2.630267991895382e-01
14802	2.567498574165825e-01	2.570395782768864e-01
14912	2.498666252144688e-01	2.511886431509580e-01
14964	2.432096680187791e-01	2.454708915685030e-01
15025	2.365352193488923e-01	2.398832919019490e-01
18162	2.292840910748645e-01	2.344228815319922e-01
18251	2.241084851038592e-01	2.290867652767773e-01
18384	2.187511674102274e-01	2.187761623949552e-01
18525	1.697711968509208e-01	1.698243652461744e-01
18563	1.655688599869678e-01	1.659586907437560e-01
18983	1.502227250519398e-01	1.513561248436208e-01
19081	1.310884066449912e-01	1.318256738556407e-01
19153	1.250770864105990e-01	1.258925411794167e-01
39644	1.168571600318686e-01	1.174897554939529e-01
39651	1.065398666402357e-01	1.071519305237607e-01
39658	9.860078768892111e-02	1.000000000000000e-01
39665	9.754407226549044e-02	9.772372209558107e-02
39672	9.543160990746014e-02	9.549925860214359e-02
45717	9.248266746535083e-02	9.332543007969910e-02
45830	8.955367992906005e-02	9.120108393559097e-02
45910	8.368617090605512e-02	8.511380382023763e-02
46083	7.118904543854165e-02	7.244359600749903e-02
46181	4.762309979225288e-02	4.786300923226382e-02
46272	1.951340006723434e-02	1.995262314968880e-02
46290	1.949476898855962e-02	1.949844599758046e-02
46351	1.329625071931517e-02	1.348962882591653e-02
217325	9.892026686928235e-03	1.000000000000000e-02
217576	9.489749927765967e-03	9.549925860214359e-03
217668	8.244692104505513e-03	8.317637711026709e-03
217730	7.224429995249193e-03	7.244359600749898e-03
217798	6.373908790845317e-03	6.456542290346556e-03
217859	5.521167537786420e-03	5.623413251903491e-03
217917	5.196368105815585e-03	5.248074602497728e-03
217975	5.079903040582812e-03	5.128613839913648e-03
218113	4.810338163108607e-03	4.897788193684461e-03
218208	4.748687633555182e-03	4.786300923226385e-03
218424	4.460669192162037e-03	4.466835921509630e-03
218484	4.244166613700195e-03	4.265795188015926e-03
218549	4.022614084892906e-03	4.073802778041126e-03
218608	3.941069152069043e-03	3.981071705534973e-03
218698	3.787203656776872e-03	3.801893963205613e-03
218753	3.620333367913897e-03	3.630780547701014e-03
218820	3.416113203739579e-03	3.467368504525317e-03
218869	3.234070817828893e-03	3.235936569296281e-03
218925	3.092780439885479e-03	3.162277660168379e-03
218985	2.907717699531021e-03	2.951209226666387e-03
219073	2.765981049706268e-03	2.818382931264455e-03
219139	2.728151331452322e-03	2.754228703338166e-03
219233	2.659288070818722e-03	2.691534803926917e-03
219357	2.624753308577477e-03	2.630267991895381e-03
219413	2.560642550462733e-03	2.570395782768865e-03
219549	2.473543991966864e-03	2.511886431509579e-03
219604	2.406402047989364e-03	2.454708915685031e-03
219662	2.355362835459562e-03	2.398832919019490e-03
219702	2.309151494715889e-03	2.344228815319923e-03
219760	2.255695049672712e-03	2.290867652767772e-03
219817	2.227270462289321e-03	2.238721138568340e-03
219924	2.176239331258434e-03	2.187761623949552e-03
219989	2.114926508921977e-03	2.137962089502233e-03
220045	2.073729766779220e-03	2.089296130854039e-03
220108	2.025248421837822e-03	2.041737944669530e-03
220148	1.987220415132218e-03	1.995262314968879e-03
220235	1.935741714860661e-03	1.949844599758046e-03
220289	1.894362698753427e-03	1.905460717963246e-03
220337	1.844360384814281e-03	1.862087136662868e-03
220374	1.803140452563468e-03	1.819700858609983e-03
220492	1.762864811171938e-03	1.778279410038923e-03
220547	1.710193425886519e-03	1.737800828749376e-03
220619	1.666821800055840e-03	1.698243652461744e-03
220670	1.627235738033583e-03	1.659586907437561e-03
220710	1.593911478772636e-03	1.621810097358930e-03
220774	1.566327684049074e-03	1.584893192461114e-03
220890	1.530849803269008e-03	1.548816618912481e-03
220954	1.501326715086182e-03	1.513561248436209e-03
220993	1.466281619020404e-03	1.479108388168207e-03
221064	1.425642896356716e-03	1.445439770745928e-03
221158	1.396431047479441e-03	1.412537544622754e-03
221216	1.375806222649434e-03	1.380384264602885e-03
221340	1.332260457474255e-03	1.348962882591653e-03
221517	1.312768047843416e-03	1.318256738556408e-03
221644	1.271303129586565e-03	1.288249551693134e-03
221736	1.247705487616435e-03	1.258925411794167e-03
221917	1.219774934530626e-03	1.230268770812381e-03
222035	1.190156453727220e-03	1.202264434617413e-03
222120	1.173419228579831e-03	1.174897554939529e-03
222256	1.145078502716723e-03	1.148153621496883e-03
222340	1.115161648062246e-03	1.122018454301963e-03
222490	1.089734197206815e-03	1.096478196143185e-03
222601	1.064289045673461e-03	1.071519305237606e-03
222679	1.040375106598934e-03	1.047128548050900e-03
222792	1.016449891535265e-03	1.023292992280754e-03
222965	9.999196457249893e-04	1.000000000000000e-03
223105	9.714957500893684e-04	9.772372209558111e-04
223220	9.514183988689195e-04	9.549925860214359e-04
223362	9.247490947622561e-04	9.332543007969915e-04
223443	9.052063553971479e-04	9.120108393559096e-04
223528	8.861202809814506e-04	8.912509381337459e-04
223607	8.684439573433123e-04	8.709635899560805e-04
223804	8.434133666774812e-04	8.511380382023768e-04
223900	8.260793234741159e-04	8.317637711026709e-04
224003	8.091564104149018e-04	8.128305161640995e-04
224107	7.932325727266765e-04	7.943282347242813e-04
224249	7.735660527956600e-04	7.762471166286919e-04
224341	7.577177120630108e-04	7.585775750291835e-04
224417	7.399186530202551e-04	7.413102413009177e-04
224585	7.199181120661757e-04	7.244359600749898e-04
224664	7.075997765610964e-04	7.079457843841380e-04
224878	6.887565363569159e-04	6.918309709189362e-04
225077	6.750341603233290e-04	6.760829753919819e-04
225439	6.563337898344290e-04	6.606934480075957e-04
225674	6.435781115260442e-04	6.456542290346556e-04
225825	6.282824502905626e-04	6.309573444801930e-04
226007	6.161740219846612e-04	6.165950018614823e-04
226260	6.000530112103553e-04	6.025595860743575e-04
226458	5.855550371633989e-04	5.888436553555889e-04
226800	5.742499324093986e-04	5.754399373371566e-04
226980	5.598037160773339e-04	5.623413251903491e-04
227163	5.475666278947910e-04	5.495408738576248e-04
227378	5.352428000510168e-04	5.370317963702527e-04
227560	5.227542390811024e-04	5.248074602497728e-04
227776	5.116298237141104e-04	5.128613839913648e-04
227846	5.003393459486194e-04	5.011872336272725e-04
227948	4.897338139605578e-04	4.897788193684461e-04
228099	4.761993364914563e-04	4.786300923226385e-04
228238	4.664605736238725e-04	4.677351412871981e-04
228440	4.570576654359115e-04	4.570881896148752e-04
228663	4.448240944385784e-04	4.466835921509630e-04
228760	4.358713050559571e-04	4.365158322401661e-04
228917	4.244430780229180e-04	4.265795188015926e-04
229161	4.160050936776738e-04	4.168693834703355e-04
229325	4.057785235953570e-04	4.073802778041126e-04
229444	3.976314250095925e-04	3.981071705534974e-04
229756	3.872825416163517e-04	3.890451449942805e-04
229896	3.800047740062373e-04	3.801893963205612e-04
230125	3.704084071187719e-04	3.715352290971724e-04
230375	3.620882973315309e-04	3.630780547701014e-04
230699	3.533634376353678e-04	3.548133892335753e-04
230959	3.463046954836901e-04	3.467368504525317e-04
231302	3.378752350682301e-04	3.388441561392024e-04
231681	3.301853894838169e-04	3.311311214825911e-04
231996	3.230003465218845e-04	3.235936569296281e-04
232355	3.160831799592367e-04	3.162277660168379e-04
232694	3.087969479226294e-04	3.090295432513592e-04
233101	3.019658252334523e-04	3.019951720402016e-04
233382	2.946856135184195e-04	2.951209226666387e-04
233637	2.879583451468326e-04	2.884031503126605e-04
233796	2.812701268497531e-04	2.818382931264455e-04
234294	2.749121983227631e-04	2.754228703338166e-04
234479	2.687185560890093e-04	2.691534803926917e-04
234762	2.630024134646636e-04	2.630267991895381e-04
234922	2.569259070237528e-04	2.570395782768865e-04
235199	2.506272353243189e-04	2.511886431509580e-04
235364	2.452657637992406e-04	2.454708915685031e-04
235528	2.394586153989797e-04	2.398832919019490e-04
235766	2.338570122397687e-04	2.344228815319923e-04
236201	2.285347622006384e-04	2.290867652767772e-04
236333	2.233431179711198e-04	2.238721138568340e-04
236587	2.183582237929027e-04	2.187761623949552e-04
236769	2.135363409538904e-04	2.137962089502232e-04
237140	2.085209833500024e-04	2.089296130854039e-04
237345	2.039533579137887e-04	2.041737944669530e-04
237540	1.994614091382907e-04	1.995262314968879e-04
237803	1.945369845234302e-04	1.949844599758046e-04
238079	1.900851190984598e-04	1.905460717963246e-04
238416	1.858627007189639e-04	1.862087136662868e-04
238728	1.816079815651905e-04	1.819700858609983e-04
239091	1.777822715713917e-04	1.778279410038923e-04
239514	1.737339890729439e-04	1.737800828749376e-04
239907	1.696662969665752e-04	1.698243652461744e-04
240241	1.659040535515466e-04	1.659586907437562e-04
240582	1.619552111672418e-04	1.621810097358930e-04
240899	1.584710399835654e-04	1.584893192461114e-04
241491	1.547627434933529e-04	1.548816618912481e-04
241736	1.512672706051044e-04	1.513561248436209e-04
242109	1.477583403528548e-04	1.479108388168207e-04
242439	1.444507875314471e-04	1.445439770745928e-04
242636	1.411129928228227e-04	1.412537544622754e-04
242806	1.380162985151756e-04	1.380384264602885e-04
243040	1.347317350448574e-04	1.348962882591653e-04
243361	1.317533806363125e-04	1.318256738556407e-04
243594	1.286682088065261e-04	1.288249551693134e-04
243727	1.258065659670571e-04	1.258925411794167e-04
243998	1.229568612164389e-04	1.230268770812381e-04
244081	1.202102490032164e-04	1.202264434617413e-04
244296	1.173952967252756e-04	1.174897554939529e-04
244512	1.148031153400675e-04	1.148153621496883e-04
244672	1.121997278844544e-04	1.122018454301963e-04
244763	1.095440206396736e-04	1.096478196143185e-04
244952	1.070682785544452e-04	1.071519305237606e-04
245137	1.046974773697418e-04	1.047128548050900e-04
245321	1.022589158354847e-04	1.023292992280754e-04
245515	9.988395336191225e-05	1.000000000000000e-04
245654	9.771115101608885e-05	9.772372209558111e-05
245978	9.549872207936794e-05	9.549925860214369e-05
246423	9.329070465002864e-05	9.332543007969905e-05
246740	9.116117121343859e-05	9.120108393559096e-05
247115	8.905844213236147e-05	8.912509381337459e-05
247420	8.708036317595091e-05	8.709635899560814e-05
247572	8.506083480142035e-05	8.511380382023759e-05
247973	8.313375974933201e-05	8.317637711026709e-05
248285	8.122728209680741e-05	8.128305161640995e-05
248541	7.937603163488127e-05	7.943282347242822e-05
248860	7.757575499656166e-05	7.762471166286911e-05
249191	7.580795939787777e-05	7.585775750291836e-05
249494	7.413055720517647e-05	7.413102413009176e-05
249725	7.243476271356908e-05	7.244359600749906e-05
249834	7.076860548471675e-05	7.079457843841373e-05
249945	6.915989606448569e-05	6.918309709189363e-05
250065	6.756805248475661e-05	6.760829753919819e-05
250423	6.606394839203666e-05	6.606934480075965e-05
250776	6.453662415095707e-05	6.456542290346549e-05
250888	6.305562553576838e-05	6.309573444801929e-05
250944	6.163717760876430e-05	6.165950018614822e-05
251084	6.022896038360148e-05	6.025595860743581e-05
251277	5.886347193362340e-05	5.888436553555884e-05
251435	5.751840570344946e-05	5.754399373371566e-05
251619	5.621782596365588e-05	5.623413251903491e-05
251780	5.492876122126233e-05	5.495408738576248e-05
251927	5.367843325077004e-05	5.370317963702532e-05
251993	5.246026974670137e-05	5.248074602497723e-05
252076	5.127581976094309e-05	5.128613839913648e-05
252167	5.009356036345114e-05	5.011872336272725e-05
252493	4.896513150032256e-05	4.897788193684466e-05
252720	4.784925686462937e-05	4.786300923226380e-05
253344	4.677065383851264e-05	4.677351412871981e-05
253565	4.569172758583928e-05	4.570881896148752e-05
253791	4.465652382468210e-05	4.466835921509635e-05
254058	4.363379511551635e-05	4.365158322401657e-05
254265	4.265323766838858e-05	4.265795188015926e-05
254478	4.167268400190327e-05	4.168693834703355e-05
254670	4.072795044063326e-05	4.073802778041130e-05
254965	3.980968884353953e-05	3.981071705534969e-05
255274	3.889592058203828e-05	3.890451449942805e-05
255414	3.800946362642055e-05	3.801893963205612e-05
255671	3.714445168689906e-05	3.715352290971728e-05
255828	3.629444408648208e-05	3.630780547701010e-05
255898	3.547129277370331e-05	3.548133892335753e-05
256102	3.466366641813323e-05	3.467368504525317e-05
256188	3.387513177521839e-05	3.388441561392028e-05
256411	3.311162180363869e-05	3.311311214825908e-05
256699	3.235445447047347e-05	3.235936569296281e-05
256822	3.162212862672931e-05	3.162277660168380e-05
256957	3.089945715462061e-05	3.090295432513592e-05
257093	3.019037344054176e-05	3.019951720402019e-05
257244	2.950328973660987e-05	2.951209226666384e-05
257485	2.883927151331456e-05	2.884031503126606e-05
257633	2.818062679865729e-05	2.818382931264455e-05
257802	2.753815518097280e-05	2.754228703338169e-05
257935	2.691516095676416e-05	2.691534803926914e-05
258078	2.630197798969558e-05	2.630267991895381e-05
258232	2.570003679092103e-05	2.570395782768864e-05
258336	2.511445324870909e-05	2.511886431509582e-05
258515	2.454318991984561e-05	2.454708915685029e-05
258720	2.398310224882572e-05	2.398832919019490e-05
258963	2.344109872653988e-05	2.344228815319923e-05
259238	2.290282935202281e-05	2.290867652767775e-05
259462	2.238550429101149e-05	2.238721138568338e-05
259761	2.187509100393115e-05	2.187761623949552e-05
259948	2.137592485862427e-05	2.137962089502232e-05
260134	2.089082978673495e-05	2.089296130854041e-05
260296	2.041493796278715e-05	2.041737944669527e-05
260425	1.994962025264613e-05	1.995262314968879e-05
260729	1.949724287997334e-05	1.949844599758046e-05
261016	1.905400858526196e-05	1.905460717963248e-05
261198	1.862053237000616e-05	1.862087136662866e-05
261358	1.819516397016940e-05	1.819700858609983e-05
261544	1.778191006795993e-05	1.778279410038923e-05
261773	1.737739044060937e-05	1.737800828749376e-05
261916	1.697997625038639e-05	1.698243652461746e-05
262081	1.659519230767792e-05	1.659586907437560e-05
262272	1.621701397780395e-05	1.621810097358930e-05
262427	1.584704772850110e-05	1.584893192461114e-05
262569	1.548772987225444e-05	1.548816618912483e-05
262750	1.513514816331440e-05	1.513561248436207e-05
262937	1.478874248905804e-05	1.479108388168207e-05
263116	1.445400444033407e-05	1.445439770745928e-05
263316	1.412404955236646e-05	1.412537544622755e-05
263481	1.380305784470792e-05	1.380384264602884e-05
263720	1.348908940834725e-05	1.348962882591653e-05
263888	1.318123848781383e-05	1.318256738556407e-05
264042	1.288172495217399e-05	1.288249551693135e-05
264213	1.258899990541629e-05	1.258925411794166e-05
264468	1.230136980379104e-05	1.230268770812381e-05
264652	1.202222996166125e-05	1.202264434617413e-05
264864	1.174876241749612e-05	1.174897554939530e-05
265121	1.148064123046577e-05	1.148153621496882e-05
265373	1.121872683584879e-05	1.122018454301963e-05
265742	1.096348919438217e-05	1.096478196143185e-05
265974	1.071485481707324e-05	1.071519305237607e-05
266174	1.047014305577409e-05	1.047128548050899e-05
266373	1.023200262340040e-05	1.023292992280754e-05
266689	9.999634389301626e-06	1.000000000000000e-05
299998	9.957086869238907e-06	1.000000000000000e-05
%
% index = 1640, name = bbob_f021_i13_d03__bbob_f021_i14_d03
% instance = 6, reference value = 9.078370700005080e-01
% function evaluation | indicator value | target hit
1	2.334637451320508e+00	2.344228815319922e+00
23	2.284682896421508e+00	2.290867652767773e+00
24	2.237803802252008e+00	2.238721138568339e+00
25	2.152480881280008e+00	2.187761623949553e+00
32	2.032890897612508e+00	2.041737944669529e+00
39	1.885977274942008e+00	1.905460717963247e+00
46	1.789999989853508e+00	1.819700858609983e+00
53	1.557513561451508e+00	1.584893192461114e+00
60	1.205115506901508e+00	1.230268770812382e+00
67	9.748147651430080e-01	9.772372209558107e-01
74	8.776936810738530e-01	8.912509381337456e-01
81	8.647518351757232e-01	8.709635899560807e-01
1397	8.432784096730824e-01	8.511380382023764e-01
1433	8.241131598900814e-01	8.317637711026710e-01
1477	7.913284260288358e-01	7.943282347242815e-01
1524	7.426264698758149e-01	7.585775750291838e-01
1587	6.642001330795378e-01	6.760829753919817e-01
1658	5.035247351820104e-01	5.128613839913648e-01
1738	4.347368774267503e-01	4.365158322401660e-01
1911	4.218692201602856e-01	4.265795188015927e-01
2856	4.164506621132120e-01	4.168693834703354e-01
4473	4.017715434215443e-01	4.073802778041127e-01
4570	3.925834361458032e-01	3.981071705534972e-01
13503	3.242287210770520e-01	3.311311214825911e-01
13510	3.052102395009343e-01	3.090295432513591e-01
13524	2.450823121481132e-01	2.454708915685030e-01
13531	2.374497032448555e-01	2.398832919019490e-01
15681	2.322411480469858e-01	2.344228815319922e-01
15725	2.275161254183916e-01	2.290867652767773e-01
15771	2.185607449375726e-01	2.187761623949552e-01
15818	1.981780837439756e-01	1.995262314968880e-01
15874	1.684984425710702e-01	1.698243652461744e-01
15945	1.485996342269745e-01	1.513561248436208e-01
16065	1.408049811163085e-01	1.412537544622754e-01
16228	1.245354220348943e-01	1.258925411794167e-01
16375	1.147112757635657e-01	1.148153621496883e-01
16509	1.111156210705507e-01	1.122018454301964e-01
62435	1.082752728882648e-01	1.096478196143185e-01
62442	1.067520159919018e-01	1.071519305237607e-01
62463	1.046175053941160e-01	1.047128548050900e-01
67696	1.022419740144896e-01	1.023292992280754e-01
67768	9.885190486066442e-02	1.000000000000000e-01
67825	9.342968005670360e-02	9.549925860214359e-02
68504	9.327330015082369e-02	9.332543007969910e-02
68511	8.958404895114469e-02	9.120108393559097e-02
68518	8.650434052171929e-02	8.709635899560805e-02
68532	8.262418744955113e-02	8.317637711026708e-02
68539	7.808796807108176e-02	7.943282347242814e-02
68911	7.759828916861378e-02	7.762471166286916e-02
69436	7.570972360141515e-02	7.585775750291836e-02
72264	7.384511084911283e-02	7.413102413009177e-02
72429	7.127043851193715e-02	7.244359600749903e-02
72534	7.049319766139839e-02	7.079457843841380e-02
74304	6.899016005388181e-02	6.918309709189366e-02
95828	5.983710080411253e-02	6.025595860743578e-02
95835	5.592090550317308e-02	5.623413251903491e-02
96234	5.487089703484460e-02	5.495408738576246e-02
97875	5.363091560622169e-02	5.370317963702527e-02
97996	5.118662113739803e-02	5.128613839913648e-02
98063	4.959372876538748e-02	5.011872336272722e-02
98126	4.874900444724750e-02	4.897788193684462e-02
98218	4.767438906814836e-02	4.786300923226382e-02
98354	4.674650850046036e-02	4.677351412871981e-02
163950	4.543526020261246e-02	4.570881896148749e-02
164137	4.466592934725933e-02	4.466835921509630e-02
165257	4.353356025471389e-02	4.365158322401658e-02
165745	4.252314000490387e-02	4.265795188015926e-02
166883	4.168643043684273e-02	4.168693834703355e-02
169531	4.073581533625437e-02	4.073802778041128e-02
177181	3.980950244125636e-02	3.981071705534973e-02
291215	3.522673303954005e-02	3.548133892335755e-02
291222	2.849741561638020e-02	2.884031503126606e-02
291229	2.451301927695926e-02	2.454708915685030e-02
291243	2.302396970786558e-02	2.344228815319923e-02
291476	2.289420743060033e-02	2.290867652767773e-02
291607	2.237678953322086e-02	2.238721138568340e-02
291737	2.135312905194620e-02	2.137962089502233e-02
293409	2.032622357293334e-02	2.041737944669529e-02
293475	1.821728385219612e-02	1.862087136662868e-02
293543	1.620134364774939e-02	1.621810097358930e-02
293620	1.565837189234009e-02	1.584893192461113e-02
299998	1.554608225826215e-02	1.584893192461113e-02
%
% index = 1641, name = bbob_f021_i15_d03__bbob_f021_i16_d03
% instance = 7, reference value = 9.717149833112499e-01
% function evaluation | indicator value | target hit
1	9.068446009686211e-01	9.120108393559098e-01
22	8.835415350019640e-01	8.912509381337456e-01
23	8.566549136158566e-01	8.709635899560807e-01
24	7.948920373060664e-01	8.128305161640993e-01
25	6.783670334482468e-01	6.918309709189365e-01
32	6.116643819938938e-01	6.165950018614822e-01
39	5.924149552790332e-01	6.025595860743578e-01
46	5.424267647826140e-01	5.495408738576245e-01
53	5.365069595600469e-01	5.370317963702527e-01
414	5.176889657522095e-01	5.248074602497725e-01
482	5.027125256400434e-01	5.128613839913648e-01
551	4.798849693243493e-01	4.897788193684462e-01
622	4.573795025425746e-01	4.677351412871982e-01
643	4.555701424851684e-01	4.570881896148750e-01
644	4.344749201997192e-01	4.365158322401660e-01
645	4.075866812323191e-01	4.168693834703354e-01
646	3.902707056952598e-01	3.981071705534972e-01
653	3.648902848977615e-01	3.715352290971726e-01
660	3.464679243684599e-01	3.467368504525316e-01
667	3.069773979180218e-01	3.090295432513591e-01
910	2.959976885676749e-01	3.019951720402016e-01
2120	2.946402000196102e-01	2.951209226666385e-01
2249	2.866817421222710e-01	2.884031503126606e-01
2612	2.793162683335331e-01	2.818382931264454e-01
5074	2.744725536180237e-01	2.754228703338166e-01
14484	2.570553147363309e-01	2.630267991895382e-01
14491	2.518099002418193e-01	2.570395782768864e-01
14505	2.485861894512236e-01	2.511886431509580e-01
14792	2.450586323028869e-01	2.454708915685030e-01
14979	2.354872919926931e-01	2.398832919019490e-01
15054	2.224474626060760e-01	2.238721138568339e-01
15146	2.041074968090602e-01	2.041737944669530e-01
15232	1.966452674300889e-01	1.995262314968880e-01
15507	1.839407665861935e-01	1.862087136662867e-01
16268	1.803414181560680e-01	1.819700858609984e-01
16275	1.579562235473612e-01	1.584893192461113e-01
16282	1.405709848244477e-01	1.412537544622754e-01
16289	1.262864030894482e-01	1.288249551693134e-01
16296	1.132538187832961e-01	1.148153621496883e-01
16303	9.843237595196452e-02	1.000000000000000e-01
16310	8.153226782756651e-02	8.317637711026708e-02
16317	7.841719346138454e-02	7.943282347242814e-02
16324	7.612149099710697e-02	7.762471166286916e-02
16331	7.329653681689496e-02	7.413102413009177e-02
16338	6.972075310749770e-02	7.079457843841380e-02
16345	6.058684073712306e-02	6.165950018614822e-02
16352	5.694549288596162e-02	5.754399373371569e-02
16359	5.600464792174409e-02	5.623413251903491e-02
16380	5.477942764138077e-02	5.495408738576246e-02
16429	5.314473972138722e-02	5.370317963702527e-02
19127	5.241317064136630e-02	5.248074602497726e-02
19220	5.114479178584785e-02	5.128613839913648e-02
20472	4.981934505969243e-02	5.011872336272722e-02
20493	4.880959821969910e-02	4.897788193684462e-02
22140	4.777150063631752e-02	4.786300923226382e-02
22238	4.582600916899626e-02	4.677351412871981e-02
22293	4.388360928225532e-02	4.466835921509630e-02
22350	4.071238580333036e-02	4.073802778041128e-02
22416	3.564383040585228e-02	3.630780547701014e-02
22484	2.540230487096962e-02	2.570395782768863e-02
22575	1.526051744379264e-02	1.548816618912481e-02
22646	8.934829579591796e-03	9.120108393559097e-03
22665	8.904858248651282e-03	8.912509381337459e-03
22758	5.395649806662073e-03	5.495408738576248e-03
22871	4.247314917019018e-03	4.265795188015926e-03
22984	4.062360434081036e-03	4.073802778041126e-03
166207	3.980893858753998e-03	3.981071705534973e-03
202415	3.329779099367602e-03	3.388441561392024e-03
202505	3.096280716146871e-03	3.162277660168379e-03
202594	2.915542938034976e-03	2.951209226666387e-03
202656	2.721870692871109e-03	2.754228703338166e-03
202762	2.676939452979754e-03	2.691534803926917e-03
202936	2.308306843469610e-03	2.344228815319923e-03
203003	2.257052580540653e-03	2.290867652767772e-03
203092	2.133182954549340e-03	2.137962089502233e-03
203227	1.921239978816325e-03	1.949844599758046e-03
203342	1.904077921248581e-03	1.905460717963246e-03
203623	1.816021948077173e-03	1.819700858609983e-03
203804	1.776320490098904e-03	1.778279410038923e-03
203882	1.706518582692773e-03	1.737800828749376e-03
203949	1.620212768294937e-03	1.621810097358930e-03
204014	1.547672625062835e-03	1.548816618912481e-03
204080	1.489129868614936e-03	1.513561248436209e-03
204152	1.431684438410241e-03	1.445439770745928e-03
204218	1.402014962465281e-03	1.412537544622754e-03
204387	1.360504450985678e-03	1.380384264602885e-03
204437	1.336020911738234e-03	1.348962882591653e-03
204581	1.247992460530756e-03	1.258925411794167e-03
204647	1.183868735043170e-03	1.202264434617413e-03
204712	1.132295334765776e-03	1.148153621496883e-03
204777	1.119578951056743e-03	1.122018454301963e-03
204915	1.077550752242251e-03	1.096478196143185e-03
204978	1.064368822969897e-03	1.071519305237606e-03
205241	1.023915025833211e-03	1.047128548050900e-03
205306	9.886432045361770e-04	1.000000000000000e-03
205364	9.611091906660540e-04	9.772372209558111e-04
205427	9.423258535211643e-04	9.549925860214359e-04
205486	9.180691004027075e-04	9.332543007969915e-04
205566	9.067608913985170e-04	9.120108393559096e-04
205769	8.687476777842207e-04	8.709635899560805e-04
205991	8.340749219394317e-04	8.511380382023768e-04
206132	8.233090014483357e-04	8.317637711026709e-04
206209	8.074939718126783e-04	8.128305161640995e-04
206371	7.796307583547435e-04	7.943282347242813e-04
206434	7.729584538942458e-04	7.762471166286919e-04
206595	7.414206069933371e-04	7.585775750291835e-04
206658	7.335034833932941e-04	7.413102413009177e-04
206886	7.090238655380610e-04	7.244359600749898e-04
206943	7.005589871126316e-04	7.079457843841380e-04
207045	6.799699886977928e-04	6.918309709189362e-04
207188	6.755772885950195e-04	6.760829753919819e-04
207383	6.598715791148457e-04	6.606934480075957e-04
207509	6.375776675584532e-04	6.456542290346556e-04
207801	6.225896856401070e-04	6.309573444801930e-04
208044	6.024257811376721e-04	6.025595860743575e-04
208487	5.865088675681696e-04	5.888436553555889e-04
208627	5.696047399524895e-04	5.754399373371566e-04
208684	5.606579222776631e-04	5.623413251903491e-04
208907	5.426953112153132e-04	5.495408738576248e-04
209149	5.296318803119648e-04	5.370317963702527e-04
209212	5.212382511202707e-04	5.248074602497728e-04
209268	5.123237875701570e-04	5.128613839913648e-04
209385	4.975211073174890e-04	5.011872336272725e-04
209511	4.884415212902393e-04	4.897788193684461e-04
209720	4.737131301523201e-04	4.786300923226385e-04
209922	4.671599268432081e-04	4.677351412871981e-04
210239	4.549286427010246e-04	4.570881896148752e-04
210585	4.426687064364998e-04	4.466835921509630e-04
210720	4.359307055495920e-04	4.365158322401661e-04
211078	4.262002406855148e-04	4.265795188015926e-04
211287	4.150397021346341e-04	4.168693834703355e-04
211406	4.066837201018858e-04	4.073802778041126e-04
211711	3.979762581766133e-04	3.981071705534974e-04
211882	3.886632081014918e-04	3.890451449942805e-04
212173	3.785607934814195e-04	3.801893963205612e-04
212537	3.698048946634280e-04	3.715352290971724e-04
212736	3.599406683451045e-04	3.630780547701014e-04
213024	3.537308886937263e-04	3.548133892335753e-04
213218	3.465253200913843e-04	3.467368504525317e-04
213422	3.383739570694821e-04	3.388441561392024e-04
213744	3.298879842403846e-04	3.311311214825911e-04
213900	3.231606294917810e-04	3.235936569296281e-04
214345	3.159949636102333e-04	3.162277660168379e-04
214742	3.083039922204822e-04	3.090295432513592e-04
215167	3.014279649895535e-04	3.019951720402016e-04
215535	2.932778738878872e-04	2.951209226666387e-04
215828	2.865974880598143e-04	2.884031503126605e-04
216082	2.808516066951094e-04	2.818382931264455e-04
216410	2.750681137194677e-04	2.754228703338166e-04
216689	2.690358328059084e-04	2.691534803926917e-04
216998	2.620813140435940e-04	2.630267991895381e-04
217167	2.561635160444053e-04	2.570395782768865e-04
217576	2.499114321912188e-04	2.511886431509580e-04
217811	2.453527086117013e-04	2.454708915685031e-04
218004	2.391384578281919e-04	2.398832919019490e-04
218310	2.343997840374978e-04	2.344228815319923e-04
218624	2.287593202278115e-04	2.290867652767772e-04
218938	2.226118693704482e-04	2.238721138568340e-04
219195	2.175920776712470e-04	2.187761623949552e-04
219391	2.130448223288672e-04	2.137962089502232e-04
219666	2.089008417840432e-04	2.089296130854039e-04
219954	2.036761991360825e-04	2.041737944669530e-04
220441	1.993167578637767e-04	1.995262314968879e-04
220741	1.949211230992676e-04	1.949844599758046e-04
221138	1.900908354921516e-04	1.905460717963246e-04
221505	1.852602106785506e-04	1.862087136662868e-04
221855	1.815871115857792e-04	1.819700858609983e-04
222222	1.775786904562038e-04	1.778279410038923e-04
222622	1.734063714053935e-04	1.737800828749376e-04
223104	1.690029285474903e-04	1.698243652461744e-04
223478	1.659504367315101e-04	1.659586907437562e-04
224236	1.616269507582757e-04	1.621810097358930e-04
224792	1.583695686070419e-04	1.584893192461114e-04
225592	1.547227873016643e-04	1.548816618912481e-04
226349	1.510168810737733e-04	1.513561248436209e-04
226996	1.475471659422301e-04	1.479108388168207e-04
227341	1.445271924512825e-04	1.445439770745928e-04
227903	1.411636496905233e-04	1.412537544622754e-04
228305	1.377202323656901e-04	1.380384264602885e-04
228737	1.345133955792388e-04	1.348962882591653e-04
229092	1.317577726450692e-04	1.318256738556407e-04
229706	1.284275686205261e-04	1.288249551693134e-04
230087	1.256518696192144e-04	1.258925411794167e-04
230520	1.230170704294986e-04	1.230268770812381e-04
230836	1.198879880879300e-04	1.202264434617413e-04
231068	1.172732780366781e-04	1.174897554939529e-04
231419	1.147940903609701e-04	1.148153621496883e-04
231825	1.121795891807498e-04	1.122018454301963e-04
232160	1.095936449984070e-04	1.096478196143185e-04
232595	1.071369136721456e-04	1.071519305237606e-04
232835	1.046617989064469e-04	1.047128548050900e-04
233238	1.022714769368660e-04	1.023292992280754e-04
233851	9.998917955300612e-05	1.000000000000000e-04
234471	9.766845260361645e-05	9.772372209558111e-05
234908	9.546962200712716e-05	9.549925860214369e-05
235377	9.315337169657489e-05	9.332543007969905e-05
235767	9.118020779963487e-05	9.120108393559096e-05
236292	8.908068207824638e-05	8.912509381337459e-05
236935	8.692894975370624e-05	8.709635899560814e-05
237490	8.511228187824127e-05	8.511380382023759e-05
238032	8.316695484111847e-05	8.317637711026709e-05
238721	8.105612406605900e-05	8.128305161640995e-05
239237	7.942162884055914e-05	7.943282347242822e-05
239892	7.757014881781821e-05	7.762471166286911e-05
240693	7.584522128911697e-05	7.585775750291836e-05
241349	7.403961388907643e-05	7.413102413009176e-05
241587	7.241463847640350e-05	7.244359600749906e-05
242041	7.072918853423538e-05	7.079457843841373e-05
242459	6.909801323307097e-05	6.918309709189363e-05
242903	6.760510200820580e-05	6.760829753919819e-05
243436	6.598716624450773e-05	6.606934480075965e-05
243827	6.456023434475711e-05	6.456542290346549e-05
244282	6.305888289659389e-05	6.309573444801929e-05
244910	6.157847390997340e-05	6.165950018614822e-05
245168	6.024166072127191e-05	6.025595860743581e-05
245523	5.884072604855906e-05	5.888436553555884e-05
245771	5.751056750324945e-05	5.754399373371566e-05
246053	5.618983021105084e-05	5.623413251903491e-05
246370	5.494161350882987e-05	5.495408738576248e-05
246767	5.368787653969864e-05	5.370317963702532e-05
247164	5.240997821787108e-05	5.248074602497723e-05
247520	5.128304992185750e-05	5.128613839913648e-05
248399	5.009562032787240e-05	5.011872336272725e-05
248892	4.891939518236743e-05	4.897788193684466e-05
249212	4.780859577480090e-05	4.786300923226380e-05
249684	4.675305063150947e-05	4.677351412871981e-05
250121	4.567429272550605e-05	4.570881896148752e-05
250603	4.464996187625303e-05	4.466835921509635e-05
250959	4.365139669182394e-05	4.365158322401657e-05
251491	4.265544171311308e-05	4.265795188015926e-05
251909	4.168660169301397e-05	4.168693834703355e-05
252751	4.073224118983365e-05	4.073802778041130e-05
253407	3.977300651147875e-05	3.981071705534969e-05
253985	3.887643283795317e-05	3.890451449942805e-05
254830	3.800976994283722e-05	3.801893963205612e-05
255471	3.713769594448912e-05	3.715352290971728e-05
255726	3.630713815683251e-05	3.630780547701010e-05
256151	3.545616922240313e-05	3.548133892335753e-05
256494	3.465152323045562e-05	3.467368504525317e-05
256844	3.385952570522655e-05	3.388441561392028e-05
257326	3.308862843787175e-05	3.311311214825908e-05
257782	3.234384840533622e-05	3.235936569296281e-05
258353	3.160809918745233e-05	3.162277660168380e-05
258759	3.089918261978131e-05	3.090295432513592e-05
259112	3.018418365474673e-05	3.019951720402019e-05
259440	2.949870667967591e-05	2.951209226666384e-05
259679	2.882651879909659e-05	2.884031503126606e-05
259925	2.817579837510742e-05	2.818382931264455e-05
260073	2.753530196530907e-05	2.754228703338169e-05
260331	2.691186740277907e-05	2.691534803926914e-05
260644	2.628508518276451e-05	2.630267991895381e-05
260976	2.569394042628570e-05	2.570395782768864e-05
261450	2.511876183497463e-05	2.511886431509582e-05
262066	2.453214691999772e-05	2.454708915685029e-05
262399	2.398409104653609e-05	2.398832919019490e-05
262660	2.342889960516015e-05	2.344228815319923e-05
263134	2.290526346659938e-05	2.290867652767775e-05
263369	2.238532137299742e-05	2.238721138568338e-05
263756	2.187152496446743e-05	2.187761623949552e-05
264190	2.137147561065422e-05	2.137962089502232e-05
264613	2.088933211608079e-05	2.089296130854041e-05
265179	2.041405203823121e-05	2.041737944669527e-05
265736	1.994798749682669e-05	1.995262314968879e-05
266257	1.949659322064701e-05	1.949844599758046e-05
266733	1.905190298945314e-05	1.905460717963248e-05
267271	1.861794217850044e-05	1.862087136662866e-05
267505	1.819444988782060e-05	1.819700858609983e-05
267781	1.778198135471420e-05	1.778279410038923e-05
268002	1.737578938332263e-05	1.737800828749376e-05
268206	1.697617527285367e-05	1.698243652461746e-05
268446	1.659349604798965e-05	1.659586907437560e-05
268734	1.621705109233762e-05	1.621810097358930e-05
269107	1.584750983596450e-05	1.584893192461114e-05
269533	1.548273725993088e-05	1.548816618912483e-05
269701	1.513280204235024e-05	1.513561248436207e-05
269931	1.478908770669030e-05	1.479108388168207e-05
270188	1.445072042238760e-05	1.445439770745928e-05
270372	1.412265385181133e-05	1.412537544622755e-05
270633	1.380215874025037e-05	1.380384264602884e-05
270829	1.348857833893824e-05	1.348962882591653e-05
270983	1.318017930984627e-05	1.318256738556407e-05
271163	1.288022002288169e-05	1.288249551693135e-05
271433	1.258776607404588e-05	1.258925411794166e-05
271644	1.230135229923768e-05	1.230268770812381e-05
271810	1.202023091984028e-05	1.202264434617413e-05
272075	1.174761196987006e-05	1.174897554939530e-05
272351	1.148023740271675e-05	1.148153621496882e-05
272541	1.121922410995957e-05	1.122018454301963e-05
272812	1.096318123605666e-05	1.096478196143185e-05
273166	1.071465741919742e-05	1.071519305237607e-05
273689	1.047057913028393e-05	1.047128548050899e-05
273999	1.023052038895411e-05	1.023292992280754e-05
274282	9.999342426181279e-06	1.000000000000000e-05
274814	9.771700316463239e-06	9.772372209558111e-06
275219	9.548881277354759e-06	9.549925860214369e-06
275504	9.332035524334259e-06	9.332543007969906e-06
275653	9.118855111345248e-06	9.120108393559096e-06
275823	8.912288946172353e-06	8.912509381337459e-06
276128	8.709106508075770e-06	8.709635899560814e-06
276286	8.510174327236442e-06	8.511380382023760e-06
276682	8.316413203313111e-06	8.317637711026709e-06
276934	8.128213184743771e-06	8.128305161640995e-06
277214	7.943046654634855e-06	7.943282347242822e-06
277508	7.760986585059193e-06	7.762471166286911e-06
277843	7.584967528839748e-06	7.585775750291836e-06
278091	7.412419931185354e-06	7.413102413009177e-06
278363	7.243154609426483e-06	7.244359600749906e-06
278667	7.079305342494457e-06	7.079457843841373e-06
278973	6.918260111454799e-06	6.918309709189363e-06
279298	6.760492775814697e-06	6.760829753919819e-06
279621	6.606773039652403e-06	6.606934480075964e-06
279877	6.456504175078592e-06	6.456542290346549e-06
280176	6.308679765143488e-06	6.309573444801930e-06
280523	6.165820822356949e-06	6.165950018614822e-06
280804	6.025531122166861e-06	6.025595860743581e-06
281031	5.887724682462903e-06	5.888436553555884e-06
299989	5.862226408304139e-06	5.888436553555884e-06
%
% index = 1642, name = bbob_f021_i17_d03__bbob_f021_i18_d03
% instance = 8, reference value = 9.867552138402880e-01
% function evaluation | indicator value | target hit
1	1.423181407278788e+00	1.445439770745927e+00
24	1.409403285022788e+00	1.412537544622754e+00
39	1.354919055782788e+00	1.380384264602885e+00
46	1.230722753490288e+00	1.258925411794167e+00
68	1.208291189686288e+00	1.230268770812382e+00
75	1.158623404205788e+00	1.174897554939530e+00
82	1.135095478354788e+00	1.148153621496883e+00
1023	1.114224712001788e+00	1.122018454301963e+00
1030	9.176149699361529e-01	9.332543007969910e-01
1037	7.930111197260155e-01	7.943282347242815e-01
4203	7.762267059712040e-01	7.762471166286917e-01
4992	7.554011363000086e-01	7.585775750291838e-01
4999	6.997213385169517e-01	7.079457843841379e-01
5006	5.894816194640635e-01	6.025595860743578e-01
5014	5.885420835675850e-01	5.888436553555889e-01
5035	5.670201970202504e-01	5.754399373371569e-01
5049	5.603550611206169e-01	5.623413251903491e-01
5056	5.420354141500381e-01	5.495408738576245e-01
5063	5.314296215782432e-01	5.370317963702527e-01
5077	5.232397953007115e-01	5.248074602497725e-01
5517	4.867922388292038e-01	4.897788193684462e-01
5585	4.281403828215795e-01	4.365158322401660e-01
5645	3.963341690535681e-01	3.981071705534972e-01
5890	3.397447225362671e-01	3.467368504525316e-01
5897	2.614123271188128e-01	2.630267991895382e-01
5904	2.066736620382573e-01	2.089296130854039e-01
5911	1.882758514601166e-01	1.905460717963247e-01
5918	1.800216897813004e-01	1.819700858609984e-01
5925	1.540804574788117e-01	1.548816618912481e-01
5932	1.310501308404910e-01	1.318256738556407e-01
5939	1.179385243697654e-01	1.202264434617413e-01
5946	1.116745381476236e-01	1.122018454301964e-01
5953	1.093426000400751e-01	1.096478196143185e-01
5967	1.038593692111585e-01	1.047128548050900e-01
6774	1.021043877790438e-01	1.023292992280754e-01
8226	9.993391781625294e-02	1.000000000000000e-01
8321	9.459095481700242e-02	9.549925860214359e-02
8388	8.856277673685597e-02	8.912509381337455e-02
8492	7.924060166630298e-02	7.943282347242814e-02
8606	7.097040487650397e-02	7.244359600749903e-02
8656	7.079423206244118e-02	7.079457843841380e-02
9082	6.860281651714761e-02	6.918309709189366e-02
9143	6.428126502135656e-02	6.456542290346556e-02
9272	5.800147377416498e-02	5.888436553555890e-02
9522	5.331453287329557e-02	5.370317963702527e-02
9686	5.021890639061888e-02	5.128613839913648e-02
9871	4.824864050773259e-02	4.897788193684462e-02
10074	4.685163089611288e-02	4.786300923226382e-02
10115	4.677221555145916e-02	4.677351412871981e-02
10391	4.548658926671867e-02	4.570881896148749e-02
10650	4.455797350351820e-02	4.466835921509630e-02
67335	4.177446606387047e-02	4.265795188015926e-02
67342	3.689900472994656e-02	3.715352290971726e-02
67349	3.491690464052288e-02	3.548133892335755e-02
67356	3.425187495116422e-02	3.467368504525317e-02
69332	3.377218607441945e-02	3.388441561392026e-02
69546	3.263672328022149e-02	3.311311214825911e-02
69629	3.196006151719344e-02	3.235936569296283e-02
69736	3.071069836044316e-02	3.090295432513590e-02
69844	2.808840055115602e-02	2.818382931264454e-02
69945	2.490675414897692e-02	2.511886431509579e-02
70032	2.419444513572921e-02	2.454708915685030e-02
89446	2.397904446684385e-02	2.398832919019490e-02
92941	2.315466594291782e-02	2.344228815319923e-02
111945	2.074545268461958e-02	2.089296130854040e-02
111983	2.037050698676712e-02	2.041737944669529e-02
112581	1.763725999208132e-02	1.778279410038923e-02
112588	1.438614078424250e-02	1.445439770745927e-02
112595	1.376218776265703e-02	1.380384264602885e-02
112603	1.317677723018296e-02	1.318256738556407e-02
112610	1.251553564171681e-02	1.258925411794167e-02
112617	1.024413690082782e-02	1.047128548050900e-02
112624	1.017438473745058e-02	1.023292992280754e-02
117375	9.882565593887227e-03	1.000000000000000e-02
117754	9.742501258768188e-03	9.772372209558112e-03
128213	8.946123404199313e-03	9.120108393559097e-03
128313	7.960542970115725e-03	8.128305161640995e-03
128921	7.438654595832483e-03	7.585775750291836e-03
128928	7.023327295047399e-03	7.079457843841380e-03
128935	6.569295358087146e-03	6.606934480075957e-03
128942	5.427442065002230e-03	5.495408738576248e-03
128949	5.339376090578107e-03	5.370317963702527e-03
129224	5.245782477656058e-03	5.248074602497728e-03
131160	4.834282987015159e-03	4.897788193684461e-03
131250	4.295323019843478e-03	4.365158322401661e-03
131342	3.982816500425646e-03	4.073802778041126e-03
131362	3.979691637215232e-03	3.981071705534973e-03
131463	3.784541088670990e-03	3.801893963205613e-03
131697	3.700475028882821e-03	3.715352290971724e-03
171290	3.614716292771436e-03	3.630780547701014e-03
172138	3.542225953256595e-03	3.548133892335753e-03
175525	3.467132053601163e-03	3.467368504525317e-03
235134	3.386952342246397e-03	3.388441561392024e-03
235141	2.960591636845589e-03	3.019951720402016e-03
235148	2.622345923231517e-03	2.630267991895381e-03
235162	1.609776169481769e-03	1.621810097358930e-03
235176	1.557630411789024e-03	1.584893192461114e-03
235183	1.530149405037928e-03	1.548816618912481e-03
244679	1.425671822881447e-03	1.445439770745928e-03
244764	1.258871603394107e-03	1.258925411794167e-03
244933	1.007384589311267e-03	1.023292992280754e-03
245034	8.040678323735229e-04	8.128305161640995e-04
245880	7.933202200087752e-04	7.943282347242813e-04
246169	7.622542016213485e-04	7.762471166286919e-04
246271	7.430280003183354e-04	7.585775750291835e-04
246436	7.412891795660626e-04	7.413102413009177e-04
300000	7.338294274239487e-04	7.413102413009177e-04
%
% index = 1643, name = bbob_f021_i19_d03__bbob_f021_i21_d03
% instance = 9, reference value = 9.384835544328440e-01
% function evaluation | indicator value | target hit
1	3.261562092059175e+00	3.311311214825911e+00
23	3.221280077931432e+00	3.235936569296283e+00
25	2.967568739382155e+00	3.019951720402016e+00
32	2.463062330883937e+00	2.511886431509580e+00
39	1.415627662154851e+00	1.445439770745927e+00
46	1.139071638756344e+00	1.148153621496883e+00
53	9.481959351608440e-01	9.549925860214360e-01
60	7.776336069622056e-01	7.943282347242815e-01
67	7.458480045239884e-01	7.585775750291838e-01
74	5.792546459578418e-01	5.888436553555889e-01
81	4.980364048018724e-01	5.011872336272722e-01
88	4.299132542549203e-01	4.365158322401660e-01
95	4.148787621896335e-01	4.168693834703354e-01
102	3.982996505767414e-01	4.073802778041127e-01
109	3.761161251749440e-01	3.801893963205612e-01
116	3.704707593176489e-01	3.715352290971726e-01
576	3.601630845318032e-01	3.630780547701014e-01
642	3.540917743044003e-01	3.548133892335755e-01
705	3.444614167405972e-01	3.467368504525316e-01
771	3.358145392132149e-01	3.388441561392025e-01
845	3.280589110649521e-01	3.311311214825911e-01
1985	3.213256841864314e-01	3.235936569296283e-01
7722	3.032353745564330e-01	3.090295432513591e-01
7800	2.987494856290305e-01	3.019951720402016e-01
8015	2.948860796708723e-01	2.951209226666385e-01
8796	2.784711163346326e-01	2.818382931264454e-01
8803	2.677016720530130e-01	2.691534803926916e-01
8810	2.575999160884748e-01	2.630267991895382e-01
8817	2.543511659438753e-01	2.570395782768864e-01
8831	2.494777317347364e-01	2.511886431509580e-01
8901	2.452503097224561e-01	2.454708915685030e-01
12959	2.393770800702857e-01	2.398832919019490e-01
13168	2.338923661913033e-01	2.344228815319922e-01
13242	2.288890839047883e-01	2.290867652767773e-01
15780	2.014344410478006e-01	2.041737944669530e-01
15787	1.576052249026136e-01	1.584893192461113e-01
15794	1.292314662869166e-01	1.318256738556407e-01
15801	1.222371650673197e-01	1.230268770812381e-01
15808	1.186911191465707e-01	1.202264434617413e-01
15815	1.171426620501970e-01	1.174897554939529e-01
19674	1.144071301819246e-01	1.148153621496883e-01
20087	1.107088115423122e-01	1.122018454301964e-01
20205	1.069775921126450e-01	1.071519305237607e-01
20310	1.022661539395784e-01	1.023292992280754e-01
20377	9.761736692243717e-02	9.772372209558107e-02
20478	9.461861993405407e-02	9.549925860214359e-02
20579	9.164409240943661e-02	9.332543007969910e-02
20609	9.087642224443315e-02	9.120108393559097e-02
21069	8.902838302642768e-02	8.912509381337455e-02
21093	8.666581882704516e-02	8.709635899560805e-02
21146	8.510733828887007e-02	8.511380382023763e-02
22928	8.205826674958716e-02	8.317637711026708e-02
23015	7.829386254663673e-02	7.943282347242814e-02
23135	7.369469004706097e-02	7.413102413009177e-02
23328	7.105198151616365e-02	7.244359600749903e-02
23566	7.044794590941106e-02	7.079457843841380e-02
28782	6.026888215420279e-02	6.165950018614822e-02
28789	5.019679754666106e-02	5.128613839913648e-02
28796	4.878119328478314e-02	4.897788193684462e-02
28810	4.434683401834194e-02	4.466835921509630e-02
28817	4.133176087855950e-02	4.168693834703355e-02
28824	3.974203383142161e-02	3.981071705534973e-02
28859	3.879420161243163e-02	3.890451449942807e-02
29467	3.725702993874591e-02	3.801893963205612e-02
29613	3.652561205988059e-02	3.715352290971726e-02
30435	3.626316901672622e-02	3.630780547701014e-02
47373	3.498481725629288e-02	3.548133892335755e-02
47380	3.457890246579864e-02	3.467368504525317e-02
48058	3.387313360769695e-02	3.388441561392026e-02
48135	3.264648073612120e-02	3.311311214825911e-02
48187	3.163971671580479e-02	3.235936569296283e-02
49187	3.160379209735853e-02	3.162277660168379e-02
85352	3.081137758468666e-02	3.090295432513590e-02
86615	3.018617939558943e-02	3.019951720402016e-02
91830	2.951076476276582e-02	2.951209226666385e-02
213591	2.824392299075962e-02	2.884031503126606e-02
213598	2.503380142103728e-02	2.511886431509579e-02
213605	2.416187003563386e-02	2.454708915685030e-02
213612	2.214449910875238e-02	2.238721138568340e-02
213619	2.015287006736510e-02	2.041737944669529e-02
213626	1.984366222243805e-02	1.995262314968880e-02
213633	1.183302116762541e-02	1.202264434617413e-02
213640	9.873793442966017e-03	1.000000000000000e-02
213647	9.203814802755561e-03	9.332543007969915e-03
213661	9.036431537287504e-03	9.120108393559097e-03
213668	8.825462413671992e-03	8.912509381337459e-03
213682	7.037348385590891e-03	7.079457843841380e-03
213696	6.881578672968347e-03	6.918309709189363e-03
213996	6.739260643478739e-03	6.760829753919818e-03
214078	6.542305333713805e-03	6.606934480075957e-03
214162	6.257443684040243e-03	6.309573444801930e-03
214212	5.669657733306743e-03	5.754399373371567e-03
214263	4.816340007718134e-03	4.897788193684461e-03
214351	3.905192569936711e-03	3.981071705534973e-03
214449	3.486165273797415e-03	3.548133892335753e-03
214620	3.424529732139470e-03	3.467368504525317e-03
217513	3.385258678750391e-03	3.388441561392024e-03
217601	3.298243740256335e-03	3.311311214825911e-03
217719	3.230612881565120e-03	3.235936569296281e-03
217837	2.211756604050263e-03	2.238721138568340e-03
217858	2.183645522044642e-03	2.187761623949552e-03
217867	2.107287175643902e-03	2.137962089502233e-03
217868	2.089005162874136e-03	2.089296130854039e-03
262732	2.011183214827850e-03	2.041737944669530e-03
279941	1.966060918337731e-03	1.995262314968879e-03
279948	1.927575315363250e-03	1.949844599758046e-03
281897	1.904812603920281e-03	1.905460717963246e-03
282117	1.839417059489423e-03	1.862087136662868e-03
282178	1.794765724882796e-03	1.819700858609983e-03
299997	1.792335208390172e-03	1.819700858609983e-03
%
% index = 1644, name = bbob_f021_i21_d03__bbob_f021_i22_d03
% instance = 10, reference value = 9.839372860628000e-01
% function evaluation | indicator value | target hit
1	1.592658923056800e+00	1.621810097358930e+00
20	1.580285136918800e+00	1.584893192461114e+00
22	1.543893828842300e+00	1.548816618912481e+00
23	1.497316348393800e+00	1.513561248436208e+00
24	1.412108746498800e+00	1.412537544622754e+00
25	1.279286679339800e+00	1.288249551693134e+00
32	1.176429850622300e+00	1.202264434617413e+00
39	1.162351166812800e+00	1.174897554939530e+00
968	1.146716651608800e+00	1.148153621496883e+00
1007	1.116945183551800e+00	1.122018454301963e+00
1039	1.084001962326300e+00	1.096478196143185e+00
1094	1.021719313622800e+00	1.023292992280754e+00
1158	9.331871201740439e-01	9.332543007969910e-01
1230	8.312456013781380e-01	8.317637711026710e-01
1304	7.442933426537924e-01	7.585775750291838e-01
1414	6.605612523604567e-01	6.606934480075960e-01
1506	5.931687643892422e-01	6.025595860743578e-01
1612	5.545836627397848e-01	5.623413251903491e-01
1727	5.342338918579395e-01	5.370317963702527e-01
1751	5.148974381095706e-01	5.248074602497725e-01
1758	4.930035857493894e-01	5.011872336272722e-01
2263	4.622493853323149e-01	4.677351412871982e-01
2270	4.220205930536425e-01	4.265795188015927e-01
2277	3.918630776074695e-01	3.981071705534972e-01
2284	3.725490715296004e-01	3.801893963205612e-01
2291	3.662812430215028e-01	3.715352290971726e-01
2298	3.599042217101831e-01	3.630780547701014e-01
2602	3.530052690025602e-01	3.548133892335755e-01
2700	3.433062208839108e-01	3.467368504525316e-01
2779	3.384391474432359e-01	3.388441561392025e-01
2913	3.307252782173224e-01	3.311311214825911e-01
4323	3.228488162593746e-01	3.235936569296283e-01
4556	3.135627672934470e-01	3.162277660168379e-01
4781	3.074495362786696e-01	3.090295432513591e-01
7211	3.018566293809608e-01	3.019951720402016e-01
16313	2.789309494716439e-01	2.818382931264454e-01
16320	2.631077261492110e-01	2.691534803926916e-01
16327	2.513857733881549e-01	2.570395782768864e-01
16334	2.429598168845010e-01	2.454708915685030e-01
16341	2.389383879825955e-01	2.398832919019490e-01
17951	2.323782084902463e-01	2.344228815319922e-01
18021	2.287721299587167e-01	2.290867652767773e-01
18167	2.234110382309840e-01	2.238721138568339e-01
19958	2.186453023607631e-01	2.187761623949552e-01
20149	2.081051810790997e-01	2.089296130854039e-01
20240	2.014561012007747e-01	2.041737944669530e-01
20312	1.990959473981955e-01	1.995262314968880e-01
23130	1.929966710702102e-01	1.949844599758045e-01
23513	1.903654923190836e-01	1.905460717963247e-01
39254	1.860010247741140e-01	1.862087136662867e-01
39296	1.805098740834954e-01	1.819700858609984e-01
50997	1.775727324281018e-01	1.778279410038923e-01
51004	1.720724696620624e-01	1.737800828749375e-01
51011	1.654528841125601e-01	1.659586907437560e-01
51025	1.621745375515489e-01	1.621810097358930e-01
53776	1.521142765549346e-01	1.548816618912481e-01
53841	1.406269113689067e-01	1.412537544622754e-01
53915	1.295051152112098e-01	1.318256738556407e-01
54011	1.219135719337434e-01	1.230268770812381e-01
54089	1.139357059703232e-01	1.148153621496883e-01
54168	1.066938436054397e-01	1.071519305237607e-01
54227	1.009242781389017e-01	1.023292992280754e-01
54286	9.610427249765474e-02	9.772372209558107e-02
54345	9.465742577352965e-02	9.549925860214359e-02
54898	9.230866863945764e-02	9.332543007969910e-02
55241	9.115779281774705e-02	9.120108393559097e-02
73763	8.858962881732968e-02	8.912509381337455e-02
73770	8.323667288029546e-02	8.511380382023763e-02
73777	7.784734318557263e-02	7.943282347242814e-02
73784	7.645894629643968e-02	7.762471166286916e-02
73791	7.581438865964552e-02	7.585775750291836e-02
79300	7.401203377445487e-02	7.413102413009177e-02
79329	7.216086262977173e-02	7.244359600749903e-02
82758	6.991194359718689e-02	7.079457843841380e-02
82921	6.881065750482951e-02	6.918309709189366e-02
83131	6.748429240403220e-02	6.760829753919818e-02
85916	6.606858461372478e-02	6.606934480075961e-02
106035	6.437642806389254e-02	6.456542290346556e-02
106241	6.260775889341208e-02	6.309573444801933e-02
112045	4.598192291516645e-02	4.677351412871981e-02
112117	2.870011094395997e-02	2.884031503126606e-02
112176	2.668635683446141e-02	2.691534803926915e-02
112248	2.146925751550854e-02	2.187761623949553e-02
112333	1.761241815484338e-02	1.778279410038923e-02
112438	1.634937676646619e-02	1.659586907437561e-02
112536	1.519427964465492e-02	1.548816618912481e-02
112634	1.464095496912632e-02	1.479108388168207e-02
112731	1.445125918960422e-02	1.445439770745927e-02
145401	1.352751765562799e-02	1.380384264602885e-02
145466	1.266233438516884e-02	1.288249551693134e-02
145565	1.258924441830489e-02	1.258925411794167e-02
150107	1.096170646635097e-02	1.096478196143185e-02
150114	8.201930134005164e-03	8.317637711026709e-03
150121	7.531888317418689e-03	7.585775750291836e-03
150128	6.054904265844874e-03	6.165950018614822e-03
150135	4.657870135401088e-03	4.677351412871981e-03
150142	4.105861597017868e-03	4.168693834703355e-03
150149	4.034149430259371e-03	4.073802778041126e-03
150156	3.910877095840815e-03	3.981071705534973e-03
150163	3.877763199567896e-03	3.890451449942805e-03
152007	3.751072119514753e-03	3.801893963205613e-03
152032	3.634712816628083e-03	3.715352290971724e-03
152066	3.428234555819087e-03	3.467368504525317e-03
152122	3.105321804553030e-03	3.162277660168379e-03
152180	2.719733557138060e-03	2.754228703338166e-03
152234	2.488544108173896e-03	2.511886431509579e-03
152782	2.447798112375499e-03	2.454708915685031e-03
152836	2.341319003257625e-03	2.344228815319923e-03
152899	2.114084121686011e-03	2.137962089502233e-03
152985	1.675000888344158e-03	1.698243652461744e-03
153038	1.270445123987218e-03	1.288249551693134e-03
160018	1.194744818844296e-03	1.202264434617413e-03
160130	1.074415024591935e-03	1.096478196143185e-03
160258	9.850831195485910e-04	1.000000000000000e-03
160354	9.101610917148228e-04	9.120108393559096e-04
160435	8.679588881875810e-04	8.709635899560805e-04
160537	8.324095151470701e-04	8.511380382023768e-04
160619	7.934146063323100e-04	7.943282347242813e-04
160712	7.664264574238633e-04	7.762471166286919e-04
160760	7.369429797007276e-04	7.413102413009177e-04
160809	7.097347783944219e-04	7.244359600749898e-04
160903	6.822801784419630e-04	6.918309709189362e-04
160954	6.606400048777550e-04	6.606934480075957e-04
161025	6.370887108128054e-04	6.456542290346556e-04
161112	6.166945996012307e-04	6.309573444801930e-04
161270	6.067040505358667e-04	6.165950018614823e-04
161323	5.875793063159218e-04	5.888436553555889e-04
161477	5.669377825766597e-04	5.754399373371566e-04
161556	5.532371712723139e-04	5.623413251903491e-04
161636	5.400918046868375e-04	5.495408738576248e-04
161729	5.302642141449265e-04	5.370317963702527e-04
161822	5.166559417324468e-04	5.248074602497728e-04
161917	5.095103097573217e-04	5.128613839913648e-04
162091	4.940998861772128e-04	5.011872336272725e-04
162190	4.816696115004238e-04	4.897788193684461e-04
162276	4.715721491997948e-04	4.786300923226385e-04
162385	4.589404125842078e-04	4.677351412871981e-04
162461	4.507707408044626e-04	4.570881896148752e-04
162533	4.439609324423666e-04	4.466835921509630e-04
162625	4.331989292082339e-04	4.365158322401661e-04
162735	4.195064283539773e-04	4.265795188015926e-04
162783	4.123652298450020e-04	4.168693834703355e-04
162830	4.065378457042135e-04	4.073802778041126e-04
162931	3.924377585667882e-04	3.981071705534974e-04
163023	3.861116100654094e-04	3.890451449942805e-04
163072	3.791122993541673e-04	3.801893963205612e-04
163229	3.664802395042521e-04	3.715352290971724e-04
163275	3.611837191010991e-04	3.630780547701014e-04
163490	3.515072036534006e-04	3.548133892335753e-04
163626	3.427318659158241e-04	3.467368504525317e-04
163718	3.362617351687636e-04	3.388441561392024e-04
163864	3.285891272729602e-04	3.311311214825911e-04
163926	3.230179613501472e-04	3.235936569296281e-04
164099	3.136140823197797e-04	3.162277660168379e-04
164371	3.048785187856895e-04	3.090295432513592e-04
164428	3.012439708980352e-04	3.019951720402016e-04
164555	2.934340216785847e-04	2.951209226666387e-04
164858	2.863126241067215e-04	2.884031503126605e-04
165027	2.797468154962512e-04	2.818382931264455e-04
165168	2.736658165826134e-04	2.754228703338166e-04
165310	2.684271880597500e-04	2.691534803926917e-04
165417	2.626494615171060e-04	2.630267991895381e-04
165631	2.554332755801969e-04	2.570395782768865e-04
165749	2.501622535473480e-04	2.511886431509580e-04
165947	2.437405549196026e-04	2.454708915685031e-04
166182	2.395267230989040e-04	2.398832919019490e-04
166324	2.339831206676912e-04	2.344228815319923e-04
166499	2.284600758990507e-04	2.290867652767772e-04
166710	2.234235082866354e-04	2.238721138568340e-04
166802	2.185631489854956e-04	2.187761623949552e-04
167165	2.122547650554862e-04	2.137962089502232e-04
167266	2.089054772667076e-04	2.089296130854039e-04
167454	2.032317494738978e-04	2.041737944669530e-04
167591	1.989436430694935e-04	1.995262314968879e-04
167836	1.943027038755485e-04	1.949844599758046e-04
168006	1.900810610847570e-04	1.905460717963246e-04
168234	1.853950008748884e-04	1.862087136662868e-04
168401	1.816174318294284e-04	1.819700858609983e-04
168539	1.776554108151585e-04	1.778279410038923e-04
168841	1.729722786740773e-04	1.737800828749376e-04
169163	1.688516816407137e-04	1.698243652461744e-04
169395	1.656597924256653e-04	1.659586907437562e-04
169704	1.614424306056739e-04	1.621810097358930e-04
169961	1.576173623982768e-04	1.584893192461114e-04
170243	1.543028828581150e-04	1.548816618912481e-04
170527	1.509172438795003e-04	1.513561248436209e-04
170761	1.477668597612558e-04	1.479108388168207e-04
171068	1.441275784450635e-04	1.445439770745928e-04
171246	1.412055445745297e-04	1.412537544622754e-04
171607	1.377252061142142e-04	1.380384264602885e-04
171902	1.345696983297007e-04	1.348962882591653e-04
172194	1.317266284375229e-04	1.318256738556407e-04
172546	1.287586156177856e-04	1.288249551693134e-04
172876	1.256752448794973e-04	1.258925411794167e-04
173223	1.227521197249004e-04	1.230268770812381e-04
173478	1.200715740531377e-04	1.202264434617413e-04
173734	1.174591135111314e-04	1.174897554939529e-04
174000	1.143921917443613e-04	1.148153621496883e-04
174292	1.120144984769755e-04	1.122018454301963e-04
174622	1.092822092605417e-04	1.096478196143185e-04
174964	1.068262771583006e-04	1.071519305237606e-04
175354	1.046868528477019e-04	1.047128548050900e-04
175732	1.022972495083874e-04	1.023292992280754e-04
176059	9.990220528255378e-05	1.000000000000000e-04
176532	9.763585827382570e-05	9.772372209558111e-05
176989	9.526781483804037e-05	9.549925860214369e-05
177387	9.312377259818039e-05	9.332543007969905e-05
177798	9.114688041644836e-05	9.120108393559096e-05
178151	8.899132986595060e-05	8.912509381337459e-05
178557	8.692328657955439e-05	8.709635899560814e-05
178981	8.506607890368389e-05	8.511380382023759e-05
179429	8.306262171209333e-05	8.317637711026709e-05
179920	8.113512318896898e-05	8.128305161640995e-05
180365	7.934195098313612e-05	7.943282347242822e-05
180822	7.753472307303610e-05	7.762471166286911e-05
181231	7.582754569057659e-05	7.585775750291836e-05
181749	7.411305236071364e-05	7.413102413009176e-05
182191	7.237182208430504e-05	7.244359600749906e-05
182826	7.077614749018135e-05	7.079457843841373e-05
183384	6.907822408819264e-05	6.918309709189363e-05
183589	6.759479106011046e-05	6.760829753919819e-05
183978	6.605358889233415e-05	6.606934480075965e-05
184403	6.451411841978949e-05	6.456542290346549e-05
184952	6.308154984857595e-05	6.309573444801929e-05
185643	6.158351624163672e-05	6.165950018614822e-05
186228	6.017360805654626e-05	6.025595860743581e-05
186731	5.887627412004548e-05	5.888436553555884e-05
187142	5.752266656455784e-05	5.754399373371566e-05
187863	5.619486854646638e-05	5.623413251903491e-05
188371	5.490809242947314e-05	5.495408738576248e-05
189052	5.364668522789273e-05	5.370317963702532e-05
189660	5.245946390775025e-05	5.248074602497723e-05
190201	5.127228214640844e-05	5.128613839913648e-05
190997	5.007021443359516e-05	5.011872336272725e-05
191597	4.897175324736214e-05	4.897788193684466e-05
192331	4.782449498463848e-05	4.786300923226380e-05
192902	4.677133567965175e-05	4.677351412871981e-05
193490	4.569867471782008e-05	4.570881896148752e-05
194100	4.463660315590090e-05	4.466835921509635e-05
194898	4.363538416396473e-05	4.365158322401657e-05
195421	4.263614489008472e-05	4.265795188015926e-05
195801	4.166802505656264e-05	4.168693834703355e-05
196368	4.072657452502959e-05	4.073802778041130e-05
196885	3.979082269423007e-05	3.981071705534969e-05
197651	3.888416144404161e-05	3.890451449942805e-05
198494	3.799854621122645e-05	3.801893963205612e-05
199196	3.714431401036222e-05	3.715352290971728e-05
200182	3.630164415091564e-05	3.630780547701010e-05
201173	3.547526492053699e-05	3.548133892335753e-05
202252	3.467285737357440e-05	3.467368504525317e-05
202946	3.387925893927335e-05	3.388441561392028e-05
203552	3.311248964976699e-05	3.311311214825908e-05
204341	3.235693419600949e-05	3.235936569296281e-05
205240	3.162051161598178e-05	3.162277660168380e-05
205845	3.089615730578199e-05	3.090295432513592e-05
206593	3.019699551853883e-05	3.019951720402019e-05
207350	2.951069431555986e-05	2.951209226666384e-05
207752	2.883584269985917e-05	2.884031503126606e-05
208283	2.817861502801833e-05	2.818382931264455e-05
209712	2.754017950223897e-05	2.754228703338169e-05
210907	2.691441524593774e-05	2.691534803926914e-05
233688	2.628589742104115e-05	2.630267991895381e-05
233702	2.496273072238875e-05	2.511886431509582e-05
233709	2.354662465720025e-05	2.398832919019490e-05
233716	2.318963933833906e-05	2.344228815319923e-05
233723	2.289992168669208e-05	2.290867652767775e-05
233737	2.198788381990724e-05	2.238721138568338e-05
233744	2.072836211042262e-05	2.089296130854041e-05
233751	2.034226827418717e-05	2.041737944669527e-05
233779	1.974259495507447e-05	1.995262314968879e-05
233786	1.886647485371817e-05	1.905460717963248e-05
233814	1.843303482351732e-05	1.862087136662866e-05
233926	1.817824004235469e-05	1.819700858609983e-05
234022	1.754679123078251e-05	1.778279410038923e-05
234068	1.700003674109940e-05	1.737800828749376e-05
234076	1.624264747301929e-05	1.659586907437560e-05
234129	1.614599639476744e-05	1.621810097358930e-05
235679	1.580106494269984e-05	1.584893192461114e-05
235695	1.486113329129957e-05	1.513561248436207e-05
299998	1.485208678631000e-05	1.513561248436207e-05
