%
% index = 1605, name = bbob_f020_i02_d03__bbob_f020_i04_d03
% instance = 1, reference value = 9.997847141816980e-01
% function evaluation | indicator value | target hit
1	1.191055663900767e+01	1.202264434617413e+01
23	1.170438639388461e+01	1.174897554939530e+01
25	1.109724636645426e+01	1.122018454301964e+01
32	1.045240481941443e+01	1.047128548050900e+01
39	9.459270508032379e+00	9.549925860214358e+00
46	8.520267484510022e+00	8.709635899560805e+00
53	7.634377636849379e+00	7.762471166286917e+00
60	6.800772371541508e+00	6.918309709189364e+00
67	6.019648848409509e+00	6.025595860743578e+00
74	5.292479631062021e+00	5.370317963702527e+00
81	4.621410029946766e+00	4.677351412871983e+00
88	4.008287783566020e+00	4.073802778041127e+00
95	3.454225870968698e+00	3.467368504525317e+00
102	2.951705679823698e+00	3.019951720402016e+00
109	2.494688026574198e+00	2.511886431509580e+00
116	2.082975682959698e+00	2.089296130854040e+00
123	1.717301588751698e+00	1.737800828749375e+00
130	1.397907188254698e+00	1.412537544622754e+00
137	1.123739444628198e+00	1.148153621496883e+00
144	9.126301531845439e-01	9.332543007969910e-01
151	7.479443815653539e-01	7.585775750291838e-01
158	6.142490585019216e-01	6.165950018614822e-01
165	5.008129339916332e-01	5.011872336272722e-01
172	4.029299010207127e-01	4.073802778041127e-01
179	3.174879428043729e-01	3.235936569296283e-01
186	2.402992911357476e-01	2.454708915685030e-01
193	1.724502641290356e-01	1.737800828749375e-01
200	1.168025736892065e-01	1.174897554939529e-01
207	7.222823037534343e-02	7.244359600749903e-02
214	3.836436728467008e-02	3.890451449942807e-02
221	2.682265475750323e-02	2.691534803926915e-02
228	1.854502927094870e-02	1.862087136662868e-02
235	4.274270281164116e-03	4.365158322401661e-03
242	1.356365975944684e-03	1.380384264602885e-03
249	1.087826824958227e-03	1.096478196143185e-03
256	9.603074592583472e-04	9.772372209558111e-04
270	8.396406129120848e-04	8.511380382023768e-04
277	8.043229467918911e-04	8.128305161640995e-04
298	7.846099041719512e-04	7.943282347242813e-04
312	7.703871767399395e-04	7.762471166286919e-04
663	7.577348970178033e-04	7.585775750291835e-04
822	7.375952606061276e-04	7.413102413009177e-04
19191	7.089656627243812e-04	7.244359600749898e-04
19208	7.073269243168534e-04	7.079457843841380e-04
23506	6.141227040639130e-04	6.165950018614823e-04
23527	6.010379209038241e-04	6.025595860743575e-04
36538	5.669519206277229e-04	5.754399373371566e-04
36545	5.229155380759298e-04	5.248074602497728e-04
36552	5.110819689749801e-04	5.128613839913648e-04
37109	5.008187595914038e-04	5.011872336272725e-04
39809	4.850817378210248e-04	4.897788193684461e-04
39897	4.710092212973915e-04	4.786300923226385e-04
39992	4.511005046200500e-04	4.570881896148752e-04
40080	4.396081407924690e-04	4.466835921509630e-04
44548	4.341981474837997e-04	4.365158322401661e-04
44682	4.231131294862855e-04	4.265795188015926e-04
44749	4.145071199368466e-04	4.168693834703355e-04
122334	4.028726514371250e-04	4.073802778041126e-04
257558	3.979380832531687e-04	3.981071705534974e-04
257608	3.868907126967081e-04	3.890451449942805e-04
257671	3.782922767358032e-04	3.801893963205612e-04
257739	3.667481615229340e-04	3.715352290971724e-04
257806	3.588748062188785e-04	3.630780547701014e-04
272702	2.785169323522574e-04	2.818382931264455e-04
272709	2.196585102701709e-04	2.238721138568340e-04
272716	2.027746754205140e-04	2.041737944669530e-04
272723	1.635574368488157e-04	1.659586907437562e-04
272744	1.533593091287422e-04	1.548816618912481e-04
272866	1.504779089941399e-04	1.513561248436209e-04
272919	1.476938169983066e-04	1.479108388168207e-04
272975	1.423780387368456e-04	1.445439770745928e-04
273040	1.327218119117068e-04	1.348962882591653e-04
273121	1.169865148407112e-04	1.174897554939529e-04
273188	9.720780833688547e-05	9.772372209558111e-05
273278	9.026005707890583e-05	9.120108393559096e-05
273297	8.887135669932711e-05	8.912509381337459e-05
274042	8.643541232078444e-05	8.709635899560814e-05
274101	8.500874380656942e-05	8.511380382023759e-05
274147	8.221948226494469e-05	8.317637711026709e-05
274202	7.689332897564682e-05	7.762471166286911e-05
274267	6.721767958672853e-05	6.760829753919819e-05
274334	5.144873300599873e-05	5.248074602497723e-05
274401	3.162124048017301e-05	3.162277660168380e-05
274491	2.455848392679538e-05	2.511886431509582e-05
274503	2.454558054465483e-05	2.454708915685029e-05
274509	2.380135968826913e-05	2.398832919019490e-05
274510	2.318409013368772e-05	2.344228815319923e-05
274511	2.237066071730798e-05	2.238721138568338e-05
300000	2.205813895772568e-05	2.238721138568338e-05
%
% index = 1606, name = bbob_f020_i03_d03__bbob_f020_i05_d03
% instance = 2, reference value = 9.818291337343740e-01
% function evaluation | indicator value | target hit
1	2.359304125614874e+00	2.398832919019490e+00
23	2.333705792370874e+00	2.344228815319922e+00
25	2.257745937140874e+00	2.290867652767773e+00
32	2.175964298748374e+00	2.187761623949553e+00
39	2.047454337613374e+00	2.089296130854040e+00
46	1.922698660874374e+00	1.949844599758045e+00
53	1.801781263437874e+00	1.819700858609983e+00
60	1.684829682973874e+00	1.698243652461744e+00
67	1.571918906374874e+00	1.584893192461114e+00
74	1.463010681888374e+00	1.479108388168207e+00
81	1.357980712130874e+00	1.380384264602885e+00
88	1.256719508340874e+00	1.258925411794167e+00
95	1.159227207703374e+00	1.174897554939530e+00
102	1.065617953694374e+00	1.071519305237606e+00
109	9.760223989715211e-01	9.772372209558107e-01
116	9.497770281630690e-01	9.549925860214360e-01
123	9.247290886842658e-01	9.332543007969910e-01
130	8.815956396420442e-01	8.912509381337456e-01
144	8.698223071960076e-01	8.709635899560807e-01
151	8.508099756457810e-01	8.511380382023764e-01
982	8.296359572943873e-01	8.317637711026710e-01
1110	7.990233496493880e-01	8.128305161640993e-01
1131	7.915634907797736e-01	7.943282347242815e-01
1133	7.693845054909688e-01	7.762471166286917e-01
1134	7.402781696929283e-01	7.413102413009175e-01
1576	7.035398720898982e-01	7.079457843841379e-01
2531	6.847814467672362e-01	6.918309709189365e-01
2553	6.716075122447842e-01	6.760829753919817e-01
2554	6.585609019839171e-01	6.606934480075960e-01
2869	6.337068873245246e-01	6.456542290346555e-01
2883	6.307809529042021e-01	6.309573444801932e-01
3773	6.157124220247776e-01	6.165950018614822e-01
3953	5.980205487617138e-01	6.025595860743578e-01
3954	5.724493187543280e-01	5.754399373371569e-01
4816	5.601951942685908e-01	5.623413251903491e-01
4818	5.413444949861866e-01	5.495408738576245e-01
5154	5.208979812605804e-01	5.248074602497725e-01
6056	5.101462027025538e-01	5.128613839913648e-01
6193	4.866871514737893e-01	4.897788193684462e-01
6215	4.749591863115363e-01	4.786300923226383e-01
6216	4.633716937321796e-01	4.677351412871982e-01
6217	4.406121561351265e-01	4.466835921509631e-01
6574	4.183717774752914e-01	4.265795188015927e-01
7316	4.162731604981635e-01	4.168693834703354e-01
7478	4.022342694646435e-01	4.073802778041127e-01
7555	3.905637351135238e-01	3.981071705534972e-01
7639	3.703934305513024e-01	3.715352290971726e-01
8011	3.449820576616569e-01	3.467368504525316e-01
8046	3.245900728952692e-01	3.311311214825911e-01
10244	3.063289680496247e-01	3.090295432513591e-01
19423	3.014397425504072e-01	3.019951720402016e-01
19577	2.890613924494406e-01	2.951209226666385e-01
19601	2.752240562673401e-01	2.754228703338166e-01
19617	2.485854758798171e-01	2.511886431509580e-01
19674	2.068132079825502e-01	2.089296130854039e-01
19789	1.691260894375498e-01	1.698243652461744e-01
19903	1.354016013834268e-01	1.380384264602885e-01
19929	1.056404229104353e-01	1.071519305237607e-01
19959	7.997153212113706e-02	8.128305161640990e-02
19989	5.837153153763286e-02	5.888436553555890e-02
20019	4.059053369776822e-02	4.073802778041128e-02
20070	2.643908177374321e-02	2.691534803926915e-02
20675	2.628605158586217e-02	2.630267991895381e-02
30976	2.569135926384714e-02	2.570395782768863e-02
300000	2.565511216178074e-02	2.570395782768863e-02
%
% index = 1607, name = bbob_f020_i07_d03__bbob_f020_i08_d03
% instance = 3, reference value = 9.818291376883550e-01
% function evaluation | indicator value | target hit
1	1.553653141148210e-01	1.584893192461113e-01
23	1.544526426761980e-01	1.548816618912481e-01
32	1.495115144470215e-01	1.513561248436208e-01
39	1.463721302660129e-01	1.479108388168208e-01
46	1.441496456291561e-01	1.445439770745928e-01
1077	1.408014186448040e-01	1.412537544622754e-01
1122	1.366920233775459e-01	1.380384264602885e-01
1368	1.315068366198677e-01	1.318256738556407e-01
1682	1.221406346042634e-01	1.230268770812381e-01
1825	1.092896500130291e-01	1.096478196143185e-01
1987	9.997595602260989e-02	1.000000000000000e-01
2087	9.386641318476752e-02	9.549925860214359e-02
2145	9.062298748712960e-02	9.120108393559097e-02
3169	8.838169753327718e-02	8.912509381337455e-02
3827	8.651876852639673e-02	8.709635899560805e-02
3843	8.286370545050403e-02	8.317637711026708e-02
3861	7.583576813369297e-02	7.585775750291836e-02
3887	6.289250948436065e-02	6.309573444801933e-02
3935	4.419691264173364e-02	4.466835921509630e-02
72744	3.539722544591573e-02	3.548133892335755e-02
72800	2.225333942063012e-02	2.238721138568340e-02
72866	1.266022782447962e-02	1.288249551693134e-02
73064	6.305378368437808e-03	6.309573444801930e-03
73123	2.834964154813546e-03	2.884031503126605e-03
73179	2.021686940090861e-03	2.041737944669530e-03
73202	1.992791231870017e-03	1.995262314968879e-03
77609	1.823546990907809e-03	1.862087136662868e-03
77658	1.702766872158423e-03	1.737800828749376e-03
77780	1.608550285008947e-03	1.621810097358930e-03
77993	1.559396835548066e-03	1.584893192461114e-03
78403	1.548772427386824e-03	1.548816618912481e-03
86316	1.513504162348078e-03	1.513561248436209e-03
141332	1.437646138205073e-03	1.445439770745928e-03
141339	1.404774238590090e-03	1.412537544622754e-03
142060	1.377724317404461e-03	1.380384264602885e-03
142242	1.342760922257269e-03	1.348962882591653e-03
142265	1.310219366797538e-03	1.318256738556408e-03
142302	1.284925984839758e-03	1.288249551693134e-03
180958	1.160109188874436e-03	1.174897554939529e-03
181068	1.125120950997482e-03	1.148153621496883e-03
181208	1.083626321329856e-03	1.096478196143185e-03
181237	1.056802781467137e-03	1.071519305237606e-03
181346	1.046870206503181e-03	1.047128548050900e-03
183542	9.964099764526724e-04	1.000000000000000e-03
183739	9.609076833645425e-04	9.772372209558111e-04
183897	9.315205726582176e-04	9.332543007969915e-04
183957	9.095148459151714e-04	9.120108393559096e-04
300000	8.935842565771512e-04	9.120108393559096e-04
%
% index = 1608, name = bbob_f020_i09_d03__bbob_f020_i10_d03
% instance = 4, reference value = 9.997847143406190e-01
% function evaluation | indicator value | target hit
1	5.562395393224341e+01	5.623413251903491e+01
24	5.435744940932415e+01	5.495408738576246e+01
25	5.310545849674710e+01	5.370317963702527e+01
32	5.108006773644641e+01	5.128613839913648e+01
39	4.790421109004369e+01	4.897788193684461e+01
46	4.483028460418106e+01	4.570881896148749e+01
53	4.185870001111964e+01	4.265795188015925e+01
60	3.898967184124187e+01	3.981071705534973e+01
67	3.622312789087309e+01	3.630780547701014e+01
74	3.355874560001083e+01	3.388441561392025e+01
81	3.099610044850855e+01	3.162277660168379e+01
88	2.853490530837677e+01	2.884031503126606e+01
95	2.617525354895706e+01	2.630267991895381e+01
102	2.391767973458417e+01	2.398832919019490e+01
109	2.176286811213713e+01	2.187761623949553e+01
116	1.971108743246980e+01	1.995262314968880e+01
123	1.776180836133949e+01	1.778279410038923e+01
130	1.591405421261329e+01	1.621810097358930e+01
137	1.416744152998786e+01	1.445439770745927e+01
144	1.252293385783858e+01	1.258925411794167e+01
151	1.098220511240202e+01	1.122018454301964e+01
158	9.545885183259605e+00	9.549925860214358e+00
165	8.212763097937543e+00	8.317637711026711e+00
172	6.981667497796577e+00	7.079457843841379e+00
179	5.854355082829828e+00	5.888436553555890e+00
186	4.835366849561709e+00	4.897788193684462e+00
193	3.928619790471731e+00	3.981071705534972e+00
200	3.137884168774344e+00	3.162277660168380e+00
207	2.476857397536119e+00	2.511886431509580e+00
214	1.916099855349619e+00	1.949844599758045e+00
221	1.430519451127619e+00	1.445439770745927e+00
228	1.016901742817619e+00	1.023292992280754e+00
235	6.918934142073196e-01	7.079457843841379e-01
242	4.111118314770713e-01	4.168693834703354e-01
249	3.123321561526649e-01	3.162277660168379e-01
256	2.514074978685873e-01	2.570395782768864e-01
263	1.425138079284194e-01	1.445439770745928e-01
270	7.663321751395802e-02	7.762471166286916e-02
277	3.090967931704569e-02	3.162277660168379e-02
284	2.105195595925768e-02	2.137962089502233e-02
291	6.409482162853974e-03	6.456542290346556e-03
298	2.328204368979514e-03	2.344228815319923e-03
305	1.974420637690821e-03	1.995262314968879e-03
312	1.698638076862879e-03	1.737800828749376e-03
326	1.650787943181187e-03	1.659586907437561e-03
333	1.392122420971864e-03	1.412537544622754e-03
340	1.254585807321962e-03	1.258925411794167e-03
347	9.712928908168772e-04	9.772372209558111e-04
361	9.429117965353839e-04	9.549925860214359e-04
771	9.060665739237805e-04	9.120108393559096e-04
846	7.396693379008168e-04	7.413102413009177e-04
1736	7.221273500372938e-04	7.244359600749898e-04
2097	7.035513853913544e-04	7.079457843841380e-04
2849	6.905150548676131e-04	6.918309709189362e-04
4087	6.636268203614737e-04	6.760829753919819e-04
4167	6.605757500172116e-04	6.606934480075957e-04
5289	5.848120473356255e-04	5.888436553555889e-04
5821	5.683990615097390e-04	5.754399373371566e-04
5922	5.563927799482338e-04	5.623413251903491e-04
6033	5.483102081424995e-04	5.495408738576248e-04
28314	4.735152573198675e-04	4.786300923226385e-04
74165	4.543052141134929e-04	4.570881896148752e-04
149368	3.660354469989802e-04	3.715352290971724e-04
149375	2.724631770939512e-04	2.754228703338166e-04
149382	2.515268654038616e-04	2.570395782768865e-04
149389	2.496852716588061e-04	2.511886431509580e-04
149396	2.386188879115458e-04	2.398832919019490e-04
149403	2.282326529133849e-04	2.290867652767772e-04
149410	1.761387055094765e-04	1.778279410038923e-04
149859	1.700662894258409e-04	1.737800828749376e-04
149925	1.641140189075907e-04	1.659586907437562e-04
150676	1.620415876260051e-04	1.621810097358930e-04
150745	1.555033023018515e-04	1.584893192461114e-04
150798	1.470807156160880e-04	1.479108388168207e-04
150855	1.312826344677109e-04	1.318256738556407e-04
150913	1.038961070299882e-04	1.047128548050900e-04
151007	6.568858769917529e-05	6.606934480075965e-05
151070	4.179613552313111e-05	4.265795188015926e-05
151086	4.164721076338473e-05	4.168693834703355e-05
151169	2.826772756403528e-05	2.884031503126606e-05
151194	2.818105043744801e-05	2.818382931264455e-05
151278	2.400519586021055e-05	2.454708915685029e-05
151291	2.398485007903961e-05	2.398832919019490e-05
151296	2.341291292162762e-05	2.344228815319923e-05
151298	2.236682036038662e-05	2.238721138568338e-05
255109	1.784669173476860e-05	1.819700858609983e-05
255218	1.632953163188677e-05	1.659586907437560e-05
255225	1.604269890553844e-05	1.621810097358930e-05
255232	1.554135136072610e-05	1.584893192461114e-05
255233	1.524029783117609e-05	1.548816618912483e-05
255247	1.504675239649700e-05	1.513561248436207e-05
255261	1.466611501654835e-05	1.479108388168207e-05
255406	1.444434387021243e-05	1.445439770745928e-05
266940	1.284376244148344e-05	1.288249551693135e-05
267036	1.236180583974456e-05	1.258925411794166e-05
267079	1.208389155638034e-05	1.230268770812381e-05
267165	1.190330670530759e-05	1.202264434617413e-05
267248	1.170822195650789e-05	1.174897554939530e-05
267496	1.145828084403444e-05	1.148153621496882e-05
267870	1.121995770525519e-05	1.122018454301963e-05
300000	1.103198196961142e-05	1.122018454301963e-05
%
% index = 1609, name = bbob_f020_i11_d03__bbob_f020_i12_d03
% instance = 5, reference value = 9.984715143838480e-01
% function evaluation | indicator value | target hit
1	6.159241087712859e-01	6.165950018614822e-01
45	5.938169488539858e-01	6.025595860743578e-01
52	5.807890620153648e-01	5.888436553555889e-01
59	5.015764513125538e-01	5.128613839913648e-01
66	5.004176440875834e-01	5.011872336272722e-01
727	4.686747015207099e-01	4.786300923226383e-01
1097	4.584018534841109e-01	4.677351412871982e-01
1727	4.311291573468164e-01	4.365158322401660e-01
1741	3.726337483331875e-01	3.801893963205612e-01
1748	3.670300098744796e-01	3.715352290971726e-01
3167	3.629022687792430e-01	3.630780547701014e-01
3387	3.468780529887818e-01	3.548133892335755e-01
3457	3.384186332671156e-01	3.388441561392025e-01
5580	3.267380392389492e-01	3.311311214825911e-01
5587	2.861287086489079e-01	2.884031503126606e-01
5594	2.550367390583173e-01	2.570395782768864e-01
6873	2.511621812693318e-01	2.511886431509580e-01
7051	2.443708146248890e-01	2.454708915685030e-01
7116	2.370419694272126e-01	2.398832919019490e-01
7184	2.218540306289241e-01	2.238721138568339e-01
7360	2.166205733982655e-01	2.187761623949552e-01
8653	1.641390301614426e-01	1.659586907437560e-01
9247	1.607709478841575e-01	1.621810097358930e-01
9254	1.305740808540660e-01	1.318256738556407e-01
12808	1.286466006711501e-01	1.288249551693134e-01
13180	1.253807941915090e-01	1.258925411794167e-01
14823	1.184697247277764e-01	1.202264434617413e-01
14848	1.117193409274103e-01	1.122018454301964e-01
15011	9.168823259854630e-02	9.332543007969910e-02
15168	7.688014470007432e-02	7.762471166286916e-02
15563	7.557219217700373e-02	7.585775750291836e-02
15643	7.026171192783992e-02	7.079457843841380e-02
43405	6.215209343773431e-02	6.309573444801933e-02
43563	5.192591399151492e-02	5.248074602497726e-02
43662	4.206011158955636e-02	4.265795188015926e-02
43761	3.396008275228335e-02	3.467368504525317e-02
43852	2.718599100000330e-02	2.754228703338166e-02
43992	2.075715639009346e-02	2.089296130854040e-02
44081	1.527894849959543e-02	1.548816618912481e-02
44194	1.059697602566401e-02	1.071519305237606e-02
44280	6.961356882860037e-03	7.079457843841380e-03
44368	4.114590456752998e-03	4.168693834703355e-03
44479	1.915066474792448e-03	1.949844599758046e-03
44547	6.793446714351559e-04	6.918309709189362e-04
44689	6.743200512042691e-04	6.760829753919819e-04
44830	3.545000709979096e-04	3.548133892335753e-04
45094	3.049352393603710e-04	3.090295432513592e-04
45113	3.016460083699046e-04	3.019951720402016e-04
45230	2.785255504367257e-04	2.818382931264455e-04
45249	2.752225207246495e-04	2.754228703338166e-04
45391	2.523838353305496e-04	2.570395782768865e-04
45559	2.469688566373307e-04	2.511886431509580e-04
47777	2.452942750045262e-04	2.454708915685031e-04
67332	2.388431592169615e-04	2.398832919019490e-04
67353	2.308021121665282e-04	2.344228815319923e-04
67889	2.276767213579278e-04	2.290867652767772e-04
67966	2.203069799310287e-04	2.238721138568340e-04
69059	2.167804648980365e-04	2.187761623949552e-04
69094	2.111013764432013e-04	2.137962089502232e-04
69136	2.069217521644129e-04	2.089296130854039e-04
72614	2.038364134283599e-04	2.041737944669530e-04
85732	1.933619324544500e-04	1.949844599758046e-04
89476	1.895661480039168e-04	1.905460717963246e-04
102993	1.781122155815051e-04	1.819700858609983e-04
103047	1.674060591565496e-04	1.698243652461744e-04
103163	1.568552465078810e-04	1.584893192461114e-04
103240	1.467216337601718e-04	1.479108388168207e-04
103351	1.373814998548717e-04	1.380384264602885e-04
103467	1.345270577488566e-04	1.348962882591653e-04
103562	1.269385149634816e-04	1.288249551693134e-04
103689	1.206841077215914e-04	1.230268770812381e-04
103802	1.161591282198282e-04	1.174897554939529e-04
103912	1.112131567516661e-04	1.122018454301963e-04
104133	1.077625346935784e-04	1.096478196143185e-04
104228	1.050794147272605e-04	1.071519305237606e-04
104309	1.024703353111889e-04	1.047128548050900e-04
104384	9.989149557942945e-05	1.000000000000000e-04
104495	9.732664594386264e-05	9.772372209558111e-05
104544	9.481744159722805e-05	9.549925860214369e-05
104646	9.233566206667820e-05	9.332543007969905e-05
104728	8.993220207897945e-05	9.120108393559096e-05
104807	8.764922613357928e-05	8.912509381337459e-05
104899	8.541141450979506e-05	8.709635899560814e-05
104979	8.490292350926687e-05	8.511380382023759e-05
105130	8.168804882879854e-05	8.317637711026709e-05
105193	7.992776134835289e-05	8.128305161640995e-05
105285	7.829221569999323e-05	7.943282347242822e-05
105375	7.750339203793644e-05	7.762471166286911e-05
105549	7.447435650531631e-05	7.585775750291836e-05
105646	7.320118864606595e-05	7.413102413009176e-05
105808	7.207825548427582e-05	7.244359600749906e-05
105940	7.025968808704874e-05	7.079457843841373e-05
106173	6.868917919977680e-05	6.918309709189363e-05
106441	6.729530997562350e-05	6.760829753919819e-05
106535	6.597511714712123e-05	6.606934480075965e-05
106731	6.403373577057447e-05	6.456542290346549e-05
106935	6.276279502326343e-05	6.309573444801929e-05
107047	6.150643162805558e-05	6.165950018614822e-05
107285	5.966100082765990e-05	6.025595860743581e-05
107483	5.846015968824503e-05	5.888436553555884e-05
107665	5.720776817574880e-05	5.754399373371566e-05
107838	5.608442627036414e-05	5.623413251903491e-05
108105	5.476285351357912e-05	5.495408738576248e-05
108233	5.369565866530923e-05	5.370317963702532e-05
108429	5.245920429619577e-05	5.248074602497723e-05
108697	5.116714525210675e-05	5.128613839913648e-05
108971	4.995528362006230e-05	5.011872336272725e-05
109295	4.880237709226076e-05	4.897788193684466e-05
109635	4.774240110261285e-05	4.786300923226380e-05
110109	4.662915228037523e-05	4.677351412871981e-05
110498	4.567092948670748e-05	4.570881896148752e-05
111143	4.460690831320502e-05	4.466835921509635e-05
111509	4.361383558937337e-05	4.365158322401657e-05
111834	4.264119007346689e-05	4.265795188015926e-05
112375	4.153768086423426e-05	4.168693834703355e-05
112841	4.061129427923582e-05	4.073802778041130e-05
113267	3.970893587657010e-05	3.981071705534969e-05
113688	3.887942558500335e-05	3.890451449942805e-05
114113	3.796140028600181e-05	3.801893963205612e-05
114860	3.705310384527483e-05	3.715352290971728e-05
115361	3.626411843815625e-05	3.630780547701010e-05
116069	3.546304161539116e-05	3.548133892335753e-05
116684	3.459642289493914e-05	3.467368504525317e-05
117678	3.387901425933038e-05	3.388441561392028e-05
118930	3.306763737154217e-05	3.311311214825908e-05
120478	3.232709256595356e-05	3.235936569296281e-05
121016	3.159291607413017e-05	3.162277660168380e-05
121696	3.088369556625281e-05	3.090295432513592e-05
122381	3.019633532252985e-05	3.019951720402019e-05
123224	2.951078386081996e-05	2.951209226666384e-05
124073	2.883571422962472e-05	2.884031503126606e-05
125264	2.816834411478730e-05	2.818382931264455e-05
126286	2.752068242217742e-05	2.754228703338169e-05
128054	2.690765744428614e-05	2.691534803926914e-05
130566	2.629683446753184e-05	2.630267991895381e-05
132046	2.570273812751989e-05	2.570395782768864e-05
132885	2.511834451890405e-05	2.511886431509582e-05
134191	2.453985397432579e-05	2.454708915685029e-05
136192	2.398828601934966e-05	2.398832919019490e-05
137729	2.344122266884074e-05	2.344228815319923e-05
143494	2.290830125251109e-05	2.290867652767775e-05
144856	2.238537125687223e-05	2.238721138568338e-05
147178	2.187586799540231e-05	2.187761623949552e-05
151263	2.137947985914046e-05	2.137962089502232e-05
154708	2.089261353976912e-05	2.089296130854041e-05
184592	1.970407756179959e-05	1.995262314968879e-05
184651	1.905858337936106e-05	1.949844599758046e-05
184720	1.904818219955473e-05	1.905460717963248e-05
205992	1.830841971939279e-05	1.862087136662866e-05
262519	1.753025703921107e-05	1.778279410038923e-05
262573	1.620793087153682e-05	1.621810097358930e-05
262629	1.375581421303451e-05	1.380384264602884e-05
262693	9.458448607779779e-06	9.549925860214369e-06
262759	4.195757668745692e-06	4.265795188015926e-06
262828	3.613065635788004e-06	3.630780547701010e-06
265252	2.933299561802549e-06	2.951209226666384e-06
265266	2.513493753908413e-06	2.570395782768865e-06
266705	2.477388176380657e-06	2.511886431509582e-06
267045	2.444555210701083e-06	2.454708915685028e-06
267066	2.392983168841845e-06	2.398832919019490e-06
300000	2.368555039544695e-06	2.398832919019490e-06
%
% index = 1610, name = bbob_f020_i13_d03__bbob_f020_i14_d03
% instance = 6, reference value = 9.818290886901730e-01
% function evaluation | indicator value | target hit
1	6.986499676071499e-01	7.079457843841379e-01
23	6.881568349554829e-01	6.918309709189365e-01
25	6.571672731865442e-01	6.606934480075960e-01
32	6.252280900671292e-01	6.309573444801932e-01
39	5.778394263793298e-01	5.888436553555889e-01
46	5.332181828808326e-01	5.370317963702527e-01
53	4.918663570044945e-01	5.011872336272722e-01
60	4.510009736328224e-01	4.570881896148750e-01
67	4.235601854061499e-01	4.265795188015927e-01
74	4.164919291230743e-01	4.168693834703354e-01
88	4.010942242515984e-01	4.073802778041127e-01
95	3.938651857829270e-01	3.981071705534972e-01
102	3.859629498976122e-01	3.890451449942806e-01
1330	3.772916929789473e-01	3.801893963205612e-01
1414	3.710878422515015e-01	3.715352290971726e-01
1552	3.230618599906324e-01	3.235936569296283e-01
2257	3.093475355458531e-01	3.162277660168379e-01
4752	2.784485682511685e-01	2.818382931264454e-01
20806	2.494751341622152e-01	2.511886431509580e-01
20848	2.076040664944856e-01	2.089296130854039e-01
20906	1.698236050818900e-01	1.698243652461744e-01
20963	1.360104912610154e-01	1.380384264602885e-01
21018	1.061617282862704e-01	1.071519305237607e-01
21062	8.040708049740830e-02	8.128305161640990e-02
21120	5.872690355137766e-02	5.888436553555890e-02
300000	5.846529775108789e-02	5.888436553555890e-02
%
% index = 1611, name = bbob_f020_i15_d03__bbob_f020_i16_d03
% instance = 7, reference value = 9.818290516707670e-01
% function evaluation | indicator value | target hit
1	6.543731364617065e-01	6.606934480075960e-01
24	6.376209245036981e-01	6.456542290346555e-01
25	6.210098579153034e-01	6.309573444801932e-01
32	5.940821708829687e-01	6.025595860743578e-01
39	5.516582101228522e-01	5.623413251903491e-01
46	5.104041549470169e-01	5.128613839913648e-01
53	4.705311780930310e-01	4.786300923226383e-01
60	4.319286820558538e-01	4.365158322401660e-01
67	3.946693054902832e-01	3.981071705534972e-01
74	3.590567380089242e-01	3.630780547701014e-01
81	3.247413072409603e-01	3.311311214825911e-01
88	2.921484774278897e-01	2.951209226666385e-01
95	2.693932951003754e-01	2.754228703338166e-01
102	2.544816585345278e-01	2.570395782768864e-01
109	2.452765513955906e-01	2.454708915685030e-01
337	2.394269091073550e-01	2.398832919019490e-01
991	2.340394444692064e-01	2.344228815319922e-01
1022	2.246989782762990e-01	2.290867652767773e-01
1038	2.125634479268658e-01	2.137962089502232e-01
1068	1.893881657041309e-01	1.905460717963247e-01
1110	1.534634803557535e-01	1.548816618912481e-01
1168	1.214796024076361e-01	1.230268770812381e-01
1226	9.351940979828199e-02	9.549925860214359e-02
1269	6.967782417537682e-02	7.079457843841380e-02
1588	5.902290512629327e-02	6.025595860743578e-02
300000	5.892149971675542e-02	6.025595860743578e-02
%
% index = 1612, name = bbob_f020_i17_d03__bbob_f020_i18_d03
% instance = 8, reference value = 9.818291292853810e-01
% function evaluation | indicator value | target hit
1	4.264657339547531e-01	4.265795188015927e-01
25	4.077551793628594e-01	4.168693834703354e-01
32	3.929661960312186e-01	3.981071705534972e-01
39	3.703577460903411e-01	3.715352290971726e-01
46	3.492894249751892e-01	3.548133892335755e-01
53	3.298211260508795e-01	3.311311214825911e-01
60	3.120002913949271e-01	3.162277660168379e-01
67	2.958358947005688e-01	3.019951720402016e-01
74	2.808299869324693e-01	2.818382931264454e-01
81	2.667913065394476e-01	2.691534803926916e-01
88	2.537130452769555e-01	2.570395782768864e-01
95	2.415572465813722e-01	2.454708915685030e-01
102	2.303287742896304e-01	2.344228815319922e-01
109	2.200583919161490e-01	2.238721138568339e-01
116	2.106874521754381e-01	2.137962089502232e-01
123	2.021859287242652e-01	2.041737944669530e-01
130	1.945795688853930e-01	1.949844599758045e-01
137	1.878694274611743e-01	1.905460717963247e-01
144	1.820671119990434e-01	1.862087136662867e-01
151	1.772139881519745e-01	1.778279410038923e-01
158	1.732382198204075e-01	1.737800828749375e-01
172	1.678411572206020e-01	1.698243652461744e-01
186	1.657097700574287e-01	1.659586907437560e-01
1253	1.611283380550087e-01	1.621810097358930e-01
1360	1.577930320067750e-01	1.584893192461113e-01
1457	1.520919324530337e-01	1.548816618912481e-01
1532	1.451488428096193e-01	1.479108388168208e-01
1645	1.411402498868782e-01	1.412537544622754e-01
2442	1.378568715842101e-01	1.380384264602885e-01
2996	1.307877489690616e-01	1.318256738556407e-01
3082	1.216779288364374e-01	1.230268770812381e-01
3108	1.045616967116060e-01	1.047128548050900e-01
3128	7.900367766909999e-02	7.943282347242814e-02
3214	5.750976773143068e-02	5.754399373371569e-02
4458	4.796772500284330e-02	4.897788193684462e-02
38022	4.785893572506350e-02	4.786300923226382e-02
300000	4.780137741755353e-02	4.786300923226382e-02
%
% index = 1613, name = bbob_f020_i19_d03__bbob_f020_i21_d03
% instance = 9, reference value = 9.997847143353320e-01
% function evaluation | indicator value | target hit
1	7.412342009887457e+00	7.413102413009175e+00
24	7.132247887467106e+00	7.244359600749901e+00
25	6.859468658586199e+00	6.918309709189364e+00
32	6.427098381918418e+00	6.456542290346556e+00
39	5.772536847269071e+00	5.888436553555890e+00
46	5.167881823147174e+00	5.248074602497725e+00
53	4.612498799645229e+00	4.677351412871983e+00
60	4.106149350316397e+00	4.168693834703354e+00
67	3.648846132193064e+00	3.715352290971725e+00
74	3.240545064450268e+00	3.311311214825911e+00
81	2.879790941930832e+00	2.884031503126606e+00
88	2.544904844729332e+00	2.570395782768863e+00
95	2.229742061134832e+00	2.238721138568339e+00
102	1.935438535097832e+00	1.949844599758045e+00
109	1.663026730495832e+00	1.698243652461744e+00
116	1.413293572288332e+00	1.445439770745927e+00
123	1.185997326581832e+00	1.202264434617413e+00
130	9.828241020698940e-01	1.000000000000000e+00
137	8.104442766883355e-01	8.128305161640993e-01
144	6.800660423203537e-01	6.918309709189365e-01
151	5.693261250793746e-01	5.754399373371569e-01
158	4.725337539448454e-01	4.786300923226383e-01
165	3.882144925893843e-01	3.890451449942806e-01
172	3.047681524450846e-01	3.090295432513591e-01
179	2.241655785841324e-01	2.290867652767773e-01
186	1.781616543299642e-01	1.819700858609984e-01
193	1.430772267136797e-01	1.445439770745928e-01
200	9.291180758686868e-02	9.332543007969910e-02
207	6.559109837259547e-02	6.606934480075961e-02
214	3.724934311458150e-02	3.801893963205612e-02
221	1.154702350789250e-02	1.174897554939530e-02
228	3.857450367260151e-03	3.890451449942805e-03
235	1.153556899934793e-03	1.174897554939529e-03
242	8.934977489635232e-04	9.120108393559096e-04
249	8.757876135550013e-04	8.912509381337459e-04
256	8.695564725093030e-04	8.709635899560805e-04
580	8.332762326141996e-04	8.511380382023768e-04
646	7.950353377239594e-04	8.128305161640995e-04
713	7.289646124268856e-04	7.413102413009177e-04
789	6.329486398740647e-04	6.456542290346556e-04
900	5.858898265502788e-04	5.888436553555889e-04
2573	5.749863575836844e-04	5.754399373371566e-04
2705	5.614065830013004e-04	5.623413251903491e-04
2827	5.409063797359170e-04	5.495408738576248e-04
2895	5.288961646514601e-04	5.370317963702527e-04
7414	5.058141242439973e-04	5.128613839913648e-04
7963	5.007571466754124e-04	5.011872336272725e-04
8098	4.850552691364474e-04	4.897788193684461e-04
47682	4.717690693083476e-04	4.786300923226385e-04
47689	4.654056469151069e-04	4.677351412871981e-04
47731	4.475740236197234e-04	4.570881896148752e-04
47738	4.465810885184718e-04	4.466835921509630e-04
48022	4.331741909183728e-04	4.365158322401661e-04
48080	4.236726805132429e-04	4.265795188015926e-04
48147	4.143612703703115e-04	4.168693834703355e-04
48283	4.005274361785771e-04	4.073802778041126e-04
48349	3.896544678442249e-04	3.981071705534974e-04
48416	3.788411363343513e-04	3.801893963205612e-04
239794	3.296453202878968e-04	3.311311214825911e-04
240556	3.131422450367571e-04	3.162277660168379e-04
251449	3.064534943979513e-04	3.090295432513592e-04
251514	2.967985665552897e-04	3.019951720402016e-04
251595	2.810689218316620e-04	2.818382931264455e-04
251662	2.613063115340930e-04	2.630267991895381e-04
251752	2.543166447104284e-04	2.570395782768865e-04
252298	2.502970647191294e-04	2.511886431509580e-04
252444	2.418068417180397e-04	2.454708915685031e-04
252511	2.350175248739816e-04	2.398832919019490e-04
252601	2.325398819955637e-04	2.344228815319923e-04
300000	2.316621652236339e-04	2.344228815319923e-04
%
% index = 1614, name = bbob_f020_i21_d03__bbob_f020_i22_d03
% instance = 10, reference value = 9.984714955135100e-01
% function evaluation | indicator value | target hit
1	2.712685737329010e+00	2.754228703338166e+00
23	2.679384564353010e+00	2.691534803926916e+00
25	2.580788315104510e+00	2.630267991895382e+00
32	2.474924145267510e+00	2.511886431509580e+00
39	2.309082046017510e+00	2.344228815319922e+00
46	2.148877811554010e+00	2.187761623949553e+00
53	1.995108966062510e+00	1.995262314968880e+00
60	1.848379419243510e+00	1.862087136662868e+00
67	1.707479225260510e+00	1.737800828749375e+00
74	1.569659531886010e+00	1.584893192461114e+00
88	1.508891974080510e+00	1.513561248436208e+00
95	1.382601695557510e+00	1.412537544622754e+00
102	1.345401669927510e+00	1.348962882591654e+00
109	1.299454027489510e+00	1.318256738556407e+00
130	1.277168044171010e+00	1.288249551693134e+00
137	1.157711506303510e+00	1.174897554939530e+00
144	1.104967311296010e+00	1.122018454301963e+00
151	1.094862227667510e+00	1.096478196143185e+00
193	1.056283081650510e+00	1.071519305237606e+00
214	9.472121707921225e-01	9.549925860214360e-01
221	9.140908506346086e-01	9.332543007969910e-01
228	8.089010693167209e-01	8.128305161640993e-01
235	7.728183343485264e-01	7.762471166286917e-01
242	7.408712927459828e-01	7.413102413009175e-01
249	7.094888000244192e-01	7.244359600749900e-01
256	6.782982483826043e-01	6.918309709189365e-01
263	5.839858546160182e-01	5.888436553555889e-01
270	5.590938252814417e-01	5.623413251903491e-01
277	5.358854960125088e-01	5.370317963702527e-01
284	5.124947733065797e-01	5.128613839913648e-01
291	4.967774045440719e-01	5.011872336272722e-01
298	4.116601951044936e-01	4.168693834703354e-01
305	3.915591979541904e-01	3.981071705534972e-01
312	3.720092835592349e-01	3.801893963205612e-01
319	3.534206708888288e-01	3.548133892335755e-01
326	3.329728145049529e-01	3.388441561392025e-01
333	2.655846495074472e-01	2.691534803926916e-01
340	2.495537787358860e-01	2.511886431509580e-01
347	2.341579607804551e-01	2.344228815319922e-01
354	2.186129781173987e-01	2.187761623949552e-01
361	2.031924235707769e-01	2.041737944669530e-01
368	1.535523616730607e-01	1.548816618912481e-01
375	1.415458826278759e-01	1.445439770745928e-01
382	1.319373470114856e-01	1.348962882591654e-01
389	1.275345116722869e-01	1.288249551693134e-01
410	1.234328426379465e-01	1.258925411794167e-01
417	1.198195997364637e-01	1.202264434617413e-01
424	1.044638730143010e-01	1.047128548050900e-01
431	1.015871347391011e-01	1.023292992280754e-01
445	9.923219747638956e-02	1.000000000000000e-01
452	9.669965696664229e-02	9.772372209558107e-02
459	9.184188729762310e-02	9.332543007969910e-02
466	8.644360680968632e-02	8.709635899560805e-02
480	8.342318708982344e-02	8.511380382023763e-02
487	8.085926485077954e-02	8.128305161640990e-02
494	7.653771577693358e-02	7.762471166286916e-02
501	7.224906768210426e-02	7.244359600749903e-02
515	7.055687208047201e-02	7.079457843841380e-02
522	6.853696484269500e-02	6.918309709189366e-02
529	6.681290619993718e-02	6.760829753919818e-02
536	6.221515568673908e-02	6.309573444801933e-02
543	5.942555463462407e-02	6.025595860743578e-02
557	5.790814829506075e-02	5.888436553555890e-02
564	5.734707500971059e-02	5.754399373371569e-02
571	5.503135231022227e-02	5.623413251903491e-02
578	5.274747812707548e-02	5.370317963702527e-02
592	5.226936586813447e-02	5.248074602497726e-02
613	4.989445836373219e-02	5.011872336272722e-02
5503	4.877002121342078e-02	4.897788193684462e-02
5663	4.668549221265650e-02	4.677351412871981e-02
5800	4.402331598431097e-02	4.466835921509630e-02
5916	3.908680569955580e-02	3.981071705534973e-02
6035	3.177082124710262e-02	3.235936569296283e-02
6147	2.510621900888954e-02	2.511886431509579e-02
6247	1.893422039583037e-02	1.905460717963247e-02
6336	1.373053580048245e-02	1.380384264602885e-02
6420	9.319140142646010e-03	9.332543007969915e-03
6512	5.993064403883142e-03	6.025595860743574e-03
6594	3.321399756314625e-03	3.388441561392024e-03
6685	1.392186421948383e-03	1.412537544622754e-03
6761	4.822213100683648e-04	4.897788193684461e-04
6929	4.739097317608687e-04	4.786300923226385e-04
7066	2.941525040340842e-04	2.951209226666387e-04
7235	2.883913013459471e-04	2.884031503126605e-04
7239	2.774532640702487e-04	2.818382931264455e-04
7275	2.741471172847953e-04	2.754228703338166e-04
8097	2.507336651224046e-04	2.511886431509580e-04
8208	2.260897162307263e-04	2.290867652767772e-04
8400	2.229084636445888e-04	2.238721138568340e-04
10952	2.187425141172428e-04	2.187761623949552e-04
11021	2.072342239889391e-04	2.089296130854039e-04
13704	2.039233498295490e-04	2.041737944669530e-04
85715	1.995207607087268e-04	1.995262314968879e-04
86062	1.948351422045302e-04	1.949844599758046e-04
86752	1.905407266598047e-04	1.905460717963246e-04
87211	1.860553140715648e-04	1.862087136662868e-04
87572	1.803859503274330e-04	1.819700858609983e-04
87579	1.767593845272142e-04	1.778279410038923e-04
87614	1.734199336086428e-04	1.737800828749376e-04
150689	1.603826768123984e-04	1.621810097358930e-04
150780	1.498097378804797e-04	1.513561248436209e-04
150895	1.395005606459332e-04	1.412537544622754e-04
151006	1.304624730388282e-04	1.318256738556407e-04
151083	1.226669632149457e-04	1.230268770812381e-04
151148	1.155568255630790e-04	1.174897554939529e-04
151264	1.096486106466621e-04	1.122018454301963e-04
151320	1.064535476472672e-04	1.071519305237606e-04
151483	1.027058349065690e-04	1.047128548050900e-04
151662	1.016043169967951e-04	1.023292992280754e-04
151785	9.890555311542482e-05	1.000000000000000e-04
151858	9.620812992638950e-05	9.772372209558111e-05
151967	9.362754436514908e-05	9.549925860214369e-05
152053	9.110089444130942e-05	9.120108393559096e-05
152155	8.857600175948832e-05	8.912509381337459e-05
152238	8.613306813443078e-05	8.709635899560814e-05
152323	8.392064564433088e-05	8.511380382023759e-05
152434	8.176261115699912e-05	8.317637711026709e-05
152545	7.980873306900893e-05	8.128305161640995e-05
152595	7.799336217195751e-05	7.943282347242822e-05
152720	7.624007784157172e-05	7.762471166286911e-05
152776	7.479430035872703e-05	7.585775750291836e-05
152884	7.336115701850332e-05	7.413102413009176e-05
152969	7.186825355454118e-05	7.244359600749906e-05
153086	7.067004567273827e-05	7.079457843841373e-05
153252	6.862153524833658e-05	6.918309709189363e-05
153526	6.740787052017527e-05	6.760829753919819e-05
153742	6.584741004689310e-05	6.606934480075965e-05
154020	6.428739079167300e-05	6.456542290346549e-05
154305	6.276090728529748e-05	6.309573444801929e-05
154471	6.143336902053598e-05	6.165950018614822e-05
154621	6.010804662681668e-05	6.025595860743581e-05
154771	5.883950384788506e-05	5.888436553555884e-05
154990	5.721333056940558e-05	5.754399373371566e-05
155101	5.592716865854275e-05	5.623413251903491e-05
155312	5.470620549841154e-05	5.495408738576248e-05
155466	5.356580830073732e-05	5.370317963702532e-05
155700	5.196395256323871e-05	5.248074602497723e-05
155832	5.101007043251116e-05	5.128613839913648e-05
156051	4.970952436877951e-05	5.011872336272725e-05
156236	4.887627772820480e-05	4.897788193684466e-05
156508	4.778296758234379e-05	4.786300923226380e-05
156788	4.650592763777439e-05	4.677351412871981e-05
157144	4.553583123101390e-05	4.570881896148752e-05
157606	4.464118220526281e-05	4.466835921509635e-05
158203	4.346287332357424e-05	4.365158322401657e-05
158593	4.264565068867743e-05	4.265795188015926e-05
159137	4.165572692826913e-05	4.168693834703355e-05
159556	4.063514423546799e-05	4.073802778041130e-05
159945	3.965522501914176e-05	3.981071705534969e-05
160234	3.887424987492061e-05	3.890451449942805e-05
160732	3.795485068092130e-05	3.801893963205612e-05
161028	3.712661621335656e-05	3.715352290971728e-05
161491	3.627561891905717e-05	3.630780547701010e-05
161904	3.542840946235692e-05	3.548133892335753e-05
162438	3.458233168585068e-05	3.467368504525317e-05
163012	3.382837078891310e-05	3.388441561392028e-05
163941	3.308459503326144e-05	3.311311214825908e-05
164824	3.232020865562291e-05	3.235936569296281e-05
165908	3.161235993842659e-05	3.162277660168380e-05
167140	3.086130889606853e-05	3.090295432513592e-05
168447	3.016255412902069e-05	3.019951720402019e-05
168972	2.951023018205046e-05	2.951209226666384e-05
169654	2.881650302577476e-05	2.884031503126606e-05
170401	2.817918348074766e-05	2.818382931264455e-05
171541	2.751925843269554e-05	2.754228703338169e-05
172397	2.689983439985166e-05	2.691534803926914e-05
173207	2.628333243936964e-05	2.630267991895381e-05
175270	2.569727000945043e-05	2.570395782768864e-05
177415	2.510953507428582e-05	2.511886431509582e-05
179608	2.453664313117887e-05	2.454708915685029e-05
180533	2.398524366320487e-05	2.398832919019490e-05
181705	2.344116146002495e-05	2.344228815319923e-05
182934	2.290810613014838e-05	2.290867652767775e-05
184603	2.238463476234021e-05	2.238721138568338e-05
188520	2.187706418133040e-05	2.187761623949552e-05
191738	2.137910679866906e-05	2.137962089502232e-05
194132	1.997711155332649e-05	2.041737944669527e-05
194139	1.993212051365489e-05	1.995262314968879e-05
196596	1.922057885528350e-05	1.949844599758046e-05
196659	1.787984571710588e-05	1.819700858609983e-05
196724	1.593654538945000e-05	1.621810097358930e-05
196791	1.465951951307165e-05	1.479108388168207e-05
198877	1.445340740680034e-05	1.445439770745928e-05
203675	1.042695708319830e-05	1.047128548050899e-05
203682	1.007746213943506e-05	1.023292992280754e-05
205883	9.994587573114444e-06	1.000000000000000e-05
205945	8.843347832798720e-06	8.912509381337459e-06
206306	8.702443538677329e-06	8.709635899560814e-06
207353	8.510310004705701e-06	8.511380382023760e-06
300000	8.399994446572911e-06	8.511380382023760e-06
