%
% index = 810, name = bbob_f021_i02_d02__bbob_f021_i04_d02
% instance = 1, reference value = 9.949120135638360e-01
% function evaluation | indicator value | target hit
1	3.099789814563273e-01	3.162277660168379e-01
17	3.087919588725737e-01	3.090295432513591e-01
20	3.018959654861360e-01	3.019951720402016e-01
31	2.920465667965628e-01	2.951209226666385e-01
36	2.748602897781288e-01	2.754228703338166e-01
65	2.681471928000937e-01	2.691534803926916e-01
539	2.419175221163467e-01	2.454708915685030e-01
1207	2.283295580021634e-01	2.290867652767773e-01
1230	2.150476546670274e-01	2.187761623949552e-01
1259	2.048334715755865e-01	2.089296130854039e-01
1310	2.041643849922340e-01	2.041737944669530e-01
1317	1.992382001811133e-01	1.995262314968880e-01
1392	1.944492021707575e-01	1.949844599758045e-01
1463	1.900733077118580e-01	1.905460717963247e-01
9392	1.849898726984013e-01	1.862087136662867e-01
9423	1.816466487826004e-01	1.819700858609984e-01
10043	1.767828777406065e-01	1.778279410038923e-01
23113	1.595072887018755e-01	1.621810097358930e-01
23118	1.573683059970044e-01	1.584893192461113e-01
29535	1.537742798852491e-01	1.548816618912481e-01
35329	1.420178988212986e-01	1.445439770745928e-01
35352	1.171828639080719e-01	1.174897554939529e-01
35494	1.136466285193296e-01	1.148153621496883e-01
35538	1.118504013569810e-01	1.122018454301964e-01
45808	1.008449082049233e-01	1.023292992280754e-01
45843	9.593975751911332e-02	9.772372209558107e-02
45894	9.532068203314459e-02	9.549925860214359e-02
82283	9.316654212645781e-02	9.332543007969910e-02
82288	8.976871827869548e-02	9.120108393559097e-02
82293	5.112353583909957e-02	5.128613839913648e-02
82298	4.856871012852382e-02	4.897788193684462e-02
82303	4.752380880000806e-02	4.786300923226382e-02
82308	4.580772179785608e-02	4.677351412871981e-02
82313	2.752275379035651e-02	2.754228703338166e-02
82318	1.668544790632642e-02	1.698243652461744e-02
82323	1.621242140053047e-02	1.621810097358930e-02
82420	1.572554386931213e-02	1.584893192461113e-02
82442	1.534235496363678e-02	1.548816618912481e-02
82462	1.470955944541663e-02	1.479108388168207e-02
82488	1.381420631173969e-02	1.412537544622754e-02
82520	1.272943167444640e-02	1.288249551693134e-02
82554	1.088955949497306e-02	1.096478196143185e-02
82592	7.291596157780300e-03	7.413102413009177e-03
82631	4.690661199027391e-03	4.786300923226385e-03
82670	3.797154078216902e-03	3.801893963205613e-03
82706	3.537187315971857e-03	3.548133892335753e-03
82998	3.435095453103387e-03	3.467368504525317e-03
83019	3.352760957030410e-03	3.388441561392024e-03
83041	3.192815683110806e-03	3.235936569296281e-03
83065	2.893306733502854e-03	2.951209226666387e-03
83091	2.381305605386186e-03	2.398832919019490e-03
83123	1.811922381561026e-03	1.819700858609983e-03
83157	1.274901492181124e-03	1.288249551693134e-03
83191	7.812254233984239e-04	7.943282347242813e-04
83229	7.135911978443099e-04	7.244359600749898e-04
84627	7.024279566179015e-04	7.079457843841380e-04
96780	6.902823445822381e-04	6.918309709189362e-04
192013	6.150703332595819e-04	6.165950018614823e-04
192018	5.896214438613212e-04	6.025595860743575e-04
199999	5.896089226783419e-04	6.025595860743575e-04
%
% index = 811, name = bbob_f021_i03_d02__bbob_f021_i05_d02
% instance = 2, reference value = 9.367118033579300e-01
% function evaluation | indicator value | target hit
1	4.082668590213472e-01	4.168693834703354e-01
17	4.068210046505588e-01	4.073802778041127e-01
21	3.917597118528683e-01	3.981071705534972e-01
22	3.845408498788900e-01	3.890451449942806e-01
23	3.798814780855080e-01	3.801893963205612e-01
833	3.715270633549315e-01	3.715352290971726e-01
1077	3.588258512929720e-01	3.630780547701014e-01
1123	3.535199723961251e-01	3.548133892335755e-01
2489	3.438216933810891e-01	3.467368504525316e-01
3234	3.344060846919766e-01	3.388441561392025e-01
3477	3.178983896906235e-01	3.235936569296283e-01
3482	2.844025526086661e-01	2.884031503126606e-01
3487	2.636410722927069e-01	2.691534803926916e-01
3492	2.595306549321693e-01	2.630267991895382e-01
3778	2.562072157989126e-01	2.570395782768864e-01
6242	2.506619525528723e-01	2.511886431509580e-01
6428	2.422753509821346e-01	2.454708915685030e-01
6459	2.375459295945408e-01	2.398832919019490e-01
6489	2.332309947638019e-01	2.344228815319922e-01
6536	2.290734003217711e-01	2.290867652767773e-01
6802	2.230794108991073e-01	2.238721138568339e-01
6864	2.183431033666245e-01	2.187761623949552e-01
6922	2.136393525751954e-01	2.137962089502232e-01
11590	2.068537200835103e-01	2.089296130854039e-01
11595	2.008911016118395e-01	2.041737944669530e-01
11600	1.964086215052481e-01	1.995262314968880e-01
11610	1.941219257802241e-01	1.949844599758045e-01
12385	1.904835148870924e-01	1.905460717963247e-01
12574	1.859788867927854e-01	1.862087136662867e-01
12674	1.635877371090929e-01	1.659586907437560e-01
13200	1.494142540532806e-01	1.513561248436208e-01
13205	1.065821707145318e-01	1.071519305237607e-01
13215	1.033761209965786e-01	1.047128548050900e-01
13364	1.019913159576110e-01	1.023292992280754e-01
13418	9.990693026421427e-02	1.000000000000000e-01
13900	9.699358177842599e-02	9.772372209558107e-02
13967	9.505910304624743e-02	9.549925860214359e-02
14053	8.955000739862951e-02	9.120108393559097e-02
14071	8.908853708306785e-02	8.912509381337455e-02
14074	8.615189042575644e-02	8.709635899560805e-02
14075	8.349091447123036e-02	8.511380382023763e-02
14106	7.905019317378714e-02	7.943282347242814e-02
14143	7.570640701343834e-02	7.585775750291836e-02
15722	7.273148129065377e-02	7.413102413009177e-02
15727	6.666130216243504e-02	6.760829753919818e-02
15732	6.464562379388861e-02	6.606934480075961e-02
15737	6.302145487060906e-02	6.309573444801933e-02
15906	6.156225750515543e-02	6.165950018614822e-02
15975	5.863036776146135e-02	5.888436553555890e-02
16014	5.616512597714018e-02	5.623413251903491e-02
16053	5.371778775735914e-02	5.495408738576246e-02
16775	5.350460202474372e-02	5.370317963702527e-02
17473	5.240933371743040e-02	5.248074602497726e-02
26708	5.123372781325131e-02	5.128613839913648e-02
26726	4.674008697977294e-02	4.677351412871981e-02
26767	4.570153094653051e-02	4.570881896148749e-02
32164	4.463522727065827e-02	4.466835921509630e-02
32229	4.365096433712767e-02	4.365158322401658e-02
55077	4.017077955483050e-02	4.073802778041128e-02
55078	3.969272147430580e-02	3.981071705534973e-02
55264	3.753060590753821e-02	3.801893963205612e-02
55287	3.501630718240423e-02	3.548133892335755e-02
55323	3.413833769455832e-02	3.467368504525317e-02
55341	3.374032715227393e-02	3.388441561392026e-02
55343	3.275188424875886e-02	3.311311214825911e-02
55426	3.177153938841637e-02	3.235936569296283e-02
55464	2.977064145796449e-02	3.019951720402016e-02
55502	2.592703830250831e-02	2.630267991895381e-02
55540	2.438950203982748e-02	2.454708915685030e-02
55565	2.390709836726490e-02	2.398832919019490e-02
55984	2.333076466947870e-02	2.344228815319923e-02
56035	2.285102207585055e-02	2.290867652767773e-02
56106	2.211996356452872e-02	2.238721138568340e-02
59490	2.184622748270715e-02	2.187761623949553e-02
59630	2.102257158494836e-02	2.137962089502233e-02
59693	2.086513546894830e-02	2.089296130854040e-02
59898	2.037186736531038e-02	2.041737944669529e-02
60168	1.992300888811471e-02	1.995262314968880e-02
60882	1.949532565604406e-02	1.949844599758046e-02
64073	1.905454952222974e-02	1.905460717963247e-02
88475	1.744513755162447e-02	1.778279410038923e-02
88480	1.551151238967463e-02	1.584893192461113e-02
88485	1.438022523485394e-02	1.445439770745927e-02
88495	1.408328227740996e-02	1.412537544622754e-02
89994	1.380312018116681e-02	1.380384264602885e-02
90175	1.346949405915576e-02	1.348962882591653e-02
100374	1.316995005902510e-02	1.318256738556407e-02
126326	1.262111434917990e-02	1.288249551693134e-02
126468	1.218582617447483e-02	1.230268770812382e-02
126473	1.191224352102915e-02	1.202264434617413e-02
127616	1.171850914639971e-02	1.174897554939530e-02
138368	1.071663778744758e-02	1.096478196143185e-02
138373	6.476159473086773e-03	6.606934480075957e-03
138378	6.233980332643441e-03	6.309573444801930e-03
139504	6.100523519953382e-03	6.165950018614822e-03
139535	5.864905964765299e-03	5.888436553555890e-03
139568	5.543639584341675e-03	5.623413251903491e-03
139606	3.175516258711153e-03	3.235936569296281e-03
139645	2.770500445252955e-03	2.818382931264455e-03
189026	2.627460581561936e-03	2.630267991895381e-03
189031	2.526674124737727e-03	2.570395782768865e-03
189399	2.435829882953433e-03	2.454708915685031e-03
189404	1.829687188485196e-03	1.862087136662868e-03
189409	1.726968192465539e-03	1.737800828749376e-03
189414	1.692664588998416e-03	1.698243652461744e-03
199982	1.687454188636361e-03	1.698243652461744e-03
%
% index = 812, name = bbob_f021_i07_d02__bbob_f021_i08_d02
% instance = 3, reference value = 9.797437104934950e-01
% function evaluation | indicator value | target hit
1	1.644254138461062e+00	1.659586907437561e+00
20	1.603538340104995e+00	1.621810097358930e+00
21	1.567111213331495e+00	1.584893192461114e+00
22	1.503004800957995e+00	1.513561248436208e+00
23	1.398660803952495e+00	1.412537544622754e+00
28	1.311844484846495e+00	1.318256738556407e+00
33	1.214365375393995e+00	1.230268770812382e+00
38	1.146699771265995e+00	1.148153621496883e+00
43	1.067813396904995e+00	1.071519305237606e+00
48	9.876877273629949e-01	1.000000000000000e+00
632	9.747312557541743e-01	9.772372209558107e-01
671	9.420089663558089e-01	9.549925860214360e-01
692	9.039445666094690e-01	9.120108393559098e-01
713	8.417179903789724e-01	8.511380382023764e-01
734	8.286775038058128e-01	8.317637711026710e-01
740	8.070931507168752e-01	8.128305161640993e-01
786	7.905337754140686e-01	7.943282347242815e-01
787	7.745385133692249e-01	7.762471166286917e-01
851	7.583497014948519e-01	7.585775750291838e-01
1908	7.115274201575637e-01	7.244359600749900e-01
1937	6.735463662606305e-01	6.760829753919817e-01
1970	6.540988400745367e-01	6.606934480075960e-01
2004	6.415487187571282e-01	6.456542290346555e-01
2037	5.811299377190631e-01	5.888436553555889e-01
2201	5.450947495387126e-01	5.495408738576245e-01
2206	5.042028219906297e-01	5.128613839913648e-01
2211	4.971390268932785e-01	5.011872336272722e-01
2848	4.855995303092668e-01	4.897788193684462e-01
2874	4.785557902899552e-01	4.786300923226383e-01
2896	4.594839767828708e-01	4.677351412871982e-01
2943	4.507599089069106e-01	4.570881896148750e-01
3230	4.360485002033490e-01	4.365158322401660e-01
3235	3.880773441418238e-01	3.890451449942806e-01
3240	3.723385481117321e-01	3.801893963205612e-01
3383	3.709286961559191e-01	3.715352290971726e-01
3583	3.626529167837863e-01	3.630780547701014e-01
4529	3.508082284738057e-01	3.548133892335755e-01
4530	3.393058106982785e-01	3.467368504525316e-01
5045	3.388103859825042e-01	3.388441561392025e-01
5075	3.276176455123128e-01	3.311311214825911e-01
5095	3.168628711408177e-01	3.235936569296283e-01
5118	3.082664150088840e-01	3.090295432513591e-01
6437	2.996195585639109e-01	3.019951720402016e-01
7721	2.908607440049784e-01	2.951209226666385e-01
7855	2.883788640818710e-01	2.884031503126606e-01
16579	2.783167671801527e-01	2.818382931264454e-01
16600	2.748564318954381e-01	2.754228703338166e-01
16606	2.658779480109374e-01	2.691534803926916e-01
16676	2.599221626654610e-01	2.630267991895382e-01
17150	2.549403539598494e-01	2.570395782768864e-01
17160	2.506790801346508e-01	2.511886431509580e-01
18150	2.432395966890900e-01	2.454708915685030e-01
18183	2.357896090279824e-01	2.398832919019490e-01
18222	2.289315590804832e-01	2.290867652767773e-01
18291	2.215866857597379e-01	2.238721138568339e-01
18516	2.185192698891528e-01	2.187761623949552e-01
19842	2.099880431600873e-01	2.137962089502232e-01
23608	2.010229968660078e-01	2.041737944669530e-01
23613	1.988132548745956e-01	1.995262314968880e-01
23618	1.935973526330463e-01	1.949844599758045e-01
23628	1.904451938008527e-01	1.905460717963247e-01
23633	1.701454985810531e-01	1.737800828749375e-01
23638	1.647090787206059e-01	1.659586907437560e-01
27718	1.585548150965712e-01	1.621810097358930e-01
27751	1.570955630599452e-01	1.584893192461113e-01
32961	1.548314165942504e-01	1.548816618912481e-01
33085	1.500782311594201e-01	1.513561248436208e-01
33204	1.417295938901479e-01	1.445439770745928e-01
33294	1.412364740809086e-01	1.412537544622754e-01
33789	1.286153581778424e-01	1.288249551693134e-01
33922	1.258630069845397e-01	1.258925411794167e-01
34312	9.096032379184404e-02	9.120108393559097e-02
34658	8.619092271716289e-02	8.709635899560805e-02
35870	8.510742667858795e-02	8.511380382023763e-02
36075	8.315113334239232e-02	8.317637711026708e-02
36526	8.088402110351167e-02	8.128305161640990e-02
36536	7.722265160723862e-02	7.762471166286916e-02
36541	6.424150046393007e-02	6.456542290346556e-02
38771	4.997302071320631e-02	5.011872336272722e-02
38776	4.349420152348094e-02	4.365158322401658e-02
38984	4.244851287844775e-02	4.265795188015926e-02
39017	4.017064099203826e-02	4.073802778041128e-02
39054	3.452725480990670e-02	3.467368504525317e-02
39092	3.296245909849649e-02	3.311311214825911e-02
39124	3.174180061067222e-02	3.235936569296283e-02
39155	3.114887472495598e-02	3.162277660168379e-02
39866	3.081541183032976e-02	3.090295432513590e-02
41747	3.007036240061067e-02	3.019951720402016e-02
42408	2.922379519387963e-02	2.951209226666385e-02
42440	2.844855618946873e-02	2.884031503126606e-02
42474	2.761698758163011e-02	2.818382931264454e-02
42508	2.673643529888059e-02	2.691534803926915e-02
42527	2.602289651511236e-02	2.630267991895381e-02
42528	2.476090898033689e-02	2.511886431509579e-02
42529	2.014133586495870e-02	2.041737944669529e-02
42530	8.803952903708723e-03	8.912509381337459e-03
42535	5.402413107501891e-03	5.495408738576248e-03
42696	4.292359723330086e-03	4.365158322401661e-03
42787	4.260326724607300e-03	4.265795188015926e-03
42858	3.998353238096053e-03	4.073802778041126e-03
42875	3.980502731748659e-03	3.981071705534973e-03
43341	3.847267630710194e-03	3.890451449942805e-03
43375	3.745549089059108e-03	3.801893963205613e-03
43405	3.643821107674916e-03	3.715352290971724e-03
43611	3.602123319606299e-03	3.630780547701014e-03
43629	3.544999336315469e-03	3.548133892335753e-03
43646	3.435331604870973e-03	3.467368504525317e-03
43666	3.230367472709661e-03	3.235936569296281e-03
43687	2.950684158690819e-03	2.951209226666387e-03
43709	2.747572707260781e-03	2.754228703338166e-03
43764	2.690888391714941e-03	2.691534803926917e-03
55746	2.606627960326735e-03	2.630267991895381e-03
55778	2.501042817906418e-03	2.511886431509579e-03
55813	2.280146773324887e-03	2.290867652767772e-03
55855	1.837658751601023e-03	1.862087136662868e-03
55876	1.815199339340268e-03	1.819700858609983e-03
55932	1.761383056142596e-03	1.778279410038923e-03
56021	1.577760275361051e-03	1.584893192461114e-03
58831	1.548549748848216e-03	1.548816618912481e-03
71699	1.275710053225354e-03	1.288249551693134e-03
71742	1.156586999054410e-03	1.174897554939529e-03
71766	1.090726628287242e-03	1.096478196143185e-03
71788	1.040337017048643e-03	1.047128548050900e-03
71810	9.872132396445688e-04	1.000000000000000e-03
71856	9.138095626495257e-04	9.332543007969915e-04
71903	8.728590233397782e-04	8.912509381337459e-04
71924	8.509926526857337e-04	8.511380382023768e-04
71950	8.130168285465089e-04	8.317637711026709e-04
71972	7.743127893956592e-04	7.762471166286919e-04
72020	7.437063932289600e-04	7.585775750291835e-04
72039	7.094446546993538e-04	7.244359600749898e-04
72060	6.938197512560418e-04	7.079457843841380e-04
72080	6.744854987862370e-04	6.760829753919819e-04
72113	6.582954565937937e-04	6.606934480075957e-04
72134	6.455621291832081e-04	6.456542290346556e-04
72154	6.304449716743044e-04	6.309573444801930e-04
72174	6.155314059449468e-04	6.165950018614823e-04
72216	6.023645416497470e-04	6.025595860743575e-04
72261	5.764563037814474e-04	5.888436553555889e-04
72280	5.609204661662925e-04	5.623413251903491e-04
72303	5.472431593912530e-04	5.495408738576248e-04
72322	5.361077535178671e-04	5.370317963702527e-04
72346	5.247633230923698e-04	5.248074602497728e-04
72367	5.107994172822705e-04	5.128613839913648e-04
72397	5.004139552299280e-04	5.011872336272725e-04
72436	4.880093990358159e-04	4.897788193684461e-04
72463	4.775933919044517e-04	4.786300923226385e-04
72482	4.668778639023152e-04	4.677351412871981e-04
72501	4.566464321957842e-04	4.570881896148752e-04
72532	4.406886251405728e-04	4.466835921509630e-04
72551	4.338981748683857e-04	4.365158322401661e-04
72570	4.252698816955558e-04	4.265795188015926e-04
72680	4.152283848058991e-04	4.168693834703355e-04
72723	4.048874816992010e-04	4.073802778041126e-04
72766	3.974123763130777e-04	3.981071705534974e-04
72838	3.856564247579630e-04	3.890451449942805e-04
72885	3.782915163290657e-04	3.801893963205612e-04
72923	3.706926948056077e-04	3.715352290971724e-04
72959	3.629867061174519e-04	3.630780547701014e-04
72997	3.532995856230237e-04	3.548133892335753e-04
73053	3.447040571885607e-04	3.467368504525317e-04
73089	3.367368241523616e-04	3.388441561392024e-04
73126	3.299399902693123e-04	3.311311214825911e-04
73164	3.225790028493769e-04	3.235936569296281e-04
73219	3.150346072545718e-04	3.162277660168379e-04
73258	3.085193688372456e-04	3.090295432513592e-04
73302	3.019386212080866e-04	3.019951720402016e-04
73369	2.944452894604321e-04	2.951209226666387e-04
73434	2.860565508456814e-04	2.884031503126605e-04
73482	2.807555212984703e-04	2.818382931264455e-04
73564	2.742616497594108e-04	2.754228703338166e-04
73617	2.675938809265643e-04	2.691534803926917e-04
73691	2.613464629005469e-04	2.630267991895381e-04
73825	2.558770993068560e-04	2.570395782768865e-04
73958	2.506659186222171e-04	2.511886431509580e-04
74024	2.451567221386508e-04	2.454708915685031e-04
74106	2.394284117250844e-04	2.398832919019490e-04
74217	2.332405630179890e-04	2.344228815319923e-04
74288	2.276475151374857e-04	2.290867652767772e-04
74380	2.231724977356242e-04	2.238721138568340e-04
74429	2.181628011058701e-04	2.187761623949552e-04
74522	2.128824466174351e-04	2.137962089502232e-04
74593	2.084798889541162e-04	2.089296130854039e-04
74665	2.037478656357061e-04	2.041737944669530e-04
74752	1.994647660406024e-04	1.995262314968879e-04
74838	1.941803847334000e-04	1.949844599758046e-04
74927	1.899574448535057e-04	1.905460717963246e-04
75018	1.856883033851675e-04	1.862087136662868e-04
75139	1.819050044199466e-04	1.819700858609983e-04
75269	1.774908878595660e-04	1.778279410038923e-04
75710	1.732006935435404e-04	1.737800828749376e-04
75798	1.692558890784568e-04	1.698243652461744e-04
75881	1.653518168791557e-04	1.659586907437562e-04
76009	1.615764199109915e-04	1.621810097358930e-04
76157	1.579565374103531e-04	1.584893192461114e-04
76251	1.548779844293691e-04	1.548816618912481e-04
76345	1.510461725585666e-04	1.513561248436209e-04
76441	1.479037037334097e-04	1.479108388168207e-04
76543	1.442295034781438e-04	1.445439770745928e-04
76640	1.410156691179498e-04	1.412537544622754e-04
76769	1.377700912075230e-04	1.380384264602885e-04
76934	1.345900802818267e-04	1.348962882591653e-04
77067	1.318237254133159e-04	1.318256738556407e-04
77242	1.287041527022748e-04	1.288249551693134e-04
77374	1.257872067171872e-04	1.258925411794167e-04
77470	1.228868948803807e-04	1.230268770812381e-04
77571	1.201473974482559e-04	1.202264434617413e-04
77685	1.173731169299419e-04	1.174897554939529e-04
77811	1.146742244509946e-04	1.148153621496883e-04
78002	1.120933669599422e-04	1.122018454301963e-04
78195	1.095140143954065e-04	1.096478196143185e-04
78363	1.071195550043091e-04	1.071519305237606e-04
78507	1.046275730226531e-04	1.047128548050900e-04
78670	1.022011589032479e-04	1.023292992280754e-04
78853	9.996817846336103e-05	1.000000000000000e-04
79031	9.764099432518769e-05	9.772372209558111e-05
79201	9.546605872789993e-05	9.549925860214369e-05
79371	9.331952310320801e-05	9.332543007969905e-05
79594	9.115338423026920e-05	9.120108393559096e-05
79860	8.909605914120267e-05	8.912509381337459e-05
80127	8.702678362526584e-05	8.709635899560814e-05
80448	8.510198687305959e-05	8.511380382023759e-05
80590	8.313013470284680e-05	8.317637711026709e-05
80668	8.125843007500411e-05	8.128305161640995e-05
80861	7.942266080340765e-05	7.943282347242822e-05
80974	7.761676965400977e-05	7.762471166286911e-05
81306	7.582590620869301e-05	7.585775750291836e-05
81615	7.409107505784718e-05	7.413102413009176e-05
81952	7.240894438165224e-05	7.244359600749906e-05
82324	7.079347612337639e-05	7.079457843841373e-05
82656	6.917275579909621e-05	6.918309709189363e-05
83057	6.760820044027227e-05	6.760829753919819e-05
83446	6.605356548750052e-05	6.606934480075965e-05
84079	6.454688049217783e-05	6.456542290346549e-05
84691	6.309276462312940e-05	6.309573444801929e-05
85215	6.164707206091080e-05	6.165950018614822e-05
85570	6.025034676560015e-05	6.025595860743581e-05
85849	5.887980461383169e-05	5.888436553555884e-05
86288	5.753961325849488e-05	5.754399373371566e-05
86880	5.623113130004409e-05	5.623413251903491e-05
87633	5.494621337609473e-05	5.495408738576248e-05
88546	5.369991530479457e-05	5.370317963702532e-05
89491	5.247618208459315e-05	5.248074602497723e-05
90683	5.128589993097510e-05	5.128613839913648e-05
91613	5.011773535967823e-05	5.011872336272725e-05
95724	4.133867688482784e-05	4.168693834703355e-05
190001	4.001576005419061e-05	4.073802778041130e-05
190016	3.963857426925177e-05	3.981071705534969e-05
190018	3.861402734128827e-05	3.890451449942805e-05
190019	3.750972805227626e-05	3.801893963205612e-05
190020	3.626753827801199e-05	3.630780547701010e-05
199994	3.595195201799850e-05	3.630780547701010e-05
%
% index = 813, name = bbob_f021_i09_d02__bbob_f021_i10_d02
% instance = 4, reference value = 9.315601585301440e-01
% function evaluation | indicator value | target hit
1	8.908934210064416e-01	8.912509381337456e-01
33	8.469199696413127e-01	8.511380382023764e-01
322	8.271098072175995e-01	8.317637711026710e-01
364	8.081550488984065e-01	8.128305161640993e-01
662	7.940821753781341e-01	7.943282347242815e-01
728	7.599985928293216e-01	7.762471166286917e-01
746	7.572566569405688e-01	7.585775750291838e-01
750	7.390293126920057e-01	7.413102413009175e-01
1736	7.162293452242683e-01	7.244359600749900e-01
1741	6.895837863691444e-01	6.918309709189365e-01
1746	6.657590907987688e-01	6.760829753919817e-01
1751	6.163223037622628e-01	6.165950018614822e-01
1756	5.874798130916858e-01	5.888436553555889e-01
1872	5.692648924718343e-01	5.754399373371569e-01
1890	5.552128677188776e-01	5.623413251903491e-01
1910	5.335913526433785e-01	5.370317963702527e-01
1933	5.160351245296112e-01	5.248074602497725e-01
2317	5.123373138023271e-01	5.128613839913648e-01
3157	4.998083505337937e-01	5.011872336272722e-01
3357	4.866039068197220e-01	4.897788193684462e-01
9789	4.354637108005117e-01	4.365158322401660e-01
9794	3.622418090744151e-01	3.630780547701014e-01
9799	3.391340096289772e-01	3.467368504525316e-01
9804	3.326088715321605e-01	3.388441561392025e-01
9814	3.310943668910857e-01	3.311311214825911e-01
17396	3.235166504611838e-01	3.235936569296283e-01
24128	2.809851960249700e-01	2.818382931264454e-01
24133	2.631989119451849e-01	2.691534803926916e-01
24138	2.620516145662996e-01	2.630267991895382e-01
24148	2.523568952827731e-01	2.570395782768864e-01
24153	2.463834074492623e-01	2.511886431509580e-01
24954	2.451529457859241e-01	2.454708915685030e-01
25590	2.396991204719304e-01	2.398832919019490e-01
50302	2.306988935865424e-01	2.344228815319922e-01
50715	2.194999825079476e-01	2.238721138568339e-01
50720	2.010372814330409e-01	2.041737944669530e-01
50725	1.908757809325107e-01	1.949844599758045e-01
51960	1.749281585773553e-01	1.778279410038923e-01
58837	1.737416145208789e-01	1.737800828749375e-01
66622	1.696797585322989e-01	1.698243652461744e-01
102501	1.617887766338511e-01	1.621810097358930e-01
102506	1.456085333386045e-01	1.479108388168208e-01
102511	1.373800315798207e-01	1.380384264602885e-01
106640	1.346020664067389e-01	1.348962882591654e-01
109751	1.269304643372740e-01	1.288249551693134e-01
109756	1.233069839699024e-01	1.258925411794167e-01
109761	1.204456029534335e-01	1.230268770812381e-01
109771	1.194786725220204e-01	1.202264434617413e-01
114854	1.029774117750396e-01	1.047128548050900e-01
114859	9.281958360380183e-02	9.332543007969910e-02
115243	9.111447813292406e-02	9.120108393559097e-02
139042	8.732287992301246e-02	8.912509381337455e-02
139047	8.432454548195722e-02	8.511380382023763e-02
139052	8.283556144601401e-02	8.317637711026708e-02
139057	8.107665572598544e-02	8.128305161640990e-02
139180	7.910802230371250e-02	7.943282347242814e-02
139224	7.605372855670389e-02	7.762471166286916e-02
139253	7.294855983195936e-02	7.413102413009177e-02
139285	7.119737943837523e-02	7.244359600749903e-02
139384	7.079448918529618e-02	7.079457843841380e-02
139613	4.668858130204157e-02	4.677351412871981e-02
139652	4.085846651034675e-02	4.168693834703355e-02
139690	2.598288821730599e-02	2.630267991895381e-02
139723	2.130961797237541e-02	2.137962089502233e-02
139754	1.987537806745143e-02	1.995262314968880e-02
140219	1.936710744030856e-02	1.949844599758046e-02
140364	1.902484837701568e-02	1.905460717963247e-02
140982	1.856488210400686e-02	1.862087136662868e-02
141007	1.803560440023733e-02	1.819700858609984e-02
141029	1.660023962195234e-02	1.698243652461744e-02
141059	1.510486554855484e-02	1.513561248436208e-02
141091	1.364620516388815e-02	1.380384264602885e-02
141128	1.303091957389590e-02	1.318256738556407e-02
141166	1.285703174805553e-02	1.288249551693134e-02
141772	1.144049187473428e-02	1.148153621496883e-02
141804	1.093941430731593e-02	1.096478196143185e-02
141828	1.036753084067576e-02	1.047128548050900e-02
141883	1.010416431911332e-02	1.023292992280754e-02
141908	9.837985711733555e-03	1.000000000000000e-02
141932	9.635560888559214e-03	9.772372209558112e-03
141957	9.520765725262725e-03	9.549925860214359e-03
141999	9.228390656643715e-03	9.332543007969915e-03
142029	9.090886282466570e-03	9.120108393559097e-03
142264	8.862714233553559e-03	8.912509381337459e-03
142337	8.661778053901670e-03	8.709635899560805e-03
142444	8.501085423343824e-03	8.511380382023767e-03
142609	8.290360901017868e-03	8.317637711026709e-03
142811	8.128260338662763e-03	8.128305161640995e-03
143139	7.936796151993053e-03	7.943282347242814e-03
143612	7.757154825438040e-03	7.762471166286920e-03
144393	7.585486326169399e-03	7.585775750291836e-03
145844	7.413001951680043e-03	7.413102413009177e-03
150385	7.244348403235179e-03	7.244359600749898e-03
176831	6.579277319980759e-03	6.606934480075957e-03
176837	5.407909667920596e-03	5.495408738576248e-03
176855	4.088923034078484e-03	4.168693834703355e-03
176875	3.412905549129763e-03	3.467368504525317e-03
176898	9.873302317968680e-04	1.000000000000000e-03
176928	3.495653784133523e-04	3.548133892335753e-04
176967	3.193014343666478e-04	3.235936569296281e-04
176987	3.139641136208349e-04	3.162277660168379e-04
179031	2.933002375582472e-04	2.951209226666387e-04
179885	2.879497468510905e-04	2.884031503126605e-04
179952	2.808963140557008e-04	2.818382931264455e-04
180599	1.925293259340544e-04	1.949844599758046e-04
180623	1.682169489388707e-04	1.698243652461744e-04
180655	1.491933510655574e-04	1.513561248436209e-04
180676	1.347972631523531e-04	1.348962882591653e-04
180699	1.223958810339099e-04	1.230268770812381e-04
180721	1.151744664105170e-04	1.174897554939529e-04
180742	1.092210671250760e-04	1.096478196143185e-04
180761	1.026176353188246e-04	1.047128548050900e-04
180779	9.653652934704660e-05	9.772372209558111e-05
180815	9.273932706399535e-05	9.332543007969905e-05
180833	8.947667167114037e-05	9.120108393559096e-05
180855	8.577954951360933e-05	8.709635899560814e-05
180874	8.309516668858485e-05	8.317637711026709e-05
180896	8.072374859258158e-05	8.128305161640995e-05
180908	7.822795718936959e-05	7.943282347242822e-05
180943	7.585584574743010e-05	7.585775750291836e-05
180961	7.387257929858393e-05	7.413102413009176e-05
180984	7.209906754701567e-05	7.244359600749906e-05
180996	7.061681120290597e-05	7.079457843841373e-05
181031	6.841171002025526e-05	6.918309709189363e-05
181048	6.696337054323820e-05	6.760829753919819e-05
181068	6.561598984722306e-05	6.606934480075965e-05
181085	6.443534387323702e-05	6.456542290346549e-05
181113	6.261699209653138e-05	6.309573444801929e-05
181149	6.095145066264962e-05	6.165950018614822e-05
181198	5.967556683572628e-05	6.025595860743581e-05
181237	5.862968897452081e-05	5.888436553555884e-05
181250	5.730752380173065e-05	5.754399373371566e-05
181313	5.584082425225123e-05	5.623413251903491e-05
181334	5.486168430801630e-05	5.495408738576248e-05
181410	5.365544303603809e-05	5.370317963702532e-05
181430	5.217066218421440e-05	5.248074602497723e-05
181464	5.112898111159225e-05	5.128613839913648e-05
181490	4.970216288768814e-05	5.011872336272725e-05
181628	4.886642898915827e-05	4.897788193684466e-05
181692	4.769224237333169e-05	4.786300923226380e-05
181780	4.666642511463870e-05	4.677351412871981e-05
181831	4.562196739865687e-05	4.570881896148752e-05
181911	4.456357618498608e-05	4.466835921509635e-05
182035	4.362895608567285e-05	4.365158322401657e-05
182076	4.265372034484294e-05	4.265795188015926e-05
182143	4.165803566391624e-05	4.168693834703355e-05
182244	4.072447068448337e-05	4.073802778041130e-05
182377	3.980773995726494e-05	3.981071705534969e-05
182634	3.888561853937489e-05	3.890451449942805e-05
182936	3.801699293781713e-05	3.801893963205612e-05
183129	3.715281853722274e-05	3.715352290971728e-05
183369	3.630288238309909e-05	3.630780547701010e-05
183513	3.546484974648045e-05	3.548133892335753e-05
183714	3.465721804352118e-05	3.467368504525317e-05
183892	3.387349255978833e-05	3.388441561392028e-05
184168	3.310596998618021e-05	3.311311214825908e-05
184503	3.235286127356574e-05	3.235936569296281e-05
184588	3.161551534047735e-05	3.162277660168380e-05
184723	3.089590375726647e-05	3.090295432513592e-05
184871	3.019472897403119e-05	3.019951720402019e-05
185209	2.950954716796073e-05	2.951209226666384e-05
185389	2.883283797316949e-05	2.884031503126606e-05
185501	2.817768501806039e-05	2.818382931264455e-05
185613	2.753581626269153e-05	2.754228703338169e-05
185747	2.690979975739083e-05	2.691534803926914e-05
185906	2.629651631336216e-05	2.630267991895381e-05
186036	2.569705554811286e-05	2.570395782768864e-05
186223	2.511828075235645e-05	2.511886431509582e-05
186791	2.454452176448019e-05	2.454708915685029e-05
187091	2.398632185218741e-05	2.398832919019490e-05
187250	2.344076714499987e-05	2.344228815319923e-05
187333	2.290454315434509e-05	2.290867652767775e-05
187533	2.238320542624628e-05	2.238721138568338e-05
187783	2.187082872084911e-05	2.187761623949552e-05
187957	2.137303888372077e-05	2.137962089502232e-05
188107	2.089191056364736e-05	2.089296130854041e-05
188449	2.041194355650866e-05	2.041737944669527e-05
188771	1.994871140054144e-05	1.995262314968879e-05
189191	1.949734093664723e-05	1.949844599758046e-05
189362	1.905157528547807e-05	1.905460717963248e-05
189570	1.861925848822832e-05	1.862087136662866e-05
189767	1.819351587784013e-05	1.819700858609983e-05
189908	1.778058344836797e-05	1.778279410038923e-05
190252	1.737463364592795e-05	1.737800828749376e-05
190459	1.697985037618643e-05	1.698243652461746e-05
190678	1.659278058940838e-05	1.659586907437560e-05
191132	1.621650532812602e-05	1.621810097358930e-05
191312	1.584683716548962e-05	1.584893192461114e-05
191476	1.548724147981684e-05	1.548816618912483e-05
191723	1.513482961934542e-05	1.513561248436207e-05
191932	1.479005136006961e-05	1.479108388168207e-05
192093	1.445204896777241e-05	1.445439770745928e-05
192248	1.412510956955160e-05	1.412537544622755e-05
192400	1.380177784626735e-05	1.380384264602884e-05
192606	1.348759061148286e-05	1.348962882591653e-05
192748	1.318072479361554e-05	1.318256738556407e-05
192913	1.288243511643472e-05	1.288249551693135e-05
193123	1.258846616558618e-05	1.258925411794166e-05
193296	1.230268734986328e-05	1.230268770812381e-05
193577	1.202159179247708e-05	1.202264434617413e-05
193722	1.174832929295988e-05	1.174897554939530e-05
193889	1.148102615200486e-05	1.148153621496882e-05
194065	1.121939165682484e-05	1.122018454301963e-05
194254	1.096352644991416e-05	1.096478196143185e-05
194407	1.071480871517316e-05	1.071519305237607e-05
194622	1.047020327571424e-05	1.047128548050899e-05
194771	1.023175956194056e-05	1.023292992280754e-05
194922	9.998745458594804e-06	1.000000000000000e-05
199998	9.878871819357649e-06	1.000000000000000e-05
%
% index = 814, name = bbob_f021_i11_d02__bbob_f021_i12_d02
% instance = 5, reference value = 8.909418640721249e-01
% function evaluation | indicator value | target hit
1	2.810624241900625e+00	2.818382931264454e+00
980	2.748180705632125e+00	2.754228703338166e+00
1185	2.671895336900125e+00	2.691534803926916e+00
2072	6.125459856268870e-01	6.165950018614822e-01
2089	5.988001600074255e-01	6.025595860743578e-01
2090	5.848874875569190e-01	5.888436553555889e-01
2091	5.564265238054807e-01	5.623413251903491e-01
2092	4.969678920215587e-01	5.011872336272722e-01
2093	3.855867908192462e-01	3.890451449942806e-01
2094	3.170644619850351e-01	3.235936569296283e-01
2099	3.019963541858840e-01	3.090295432513591e-01
2104	2.787845908022373e-01	2.818382931264454e-01
2109	2.476961501890832e-01	2.511886431509580e-01
3418	2.447942711635779e-01	2.454708915685030e-01
3476	2.395515449912146e-01	2.398832919019490e-01
3505	2.334954748465005e-01	2.344228815319922e-01
3528	2.248727514039341e-01	2.290867652767773e-01
3550	2.218610459831987e-01	2.238721138568339e-01
3608	2.181544296011729e-01	2.187761623949552e-01
23589	2.134810707261707e-01	2.137962089502232e-01
23599	2.057257893779909e-01	2.089296130854039e-01
23604	2.036659558207731e-01	2.041737944669530e-01
24295	1.978561959037759e-01	1.995262314968880e-01
24307	1.938046402066749e-01	1.949844599758045e-01
24313	1.890073550039559e-01	1.905460717963247e-01
24331	1.830052296147578e-01	1.862087136662867e-01
24352	1.720242209274024e-01	1.737800828749375e-01
24381	1.690520184604744e-01	1.698243652461744e-01
27743	1.442234925848265e-01	1.445439770745928e-01
27748	1.386556010634969e-01	1.412537544622754e-01
27885	1.378458678092115e-01	1.380384264602885e-01
27958	1.341577906084948e-01	1.348962882591654e-01
27991	1.318049642428821e-01	1.318256738556407e-01
29276	1.075896552653586e-01	1.096478196143185e-01
29371	9.646900839714645e-02	9.772372209558107e-02
29376	8.156518919880673e-02	8.317637711026708e-02
29381	8.118947698740953e-02	8.128305161640990e-02
32513	6.911114193244172e-02	6.918309709189366e-02
32553	6.578129145735612e-02	6.606934480075961e-02
32573	6.448787800156275e-02	6.456542290346556e-02
32589	6.206255371802893e-02	6.309573444801933e-02
32641	5.877161942909759e-02	5.888436553555890e-02
32685	5.665728253265045e-02	5.754399373371569e-02
38140	5.598249156491952e-02	5.623413251903491e-02
38145	5.422874144373024e-02	5.495408738576246e-02
38160	5.353507980925620e-02	5.370317963702527e-02
39536	5.244952881472265e-02	5.248074602497726e-02
49628	4.985108331542998e-02	5.011872336272722e-02
52761	4.857702536151609e-02	4.897788193684462e-02
52996	4.784180301219276e-02	4.786300923226382e-02
62394	4.677347229580220e-02	4.677351412871981e-02
90001	4.029172841091411e-02	4.073802778041128e-02
90006	1.922921782224574e-02	1.949844599758046e-02
90011	1.873768708010681e-02	1.905460717963247e-02
90016	1.859720351227112e-02	1.862087136662868e-02
90778	1.810486568144554e-02	1.819700858609984e-02
91484	1.774699811328462e-02	1.778279410038923e-02
91509	1.736154395781542e-02	1.737800828749375e-02
91540	1.668425785920424e-02	1.698243652461744e-02
91572	1.603771183989078e-02	1.621810097358930e-02
99491	1.569573495168275e-02	1.584893192461113e-02
99856	1.548395080233045e-02	1.548816618912481e-02
134716	1.467632380447015e-02	1.479108388168207e-02
134721	1.350189355663423e-02	1.380384264602885e-02
134726	1.107452701594935e-02	1.122018454301964e-02
134731	9.185145757104052e-03	9.332543007969915e-03
134736	7.469970327347086e-03	7.585775750291836e-03
134792	7.412406703585117e-03	7.413102413009177e-03
134875	7.152723001948913e-03	7.244359600749898e-03
134899	6.849614714320329e-03	6.918309709189363e-03
134925	6.371272816222517e-03	6.456542290346556e-03
134958	6.158442325619573e-03	6.165950018614822e-03
135752	6.014768852352304e-03	6.025595860743574e-03
135766	5.866856820196498e-03	5.888436553555890e-03
135787	5.580795325862975e-03	5.623413251903491e-03
135809	5.046064759170132e-03	5.128613839913648e-03
135833	4.115916725333735e-03	4.168693834703355e-03
135859	2.753716611576085e-03	2.754228703338166e-03
135892	1.747362674338282e-03	1.778279410038923e-03
135927	1.277505954979219e-03	1.288249551693134e-03
135961	8.262218339064598e-04	8.317637711026709e-04
182932	8.091603793511926e-04	8.128305161640995e-04
182937	7.880268531939016e-04	7.943282347242813e-04
199996	7.876563997967212e-04	7.943282347242813e-04
%
% index = 815, name = bbob_f021_i13_d02__bbob_f021_i14_d02
% instance = 6, reference value = 8.784564169114270e-01
% function evaluation | indicator value | target hit
1	6.915450228384104e+00	6.918309709189364e+00
22	6.757557730883922e+00	6.760829753919817e+00
23	6.427897426992850e+00	6.456542290346556e+00
28	5.929086046264558e+00	6.025595860743578e+00
33	5.259360661940763e+00	5.370317963702527e+00
38	4.728012515918931e+00	4.786300923226384e+00
43	4.243922630425039e+00	4.265795188015927e+00
48	3.760701272761247e+00	3.801893963205611e+00
53	3.268960552965492e+00	3.311311214825911e+00
58	2.813169117174215e+00	2.818382931264454e+00
63	2.445864012947194e+00	2.454708915685031e+00
68	2.170227269373465e+00	2.187761623949553e+00
73	1.971628666077115e+00	1.995262314968880e+00
78	1.835645775859297e+00	1.862087136662868e+00
83	1.751891714059367e+00	1.778279410038923e+00
88	1.713762716183305e+00	1.737800828749375e+00
7272	1.649294298639927e+00	1.659586907437561e+00
7277	1.371239902083927e+00	1.380384264602885e+00
7282	1.145356499979427e+00	1.148153621496883e+00
7287	1.097928380942927e+00	1.122018454301963e+00
7292	1.072593718559427e+00	1.096478196143185e+00
12807	5.177256009026956e-01	5.248074602497725e-01
12812	4.572466544034447e-01	4.677351412871982e-01
12817	4.369380108337361e-01	4.466835921509631e-01
12822	3.951112466244772e-01	3.981071705534972e-01
12827	2.281077164369522e-01	2.290867652767773e-01
12828	1.856142519045312e-01	1.862087136662867e-01
13462	1.817965583908723e-01	1.819700858609984e-01
13467	1.603185224224712e-01	1.621810097358930e-01
13472	1.485278995131297e-01	1.513561248436208e-01
13477	1.457243399803301e-01	1.479108388168208e-01
14198	1.443265559107414e-01	1.445439770745928e-01
14282	1.403894086420731e-01	1.412537544622754e-01
23337	1.368868741359506e-01	1.380384264602885e-01
24751	1.345655338270256e-01	1.348962882591654e-01
29555	1.094177961928641e-01	1.096478196143185e-01
29560	9.545979473841115e-02	9.549925860214359e-02
29570	9.215084418814712e-02	9.332543007969910e-02
29586	8.926196416687093e-02	9.120108393559097e-02
34782	8.912457217065417e-02	8.912509381337455e-02
34851	8.689874191397762e-02	8.709635899560805e-02
39126	6.850483160650256e-02	6.918309709189366e-02
39131	5.500020648979975e-02	5.623413251903491e-02
39136	5.492020936811626e-02	5.495408738576246e-02
45795	4.864854621810799e-02	4.897788193684462e-02
62873	3.764276273511424e-02	3.801893963205612e-02
62878	3.513786887811565e-02	3.548133892335755e-02
62883	3.347932733512959e-02	3.388441561392026e-02
62888	2.545713468362609e-02	2.570395782768863e-02
62894	1.492397731431772e-02	1.513561248436208e-02
62899	1.375615664522223e-02	1.380384264602885e-02
62904	8.362926452783581e-03	8.511380382023767e-03
62983	8.307754896230590e-03	8.317637711026709e-03
63007	8.008290353517467e-03	8.128305161640995e-03
63019	7.660240975775223e-03	7.762471166286920e-03
63037	7.106926495138555e-03	7.244359600749898e-03
63057	6.662736380217305e-03	6.760829753919818e-03
63080	6.243354103147691e-03	6.309573444801930e-03
63370	6.140730625957769e-03	6.165950018614822e-03
63388	5.938226732056351e-03	6.025595860743574e-03
63406	5.697245077375124e-03	5.754399373371567e-03
63425	5.313067734438071e-03	5.370317963702527e-03
63447	4.787037798266836e-03	4.897788193684461e-03
63470	4.048680096983004e-03	4.073802778041126e-03
66965	3.502621122717264e-03	3.548133892335753e-03
67029	2.981226344077492e-03	3.019951720402016e-03
67062	2.734195874368628e-03	2.754228703338166e-03
67081	2.685477261419100e-03	2.691534803926917e-03
67101	2.386489583619866e-03	2.398832919019490e-03
67123	2.152136548508876e-03	2.187761623949552e-03
67162	1.912173076162649e-03	1.949844599758046e-03
67181	1.862880402850986e-03	1.905460717963246e-03
67201	1.761240150725540e-03	1.778279410038923e-03
67267	1.676812854691012e-03	1.698243652461744e-03
67287	1.634769466567820e-03	1.659586907437561e-03
67323	1.564927896343549e-03	1.584893192461114e-03
67342	1.498282116302985e-03	1.513561248436209e-03
67360	1.411162853614534e-03	1.412537544622754e-03
67378	1.352934477815482e-03	1.380384264602885e-03
67398	1.296720028273635e-03	1.318256738556408e-03
67417	1.286747863667004e-03	1.288249551693134e-03
67456	1.222650065167419e-03	1.230268770812381e-03
67488	1.188429697650761e-03	1.202264434617413e-03
67508	1.154930221190287e-03	1.174897554939529e-03
67526	1.117299731551613e-03	1.122018454301963e-03
67576	1.093582402362459e-03	1.096478196143185e-03
67588	1.069659364608677e-03	1.071519305237606e-03
67616	1.039481326240321e-03	1.047128548050900e-03
67637	1.014994269962433e-03	1.023292992280754e-03
67655	9.887485917081662e-04	1.000000000000000e-03
67656	9.620864562359666e-04	9.772372209558111e-04
67673	9.443217175193475e-04	9.549925860214359e-04
67691	9.198226958039291e-04	9.332543007969915e-04
67728	9.016539122975731e-04	9.120108393559096e-04
67746	8.846974027266752e-04	8.912509381337459e-04
67767	8.678953882670370e-04	8.709635899560805e-04
67802	8.351520594737094e-04	8.511380382023768e-04
67815	8.192592963346401e-04	8.317637711026709e-04
67839	8.048908448752279e-04	8.128305161640995e-04
67851	7.896709133914381e-04	7.943282347242813e-04
67897	7.641735934258431e-04	7.762471166286919e-04
67916	7.532284589769622e-04	7.585775750291835e-04
67956	7.277753195690240e-04	7.413102413009177e-04
67985	7.189301502831258e-04	7.244359600749898e-04
67998	6.983872043391237e-04	7.079457843841380e-04
68020	6.881818547825880e-04	6.918309709189362e-04
68040	6.687178346939104e-04	6.760829753919819e-04
68058	6.565229953708895e-04	6.606934480075957e-04
68115	6.382263446085279e-04	6.456542290346556e-04
68148	6.308485040628087e-04	6.309573444801930e-04
68161	6.149706441910263e-04	6.165950018614823e-04
68210	5.995086847648823e-04	6.025595860743575e-04
68260	5.833626881699416e-04	5.888436553555889e-04
68302	5.691949735152635e-04	5.754399373371566e-04
68314	5.620355115159015e-04	5.623413251903491e-04
68316	5.474696716665228e-04	5.495408738576248e-04
68357	5.353885213644771e-04	5.370317963702527e-04
68388	5.243461251062120e-04	5.248074602497728e-04
68472	5.079958069962309e-04	5.128613839913648e-04
68513	4.989853316008652e-04	5.011872336272725e-04
68557	4.861707708807561e-04	4.897788193684461e-04
68564	4.776492379183761e-04	4.786300923226385e-04
68572	4.657707781970943e-04	4.677351412871981e-04
68596	4.543201358907512e-04	4.570881896148752e-04
68647	4.433067371659716e-04	4.466835921509630e-04
68681	4.337971834328380e-04	4.365158322401661e-04
68715	4.232622790132368e-04	4.265795188015926e-04
68742	4.164965199100479e-04	4.168693834703355e-04
68805	4.073504809382067e-04	4.073802778041126e-04
68825	3.977725122529252e-04	3.981071705534974e-04
68914	3.868032033983448e-04	3.890451449942805e-04
68949	3.782006657058190e-04	3.801893963205612e-04
68988	3.703546681769199e-04	3.715352290971724e-04
69051	3.627674981057094e-04	3.630780547701014e-04
69093	3.534934798878897e-04	3.548133892335753e-04
69116	3.467204373047705e-04	3.467368504525317e-04
69182	3.384056709914152e-04	3.388441561392024e-04
69207	3.300557574158480e-04	3.311311214825911e-04
69275	3.220754422069705e-04	3.235936569296281e-04
69312	3.146985464791419e-04	3.162277660168379e-04
69363	3.076434754761825e-04	3.090295432513592e-04
69401	3.013568583357662e-04	3.019951720402016e-04
69484	2.941317426206069e-04	2.951209226666387e-04
69581	2.874245535762210e-04	2.884031503126605e-04
69604	2.815252231604948e-04	2.818382931264455e-04
69671	2.744328883941272e-04	2.754228703338166e-04
69698	2.684038727105431e-04	2.691534803926917e-04
69777	2.626150703362029e-04	2.630267991895381e-04
69845	2.568792407844356e-04	2.570395782768865e-04
69902	2.510812635830861e-04	2.511886431509580e-04
69926	2.450260756490241e-04	2.454708915685031e-04
69950	2.390028636866104e-04	2.398832919019490e-04
69975	2.341255491276062e-04	2.344228815319923e-04
69981	2.287140503539620e-04	2.290867652767772e-04
70004	2.234812353778537e-04	2.238721138568340e-04
70053	2.184176543907901e-04	2.187761623949552e-04
70128	2.137290123582769e-04	2.137962089502232e-04
70189	2.084808823017426e-04	2.089296130854039e-04
70295	2.040927695877714e-04	2.041737944669530e-04
70340	1.991790766565638e-04	1.995262314968879e-04
70398	1.944936470656966e-04	1.949844599758046e-04
70456	1.899907268614331e-04	1.905460717963246e-04
70526	1.857695251750169e-04	1.862087136662868e-04
70561	1.817361041642762e-04	1.819700858609983e-04
70602	1.773117641206134e-04	1.778279410038923e-04
70705	1.737540865587306e-04	1.737800828749376e-04
70818	1.695334956964833e-04	1.698243652461744e-04
70880	1.657546616824490e-04	1.659586907437562e-04
70934	1.620014795249425e-04	1.621810097358930e-04
71032	1.583399041701350e-04	1.584893192461114e-04
71131	1.544739271934770e-04	1.548816618912481e-04
71231	1.510344363436777e-04	1.513561248436209e-04
71369	1.476444456146586e-04	1.479108388168207e-04
71427	1.443958193388939e-04	1.445439770745928e-04
71489	1.409622931136667e-04	1.412537544622754e-04
71593	1.377317602682115e-04	1.380384264602885e-04
71705	1.348850069913254e-04	1.348962882591653e-04
71847	1.316774737938342e-04	1.318256738556407e-04
71981	1.288087216698708e-04	1.288249551693134e-04
72027	1.258027414775542e-04	1.258925411794167e-04
72057	1.228424687564900e-04	1.230268770812381e-04
72084	1.199975710537426e-04	1.202264434617413e-04
72114	1.172789395798013e-04	1.174897554939529e-04
72214	1.147116558678496e-04	1.148153621496883e-04
72307	1.120454948356775e-04	1.122018454301963e-04
72428	1.094803517380782e-04	1.096478196143185e-04
72487	1.070002758025712e-04	1.071519305237606e-04
72556	1.046331993578287e-04	1.047128548050900e-04
72644	1.021693926928080e-04	1.023292992280754e-04
72769	9.995539015517085e-05	1.000000000000000e-04
72859	9.767679125627371e-05	9.772372209558111e-05
72941	9.546500918777845e-05	9.549925860214369e-05
73007	9.323158697016609e-05	9.332543007969905e-05
73124	9.106417479498585e-05	9.120108393559096e-05
73232	8.906318888635134e-05	8.912509381337459e-05
73363	8.700051157084498e-05	8.709635899560814e-05
73485	8.511194215721218e-05	8.511380382023759e-05
73583	8.315642874801021e-05	8.317637711026709e-05
73668	8.117908649907246e-05	8.128305161640995e-05
73766	7.936499102545458e-05	7.943282347242822e-05
73903	7.758147964476159e-05	7.762471166286911e-05
74064	7.582488327451120e-05	7.585775750291836e-05
74247	7.410607840929728e-05	7.413102413009176e-05
74374	7.238055695002465e-05	7.244359600749906e-05
74525	7.076688404727971e-05	7.079457843841373e-05
74717	6.912661475577675e-05	6.918309709189363e-05
74839	6.760648481263232e-05	6.760829753919819e-05
75096	6.606631964711784e-05	6.606934480075965e-05
75202	6.455877626077022e-05	6.456542290346549e-05
75324	6.309349256250485e-05	6.309573444801929e-05
75368	6.163344215226463e-05	6.165950018614822e-05
75397	6.022333149890979e-05	6.025595860743581e-05
75451	5.888026815192848e-05	5.888436553555884e-05
75497	5.754240781719044e-05	5.754399373371566e-05
75745	5.618534168783107e-05	5.623413251903491e-05
75872	5.492908293813770e-05	5.495408738576248e-05
75990	5.368163078445232e-05	5.370317963702532e-05
76133	5.245999359326792e-05	5.248074602497723e-05
76264	5.127831602724786e-05	5.128613839913648e-05
76427	5.010177493314227e-05	5.011872336272725e-05
76563	4.896747886540265e-05	4.897788193684466e-05
76672	4.783801589935965e-05	4.786300923226380e-05
76782	4.677174109812832e-05	4.677351412871981e-05
76893	4.568196718757189e-05	4.570881896148752e-05
77052	4.465592919122852e-05	4.466835921509635e-05
77203	4.362800485924190e-05	4.365158322401657e-05
77328	4.263720994690523e-05	4.265795188015926e-05
77450	4.168240092150555e-05	4.168693834703355e-05
77600	4.073368065660166e-05	4.073802778041130e-05
77753	3.979857370184359e-05	3.981071705534969e-05
77950	3.889606884288632e-05	3.890451449942805e-05
78237	3.801041279061224e-05	3.801893963205612e-05
78542	3.715069448495534e-05	3.715352290971728e-05
78734	3.629950392136649e-05	3.630780547701010e-05
78929	3.547868480835437e-05	3.548133892335753e-05
79187	3.466583273503687e-05	3.467368504525317e-05
79464	3.387919566777420e-05	3.388441561392028e-05
79677	3.310293480451865e-05	3.311311214825908e-05
79752	3.235366395792916e-05	3.235936569296281e-05
79949	3.161788880123861e-05	3.162277660168380e-05
80123	3.089412090950816e-05	3.090295432513592e-05
80220	3.019073484056278e-05	3.019951720402019e-05
80336	2.950379476363008e-05	2.951209226666384e-05
80469	2.882859016151151e-05	2.884031503126606e-05
80775	2.817558870304993e-05	2.818382931264455e-05
80972	2.753721320247760e-05	2.754228703338169e-05
81146	2.691226013296077e-05	2.691534803926914e-05
81318	2.630062868591576e-05	2.630267991895381e-05
81528	2.569841446165011e-05	2.570395782768864e-05
81683	2.511149363371157e-05	2.511886431509582e-05
81841	2.454463516610161e-05	2.454708915685029e-05
82009	2.398412592985455e-05	2.398832919019490e-05
82213	2.343662763859555e-05	2.344228815319923e-05
82376	2.290477276922775e-05	2.290867652767775e-05
82544	2.238043303759429e-05	2.238721138568338e-05
82807	2.187082222271375e-05	2.187761623949552e-05
82920	2.137682051606138e-05	2.137962089502232e-05
83057	2.088848484638195e-05	2.089296130854041e-05
83156	2.041524652240945e-05	2.041737944669527e-05
83326	1.995241531094205e-05	1.995262314968879e-05
83519	1.949300670600618e-05	1.949844599758046e-05
83859	1.905366689691768e-05	1.905460717963248e-05
84178	1.861618691900713e-05	1.862087136662866e-05
84536	1.819458171681276e-05	1.819700858609983e-05
84785	1.778021887921533e-05	1.778279410038923e-05
85150	1.737562769688061e-05	1.737800828749376e-05
85552	1.697803921041352e-05	1.698243652461746e-05
85881	1.659406111920170e-05	1.659586907437560e-05
86027	1.621695721587546e-05	1.621810097358930e-05
86193	1.584582949620827e-05	1.584893192461114e-05
86343	1.548633265058275e-05	1.548816618912483e-05
86501	1.513535392361209e-05	1.513561248436207e-05
86675	1.478770188856338e-05	1.479108388168207e-05
86794	1.445359047325123e-05	1.445439770745928e-05
87025	1.412404038225734e-05	1.412537544622755e-05
87399	1.380110332294127e-05	1.380384264602884e-05
87583	1.348817849788908e-05	1.348962882591653e-05
87701	1.318128339367064e-05	1.318256738556407e-05
87844	1.288217752448695e-05	1.288249551693135e-05
88030	1.258718898855538e-05	1.258925411794166e-05
88190	1.230095570725620e-05	1.230268770812381e-05
88349	1.202216908313680e-05	1.202264434617413e-05
88505	1.174773938450446e-05	1.174897554939530e-05
88662	1.148033790776548e-05	1.148153621496882e-05
88846	1.121842164353293e-05	1.122018454301963e-05
89093	1.096430169311713e-05	1.096478196143185e-05
89254	1.071509945016480e-05	1.071519305237607e-05
89478	1.047016887456564e-05	1.047128548050899e-05
89699	1.023120239007635e-05	1.023292992280754e-05
89928	9.997867970512608e-06	1.000000000000000e-05
199998	9.775487977203845e-06	1.000000000000000e-05
%
% index = 816, name = bbob_f021_i15_d02__bbob_f021_i16_d02
% instance = 7, reference value = 9.387828144248750e-01
% function evaluation | indicator value | target hit
1	3.073652769317875e+00	3.090295432513591e+00
214	2.393991653349875e+00	2.398832919019490e+00
316	1.896697368849875e+00	1.905460717963247e+00
321	1.227550389893375e+00	1.230268770812382e+00
326	7.412673316675544e-01	7.413102413009175e-01
331	4.673858323177582e-01	4.677351412871982e-01
336	4.087937696541554e-01	4.168693834703354e-01
341	3.312199377700681e-01	3.388441561392025e-01
346	3.275849188321053e-01	3.311311214825911e-01
351	3.053032687955202e-01	3.090295432513591e-01
356	2.991646451944400e-01	3.019951720402016e-01
2622	2.950207401362233e-01	2.951209226666385e-01
2853	2.873664063247620e-01	2.884031503126606e-01
2915	2.816901417216003e-01	2.818382931264454e-01
15280	2.735327327547460e-01	2.754228703338166e-01
15315	2.684222243104828e-01	2.691534803926916e-01
15352	2.591115262084538e-01	2.630267991895382e-01
15384	2.472362019369447e-01	2.511886431509580e-01
15416	1.429845635502698e-01	1.445439770745928e-01
15449	1.381128742313638e-01	1.412537544622754e-01
15462	1.380199087070481e-01	1.380384264602885e-01
15468	1.337747631036448e-01	1.348962882591654e-01
15485	1.317097333507286e-01	1.318256738556407e-01
15967	1.273576159640332e-01	1.288249551693134e-01
16010	1.234477453561659e-01	1.258925411794167e-01
16058	1.214116926494349e-01	1.230268770812381e-01
19381	1.130138896514883e-01	1.148153621496883e-01
19401	1.118930635269205e-01	1.122018454301964e-01
19403	1.090737709193003e-01	1.096478196143185e-01
19666	1.070605459882338e-01	1.071519305237607e-01
20233	1.045393614564132e-01	1.047128548050900e-01
20773	9.809319376972636e-02	1.000000000000000e-01
20778	8.785924488370689e-02	8.912509381337455e-02
20783	8.315299119680364e-02	8.317637711026708e-02
20788	8.033957167350292e-02	8.128305161640990e-02
20793	7.866047107285923e-02	7.943282347242814e-02
43644	7.760811001596735e-02	7.762471166286916e-02
54321	6.067440193239171e-02	6.165950018614822e-02
54336	5.560875824622169e-02	5.623413251903491e-02
54341	5.224359717094007e-02	5.248074602497726e-02
54346	4.687053293209686e-02	4.786300923226382e-02
54351	4.627889327817614e-02	4.677351412871981e-02
54431	4.550039396758798e-02	4.570881896148749e-02
54467	4.458292131898700e-02	4.466835921509630e-02
54511	4.332168363994926e-02	4.365158322401658e-02
54545	3.975341594494242e-02	3.981071705534973e-02
54562	3.852560785285419e-02	3.890451449942807e-02
54563	3.764962422889861e-02	3.801893963205612e-02
54564	3.688878178710819e-02	3.715352290971726e-02
54613	3.629618146314229e-02	3.630780547701014e-02
54692	3.494499217822211e-02	3.548133892335755e-02
54733	3.357919659714714e-02	3.388441561392026e-02
54769	3.174884837791248e-02	3.235936569296283e-02
54805	3.052256093099437e-02	3.090295432513590e-02
54834	2.997371238401902e-02	3.019951720402016e-02
55981	2.938099825730656e-02	2.951209226666385e-02
71209	2.197269257451517e-02	2.238721138568340e-02
71214	2.125285155940870e-02	2.137962089502233e-02
71219	2.056568809479631e-02	2.089296130854040e-02
71224	1.978863072400550e-02	1.995262314968880e-02
71341	1.932426892857497e-02	1.949844599758046e-02
71365	1.876175918707357e-02	1.905460717963247e-02
71390	1.740101187945531e-02	1.778279410038923e-02
71422	1.456633949104658e-02	1.479108388168207e-02
71437	1.444149033462538e-02	1.445439770745927e-02
71439	1.406972179028898e-02	1.412537544622754e-02
71440	1.358313936844935e-02	1.380384264602885e-02
71441	1.265537237532766e-02	1.288249551693134e-02
71442	1.104838965806165e-02	1.122018454301964e-02
71443	8.915762747065847e-03	9.120108393559097e-03
71497	8.317557970396239e-03	8.317637711026709e-03
71715	7.363047223333918e-03	7.413102413009177e-03
71720	7.120327826440453e-03	7.244359600749898e-03
71725	6.265413009028831e-03	6.309573444801930e-03
71730	4.586318602195605e-03	4.677351412871981e-03
71735	4.388230006162286e-03	4.466835921509630e-03
71740	4.204068077864220e-03	4.265795188015926e-03
71796	4.166718522404356e-03	4.168693834703355e-03
71860	3.986345268040759e-03	4.073802778041126e-03
71885	3.835913701301319e-03	3.890451449942805e-03
71917	3.694018679586519e-03	3.715352290971724e-03
73967	3.572983204586100e-03	3.630780547701014e-03
73989	3.458796519757112e-03	3.467368504525317e-03
74012	3.249540296427211e-03	3.311311214825911e-03
74038	2.902693072285634e-03	2.951209226666387e-03
74069	2.406970972366640e-03	2.454708915685031e-03
74101	1.599635955925938e-03	1.621810097358930e-03
74133	1.209427161636967e-03	1.230268770812381e-03
74164	1.099924862112855e-03	1.122018454301963e-03
74189	1.089132573986462e-03	1.096478196143185e-03
74588	8.845455631034671e-04	8.912509381337459e-04
74628	8.219118851829910e-04	8.317637711026709e-04
74697	7.643364628840965e-04	7.762471166286919e-04
74753	7.138903369113825e-04	7.244359600749898e-04
74787	6.620584556225051e-04	6.760829753919819e-04
74821	6.240737578566691e-04	6.309573444801930e-04
74874	5.851340118758763e-04	5.888436553555889e-04
74925	5.658541381315940e-04	5.754399373371566e-04
74948	5.428848475861336e-04	5.495408738576248e-04
75034	5.251272650576011e-04	5.370317963702527e-04
75055	5.059526172102036e-04	5.128613839913648e-04
75104	4.898425887631674e-04	5.011872336272725e-04
75128	4.765877305237254e-04	4.786300923226385e-04
75149	4.650240845018860e-04	4.677351412871981e-04
75161	4.512800083493751e-04	4.570881896148752e-04
75172	4.379379926596760e-04	4.466835921509630e-04
75178	4.251562580617207e-04	4.265795188015926e-04
75196	4.031227462399922e-04	4.073802778041126e-04
75219	3.942148688984570e-04	3.981071705534974e-04
75241	3.848889080152462e-04	3.890451449942805e-04
75253	3.718322408916563e-04	3.801893963205612e-04
75259	3.614650751759818e-04	3.630780547701014e-04
75283	3.467178978736607e-04	3.467368504525317e-04
75309	3.383267089411834e-04	3.388441561392024e-04
75360	3.260843396529767e-04	3.311311214825911e-04
75402	3.200284306233980e-04	3.235936569296281e-04
75421	3.144549727042145e-04	3.162277660168379e-04
75441	3.077839356756540e-04	3.090295432513592e-04
75470	3.008398304519266e-04	3.019951720402016e-04
75530	2.886187902219062e-04	2.951209226666387e-04
75549	2.854407804535608e-04	2.884031503126605e-04
75568	2.812508512829437e-04	2.818382931264455e-04
75610	2.720773235613816e-04	2.754228703338166e-04
75628	2.679792645787771e-04	2.691534803926917e-04
75642	2.606345344491334e-04	2.630267991895381e-04
75644	2.538315554655446e-04	2.570395782768865e-04
75645	2.505141561037760e-04	2.511886431509580e-04
75665	2.449908833616066e-04	2.454708915685031e-04
75687	2.376968083295239e-04	2.398832919019490e-04
75709	2.307304381411468e-04	2.344228815319923e-04
75742	2.269248189785689e-04	2.290867652767772e-04
75760	2.238394974833913e-04	2.238721138568340e-04
75781	2.186739506289115e-04	2.187761623949552e-04
75803	2.131867169579138e-04	2.137962089502232e-04
75837	2.082774742898641e-04	2.089296130854039e-04
75839	2.037046390301889e-04	2.041737944669530e-04
75864	1.987409427505193e-04	1.995262314968879e-04
75883	1.943871278579090e-04	1.949844599758046e-04
75885	1.901952834140186e-04	1.905460717963246e-04
75925	1.846592882862597e-04	1.862087136662868e-04
75967	1.808871677911883e-04	1.819700858609983e-04
75996	1.773786049227288e-04	1.778279410038923e-04
76042	1.733444663771788e-04	1.737800828749376e-04
76103	1.682938508931198e-04	1.698243652461744e-04
76153	1.652315316543751e-04	1.659586907437562e-04
76188	1.620698597485370e-04	1.621810097358930e-04
76244	1.577874089503384e-04	1.584893192461114e-04
76308	1.541287725557172e-04	1.548816618912481e-04
76347	1.500646213629109e-04	1.513561248436209e-04
76383	1.478536098811212e-04	1.479108388168207e-04
76447	1.436123421001412e-04	1.445439770745928e-04
76484	1.406629751944388e-04	1.412537544622754e-04
76535	1.372021482116681e-04	1.380384264602885e-04
76538	1.346079002745304e-04	1.348962882591653e-04
76560	1.311320619470369e-04	1.318256738556407e-04
76563	1.286689951079945e-04	1.288249551693134e-04
76582	1.253526502464908e-04	1.258925411794167e-04
76621	1.228673611799458e-04	1.230268770812381e-04
76653	1.198557469381800e-04	1.202264434617413e-04
76694	1.172708806979061e-04	1.174897554939529e-04
76761	1.145416726036075e-04	1.148153621496883e-04
76823	1.121715932722589e-04	1.122018454301963e-04
76828	1.093148897814977e-04	1.096478196143185e-04
76860	1.067539987777977e-04	1.071519305237606e-04
76894	1.046667408252100e-04	1.047128548050900e-04
76979	1.018151359665209e-04	1.023292992280754e-04
77026	9.985153855762707e-05	1.000000000000000e-04
77103	9.754722879973254e-05	9.772372209558111e-05
77178	9.529840474009621e-05	9.549925860214369e-05
77255	9.295709627177295e-05	9.332543007969905e-05
77340	9.095848236251314e-05	9.120108393559096e-05
77410	8.898278628599599e-05	8.912509381337459e-05
77498	8.708086141884230e-05	8.709635899560814e-05
77584	8.505551668580580e-05	8.511380382023759e-05
77653	8.293941182280218e-05	8.317637711026709e-05
77709	8.098546400281403e-05	8.128305161640995e-05
77777	7.937063345397899e-05	7.943282347242822e-05
77849	7.751334471495230e-05	7.762471166286911e-05
77936	7.548466398954456e-05	7.585775750291836e-05
78015	7.397285248644803e-05	7.413102413009176e-05
78023	7.223510378795428e-05	7.244359600749906e-05
78035	7.075398294320578e-05	7.079457843841373e-05
78064	6.911286757305124e-05	6.918309709189363e-05
78133	6.746415408376283e-05	6.760829753919819e-05
78165	6.606552466015270e-05	6.606934480075965e-05
78222	6.450197810003999e-05	6.456542290346549e-05
78284	6.292630884674466e-05	6.309573444801929e-05
78391	6.154926591983578e-05	6.165950018614822e-05
78467	6.014947808907767e-05	6.025595860743581e-05
78481	5.887667446646816e-05	5.888436553555884e-05
78514	5.749723047099309e-05	5.754399373371566e-05
78585	5.616370380467917e-05	5.623413251903491e-05
78684	5.490569507404786e-05	5.495408738576248e-05
78788	5.360316153202316e-05	5.370317963702532e-05
78932	5.238000567475698e-05	5.248074602497723e-05
79056	5.127428813767043e-05	5.128613839913648e-05
79201	5.006250890471353e-05	5.011872336272725e-05
79286	4.891145275531805e-05	4.897788193684466e-05
79361	4.780037074603172e-05	4.786300923226380e-05
79482	4.671479807294432e-05	4.677351412871981e-05
79552	4.568312870567581e-05	4.570881896148752e-05
79664	4.460398517325270e-05	4.466835921509635e-05
79761	4.363264366136210e-05	4.365158322401657e-05
79826	4.262854505343583e-05	4.265795188015926e-05
79923	4.166386163295677e-05	4.168693834703355e-05
79952	4.068465970585855e-05	4.073802778041130e-05
79988	3.977588326253834e-05	3.981071705534969e-05
80055	3.888404132967871e-05	3.890451449942805e-05
80105	3.796951593271203e-05	3.801893963205612e-05
80178	3.711896122182701e-05	3.715352290971728e-05
80236	3.626864888561787e-05	3.630780547701010e-05
80401	3.544776293828988e-05	3.548133892335753e-05
80547	3.465282091119626e-05	3.467368504525317e-05
80569	3.387172714497400e-05	3.388441561392028e-05
80633	3.311128641914074e-05	3.311311214825908e-05
80750	3.233966547322442e-05	3.235936569296281e-05
80901	3.161222524172835e-05	3.162277660168380e-05
81090	3.087582919114595e-05	3.090295432513592e-05
81249	3.017611233735451e-05	3.019951720402019e-05
81434	2.951092140679457e-05	2.951209226666384e-05
81582	2.883397089736839e-05	2.884031503126606e-05
81707	2.817986789138693e-05	2.818382931264455e-05
81868	2.752634725811109e-05	2.754228703338169e-05
81992	2.690891595458211e-05	2.691534803926914e-05
82190	2.630254173541235e-05	2.630267991895381e-05
82347	2.569913544858693e-05	2.570395782768864e-05
82491	2.510909136665962e-05	2.511886431509582e-05
82738	2.454274457808214e-05	2.454708915685029e-05
82961	2.398798833813665e-05	2.398832919019490e-05
83013	2.343422940620510e-05	2.344228815319923e-05
83093	2.290845020225252e-05	2.290867652767775e-05
83178	2.238209074978403e-05	2.238721138568338e-05
83228	2.186465339826249e-05	2.187761623949552e-05
83288	2.137509890076661e-05	2.137962089502232e-05
83326	2.088397338328996e-05	2.089296130854041e-05
83393	2.041581116074553e-05	2.041737944669527e-05
83442	1.995136900279082e-05	1.995262314968879e-05
83528	1.949691922076280e-05	1.949844599758046e-05
83645	1.904454939072320e-05	1.905460717963248e-05
83800	1.861983809459122e-05	1.862087136662866e-05
83896	1.819434531347142e-05	1.819700858609983e-05
83968	1.778082277037463e-05	1.778279410038923e-05
84032	1.736957085751722e-05	1.737800828749376e-05
84090	1.697472294226454e-05	1.698243652461746e-05
84252	1.659102671303092e-05	1.659586907437560e-05
84409	1.621276320762366e-05	1.621810097358930e-05
84554	1.584313281466354e-05	1.584893192461114e-05
84689	1.548158227870911e-05	1.548816618912483e-05
84804	1.513407616171580e-05	1.513561248436207e-05
85003	1.478636559526514e-05	1.479108388168207e-05
85164	1.445217029338863e-05	1.445439770745928e-05
85333	1.412137716638728e-05	1.412537544622755e-05
85524	1.380349537871695e-05	1.380384264602884e-05
85657	1.348837749370890e-05	1.348962882591653e-05
85829	1.318019521145963e-05	1.318256738556407e-05
86000	1.288220795936379e-05	1.288249551693135e-05
86125	1.258738708675988e-05	1.258925411794166e-05
86295	1.229980251427065e-05	1.230268770812381e-05
86521	1.202085345564097e-05	1.202264434617413e-05
86691	1.174662256187009e-05	1.174897554939530e-05
86814	1.148000547901429e-05	1.148153621496882e-05
87002	1.121818398130969e-05	1.122018454301963e-05
87092	1.096258932042904e-05	1.096478196143185e-05
87194	1.071390440277042e-05	1.071519305237607e-05
87292	1.046864291209815e-05	1.047128548050899e-05
87393	1.023269967370677e-05	1.023292992280754e-05
87485	9.997747352885611e-06	1.000000000000000e-05
199997	9.918220324145466e-06	1.000000000000000e-05
%
% index = 817, name = bbob_f021_i17_d02__bbob_f021_i18_d02
% instance = 8, reference value = 9.011509862492560e-01
% function evaluation | indicator value | target hit
1	3.217823801553756e+00	3.235936569296283e+00
22	3.153553946442256e+00	3.162277660168380e+00
28	3.084501981484256e+00	3.090295432513591e+00
455	3.017912468551756e+00	3.019951720402016e+00
474	2.932445282121756e+00	2.951209226666386e+00
687	2.852372159588256e+00	2.884031503126606e+00
688	2.698152816841256e+00	2.754228703338166e+00
689	2.422736230186756e+00	2.454708915685031e+00
694	2.378029768409756e+00	2.398832919019490e+00
699	2.054770466829756e+00	2.089296130854040e+00
704	1.855773204435756e+00	1.862087136662868e+00
709	1.441459467682256e+00	1.445439770745927e+00
1667	1.376170944946256e+00	1.380384264602885e+00
1668	1.270223876437756e+00	1.288249551693134e+00
1669	1.085328286120756e+00	1.096478196143185e+00
1674	9.237432998712559e-01	9.332543007969910e-01
1679	8.222676840095029e-01	8.317637711026710e-01
1684	7.631972516482189e-01	7.762471166286917e-01
1689	2.720890604715012e-01	2.754228703338166e-01
1694	2.670635696331358e-01	2.691534803926916e-01
1699	2.182434062750440e-01	2.187761623949552e-01
1709	2.083754245564260e-01	2.089296130854039e-01
1973	2.040682047066316e-01	2.041737944669530e-01
2420	1.971904003688401e-01	1.995262314968880e-01
2448	1.940175160912517e-01	1.949844599758045e-01
2482	1.904800110827003e-01	1.905460717963247e-01
2525	1.857836693132977e-01	1.862087136662867e-01
2568	1.786322600166953e-01	1.819700858609984e-01
2615	1.710380263368950e-01	1.737800828749375e-01
2656	1.653459450595532e-01	1.659586907437560e-01
2691	1.612548144071946e-01	1.621810097358930e-01
2719	1.584783663064159e-01	1.584893192461113e-01
2916	1.547468228810752e-01	1.548816618912481e-01
18250	1.503483709069932e-01	1.513561248436208e-01
19833	1.478385810938353e-01	1.479108388168208e-01
19855	1.440220688656196e-01	1.445439770745928e-01
19875	1.342448486241176e-01	1.348962882591654e-01
19896	1.306381485828534e-01	1.318256738556407e-01
19912	1.258746565681804e-01	1.258925411794167e-01
36786	1.155033251788019e-01	1.174897554939529e-01
36804	1.145390368484814e-01	1.148153621496883e-01
36806	1.117624978257664e-01	1.122018454301964e-01
36807	1.086389905355470e-01	1.096478196143185e-01
36808	1.057247730769920e-01	1.071519305237607e-01
36820	1.025915320259593e-01	1.047128548050900e-01
36825	9.828365469370837e-02	1.000000000000000e-01
37974	9.617151197935125e-02	9.772372209558107e-02
38010	9.224570882900973e-02	9.332543007969910e-02
38040	8.638730643965642e-02	8.709635899560805e-02
38069	8.400154052334918e-02	8.511380382023763e-02
38112	7.644307608332246e-02	7.762471166286916e-02
38237	7.507553773660347e-02	7.585775750291836e-02
38242	7.225663650877945e-02	7.244359600749903e-02
38247	6.917319483537943e-02	6.918309709189366e-02
38259	6.482713907365267e-02	6.606934480075961e-02
38264	6.362198208979086e-02	6.456542290346556e-02
38269	6.259826730133367e-02	6.309573444801933e-02
38275	6.041226236850716e-02	6.165950018614822e-02
38280	5.750796979682760e-02	5.754399373371569e-02
39250	5.583618781118338e-02	5.623413251903491e-02
39279	5.104643082944127e-02	5.128613839913648e-02
39360	5.000385949614483e-02	5.011872336272722e-02
39392	4.874390918941485e-02	4.897788193684462e-02
40841	4.780191403582390e-02	4.786300923226382e-02
43466	4.622000503226287e-02	4.677351412871981e-02
43485	4.533859173402366e-02	4.570881896148749e-02
43486	4.386958424718079e-02	4.466835921509630e-02
43487	3.928330114899226e-02	3.981071705534973e-02
43488	3.311065096434429e-02	3.311311214825911e-02
43493	2.874535208949103e-02	2.884031503126606e-02
43498	2.769382930096553e-02	2.818382931264454e-02
43503	2.637082629965226e-02	2.691534803926915e-02
43508	2.585556742722483e-02	2.630267991895381e-02
43669	2.559266734128107e-02	2.570395782768863e-02
43731	2.502313278567780e-02	2.511886431509579e-02
43769	2.446941894519472e-02	2.454708915685030e-02
44380	2.355284059829765e-02	2.398832919019490e-02
44385	2.224598193375071e-02	2.238721138568340e-02
44395	2.078048209920591e-02	2.089296130854040e-02
44400	1.767433088751902e-02	1.778279410038923e-02
44401	1.677137540393214e-02	1.698243652461744e-02
44663	1.657778249485953e-02	1.659586907437561e-02
45541	1.618754112201970e-02	1.621810097358930e-02
46824	1.577151259480603e-02	1.584893192461113e-02
62629	1.540219610564719e-02	1.548816618912481e-02
62834	1.485552398826784e-02	1.513561248436208e-02
62839	1.448617194198476e-02	1.479108388168207e-02
62844	1.437444890432527e-02	1.445439770745927e-02
63341	1.397458524993833e-02	1.412537544622754e-02
63369	1.372738525057193e-02	1.380384264602885e-02
63911	1.348702506667432e-02	1.348962882591653e-02
68527	1.317982987920419e-02	1.318256738556407e-02
69727	1.288225497036555e-02	1.288249551693134e-02
117773	1.239873435526317e-02	1.258925411794167e-02
117792	1.128881995082021e-02	1.148153621496883e-02
117814	7.856293921706503e-03	7.943282347242814e-03
117844	7.239993901966502e-03	7.244359600749898e-03
149603	7.032335813308421e-03	7.079457843841380e-03
149610	6.771677104699836e-03	6.918309709189363e-03
149615	6.242165564792512e-03	6.309573444801930e-03
149630	6.164186765465485e-03	6.165950018614822e-03
150673	5.985255133596712e-03	6.025595860743574e-03
195738	5.659813889304144e-03	5.754399373371567e-03
195760	4.961491861110501e-03	5.011872336272725e-03
195790	3.361453998800168e-03	3.388441561392024e-03
195807	3.280392475339178e-03	3.311311214825911e-03
195831	3.141574592939844e-03	3.162277660168379e-03
195847	3.070554640656753e-03	3.090295432513592e-03
195848	3.012154770598352e-03	3.019951720402016e-03
195849	2.934691450786842e-03	2.951209226666387e-03
195881	2.494335573649309e-03	2.511886431509579e-03
195930	1.679077367628623e-03	1.698243652461744e-03
195979	1.062239685769684e-03	1.071519305237606e-03
199994	1.056948530220536e-03	1.071519305237606e-03
%
% index = 818, name = bbob_f021_i19_d02__bbob_f021_i21_d02
% instance = 9, reference value = 8.692537627340780e-01
% function evaluation | indicator value | target hit
1	2.721338909431399e+00	2.754228703338166e+00
19	2.686788974346517e+00	2.691534803926916e+00
21	2.586039393376907e+00	2.630267991895382e+00
22	2.459667211120450e+00	2.511886431509580e+00
23	2.239766060502077e+00	2.290867652767773e+00
28	2.043947783421578e+00	2.089296130854040e+00
33	1.864348067969078e+00	1.905460717963247e+00
38	1.855214201438078e+00	1.862087136662868e+00
246	1.573482336976078e+00	1.584893192461114e+00
346	1.399740902457578e+00	1.412537544622754e+00
931	1.347257384695078e+00	1.348962882591654e+00
954	1.270908164452578e+00	1.288249551693134e+00
983	1.182796685785578e+00	1.202264434617413e+00
1017	1.164877167209078e+00	1.174897554939530e+00
1069	1.148061749629578e+00	1.148153621496883e+00
1198	1.117507217601078e+00	1.122018454301963e+00
3425	1.056626153636578e+00	1.071519305237606e+00
3731	9.283251248335780e-01	9.332543007969910e-01
3736	7.688042698785702e-01	7.762471166286917e-01
3741	6.147797877895806e-01	6.165950018614822e-01
3746	5.074983501621626e-01	5.128613839913648e-01
3751	4.584922537079799e-01	4.677351412871982e-01
3756	4.524777713443166e-01	4.570881896148750e-01
5840	4.464999436125119e-01	4.466835921509631e-01
5898	4.311479497089296e-01	4.365158322401660e-01
5931	4.111962195142487e-01	4.168693834703354e-01
5960	3.734380084542090e-01	3.801893963205612e-01
5987	3.087722114563670e-01	3.090295432513591e-01
6041	2.303578641581303e-01	2.344228815319922e-01
6075	2.040850313020770e-01	2.041737944669530e-01
8957	1.986872547387142e-01	1.995262314968880e-01
10914	1.949785462571008e-01	1.949844599758045e-01
39146	1.886169512483390e-01	1.905460717963247e-01
39151	1.830643949306855e-01	1.862087136662867e-01
46832	1.818626048569504e-01	1.819700858609984e-01
48199	1.687693386011886e-01	1.698243652461744e-01
48244	1.621281468570508e-01	1.621810097358930e-01
59893	1.573561208558246e-01	1.584893192461113e-01
59967	1.547263540373720e-01	1.548816618912481e-01
60658	1.513305803718630e-01	1.513561248436208e-01
104497	1.470928229973869e-01	1.479108388168208e-01
104507	1.399413097617173e-01	1.412537544622754e-01
104512	1.319972013015707e-01	1.348962882591654e-01
104517	1.248529962521712e-01	1.258925411794167e-01
105366	1.228023335135601e-01	1.230268770812381e-01
105381	1.188308064762152e-01	1.202264434617413e-01
105386	1.078190713038580e-01	1.096478196143185e-01
105391	9.492080046223483e-02	9.549925860214359e-02
105396	8.749986368649587e-02	8.912509381337455e-02
105593	7.605721291941636e-02	7.762471166286916e-02
105637	6.621143268192586e-02	6.760829753919818e-02
105670	6.056819651670942e-02	6.165950018614822e-02
105696	5.157716642371135e-02	5.248074602497726e-02
105723	3.829810418534807e-02	3.890451449942807e-02
105755	2.462104710713442e-02	2.511886431509579e-02
105789	2.261444270840296e-02	2.290867652767773e-02
106965	2.103944149719028e-02	2.137962089502233e-02
106970	1.194100862581349e-02	1.202264434617413e-02
106975	1.160130653820690e-02	1.174897554939530e-02
106980	1.019212308558559e-02	1.023292992280754e-02
107896	9.689152332316375e-03	9.772372209558112e-03
107940	9.254605867386689e-03	9.332543007969915e-03
107973	8.801702852980320e-03	8.912509381337459e-03
108005	8.046446310486122e-03	8.128305161640995e-03
108037	7.096843019581578e-03	7.244359600749898e-03
108074	7.035175444114916e-03	7.079457843841380e-03
108105	6.833609240825433e-03	6.918309709189363e-03
108106	6.755490588902680e-03	6.760829753919818e-03
109693	6.605606906022743e-03	6.606934480075957e-03
109736	6.386560648089068e-03	6.456542290346556e-03
109756	6.237681551554131e-03	6.309573444801930e-03
110089	4.209164154213574e-03	4.265795188015926e-03
110120	3.252755567896726e-03	3.311311214825911e-03
110146	2.486458749180187e-03	2.511886431509579e-03
110170	2.337207002770736e-03	2.344228815319923e-03
110193	2.117805721436383e-03	2.137962089502233e-03
110215	1.943664834973546e-03	1.949844599758046e-03
110237	1.765377357837772e-03	1.778279410038923e-03
110261	1.607166639391866e-03	1.621810097358930e-03
110283	1.441892140913503e-03	1.445439770745928e-03
110308	1.320364159710263e-03	1.348962882591653e-03
110350	1.300112665850395e-03	1.318256738556408e-03
110356	1.248321266181240e-03	1.258925411794167e-03
110377	1.199797711618156e-03	1.202264434617413e-03
110398	1.156275535735607e-03	1.174897554939529e-03
110419	1.115663961379298e-03	1.122018454301963e-03
110439	1.075368824253742e-03	1.096478196143185e-03
110459	1.033735415994941e-03	1.047128548050900e-03
110481	9.951980246920566e-04	1.000000000000000e-03
110500	9.575918056713428e-04	9.772372209558111e-04
110522	9.221914623644967e-04	9.332543007969915e-04
110542	8.910626474394334e-04	8.912509381337459e-04
110562	8.588734912386986e-04	8.709635899560805e-04
110585	8.161864860127821e-04	8.317637711026709e-04
110609	7.860162836363926e-04	7.943282347242813e-04
110633	7.632889031152779e-04	7.762471166286919e-04
110634	7.307774696840852e-04	7.413102413009177e-04
110640	7.046593003225965e-04	7.079457843841380e-04
110681	6.900797492734867e-04	6.918309709189362e-04
110734	6.672266726929221e-04	6.760829753919819e-04
110768	6.547317013957388e-04	6.606934480075957e-04
110787	6.424381443047578e-04	6.456542290346556e-04
110805	6.305782339793842e-04	6.309573444801930e-04
110843	6.085271615642318e-04	6.165950018614823e-04
110862	5.981199583364738e-04	6.025595860743575e-04
110882	5.880690500545960e-04	5.888436553555889e-04
110919	5.684806520258601e-04	5.754399373371566e-04
110937	5.587234108856975e-04	5.623413251903491e-04
110955	5.490633785288912e-04	5.495408738576248e-04
110990	5.302750912521415e-04	5.370317963702527e-04
111010	5.211134619659274e-04	5.248074602497728e-04
111027	5.118531965089268e-04	5.128613839913648e-04
111066	4.916952355943360e-04	5.011872336272725e-04
111087	4.831061212871024e-04	4.897788193684461e-04
111106	4.749283055860420e-04	4.786300923226385e-04
111107	4.665906930971797e-04	4.677351412871981e-04
111145	4.506362041103440e-04	4.570881896148752e-04
111162	4.422802547349169e-04	4.466835921509630e-04
111163	4.345769197926508e-04	4.365158322401661e-04
111202	4.235912252211760e-04	4.265795188015926e-04
111221	4.165335540823323e-04	4.168693834703355e-04
111265	4.027283033460893e-04	4.073802778041126e-04
111284	3.963000436434383e-04	3.981071705534974e-04
111328	3.818696474054972e-04	3.890451449942805e-04
111347	3.765732789429155e-04	3.801893963205612e-04
111366	3.711814921975032e-04	3.715352290971724e-04
111404	3.589890948563212e-04	3.630780547701014e-04
111405	3.530892969223487e-04	3.548133892335753e-04
111489	3.442279278150773e-04	3.467368504525317e-04
111546	3.366457777403964e-04	3.388441561392024e-04
111630	3.305316518571466e-04	3.311311214825911e-04
111681	3.215891544329219e-04	3.235936569296281e-04
111714	3.159153470089215e-04	3.162277660168379e-04
111759	3.072179361729432e-04	3.090295432513592e-04
111813	2.995445975478850e-04	3.019951720402016e-04
111850	2.946738494974399e-04	2.951209226666387e-04
111886	2.874610438184932e-04	2.884031503126605e-04
111928	2.802642565139513e-04	2.818382931264455e-04
111946	2.751096727641178e-04	2.754228703338166e-04
111983	2.680852548601065e-04	2.691534803926917e-04
112029	2.623223396190921e-04	2.630267991895381e-04
112049	2.555853634743643e-04	2.570395782768865e-04
112087	2.490759511599716e-04	2.511886431509580e-04
112089	2.447985056561741e-04	2.454708915685031e-04
112109	2.385707398852022e-04	2.398832919019490e-04
112147	2.325784106734785e-04	2.344228815319923e-04
112149	2.286757423791697e-04	2.290867652767772e-04
112188	2.234092540635002e-04	2.238721138568340e-04
112208	2.179905838576301e-04	2.187761623949552e-04
112250	2.123966484421924e-04	2.137962089502232e-04
112270	2.088650535349013e-04	2.089296130854039e-04
112325	2.032103437575872e-04	2.041737944669530e-04
112345	1.983331435159164e-04	1.995262314968879e-04
112387	1.937046653565089e-04	1.949844599758046e-04
112409	1.892432114033449e-04	1.905460717963246e-04
112412	1.853341517911167e-04	1.862087136662868e-04
112474	1.819073255537873e-04	1.819700858609983e-04
112573	1.772672705000478e-04	1.778279410038923e-04
112660	1.736454506421348e-04	1.737800828749376e-04
112684	1.695205030328717e-04	1.698243652461744e-04
112709	1.657898682857484e-04	1.659586907437562e-04
112715	1.615364020115528e-04	1.621810097358930e-04
112720	1.582246279732136e-04	1.584893192461114e-04
112759	1.542025627485621e-04	1.548816618912481e-04
112780	1.511804628370195e-04	1.513561248436209e-04
112786	1.476031107912057e-04	1.479108388168207e-04
112803	1.440471470322002e-04	1.445439770745928e-04
112834	1.406981193964318e-04	1.412537544622754e-04
112839	1.378786180206149e-04	1.380384264602885e-04
112861	1.344595793150161e-04	1.348962882591653e-04
112887	1.316211735641337e-04	1.318256738556407e-04
112919	1.283152433381174e-04	1.288249551693134e-04
112945	1.256167382536200e-04	1.258925411794167e-04
112972	1.230093710544722e-04	1.230268770812381e-04
112999	1.199777839215876e-04	1.202264434617413e-04
113031	1.170558666906407e-04	1.174897554939529e-04
113057	1.146850293241020e-04	1.148153621496883e-04
113112	1.118547918482760e-04	1.122018454301963e-04
113163	1.096455703952781e-04	1.096478196143185e-04
113237	1.070631803516964e-04	1.071519305237606e-04
113281	1.045290571987101e-04	1.047128548050900e-04
113368	1.020904638366904e-04	1.023292992280754e-04
113418	9.973662985618414e-05	1.000000000000000e-04
113462	9.760390442214995e-05	9.772372209558111e-05
113506	9.538951409449048e-05	9.549925860214369e-05
113613	9.327592599739365e-05	9.332543007969905e-05
113761	9.104905686840858e-05	9.120108393559096e-05
113853	8.908180372069197e-05	8.912509381337459e-05
113938	8.697140875713050e-05	8.709635899560814e-05
113983	8.500708378023081e-05	8.511380382023759e-05
113994	8.305255050922167e-05	8.317637711026709e-05
114005	8.122134540700099e-05	8.128305161640995e-05
114022	7.929260718286812e-05	7.943282347242822e-05
114060	7.751984528514555e-05	7.762471166286911e-05
114072	7.573940663452294e-05	7.585775750291836e-05
114083	7.411507775489934e-05	7.413102413009176e-05
114095	7.234568670577701e-05	7.244359600749906e-05
114106	7.074089185099552e-05	7.079457843841373e-05
114117	6.917552875385091e-05	6.918309709189363e-05
114134	6.752568570167483e-05	6.760829753919819e-05
114163	6.604038960345004e-05	6.606934480075965e-05
114195	6.447919826857440e-05	6.456542290346549e-05
114217	6.304461614359269e-05	6.309573444801929e-05
114239	6.156137587365329e-05	6.165950018614822e-05
114255	6.022043960662860e-05	6.025595860743581e-05
114282	5.882026882564340e-05	5.888436553555884e-05
114348	5.746367394809937e-05	5.754399373371566e-05
114402	5.614067694226232e-05	5.623413251903491e-05
114441	5.487293890082956e-05	5.495408738576248e-05
114508	5.364888842296356e-05	5.370317963702532e-05
114574	5.247869551461282e-05	5.248074602497723e-05
114652	5.120588413554117e-05	5.128613839913648e-05
114670	5.007558267777767e-05	5.011872336272725e-05
114739	4.897361889821816e-05	4.897788193684466e-05
114937	4.779962813727945e-05	4.786300923226380e-05
115086	4.674112841551725e-05	4.677351412871981e-05
115278	4.567153761636522e-05	4.570881896148752e-05
115316	4.464562234374192e-05	4.466835921509635e-05
115367	4.361075920311652e-05	4.365158322401657e-05
115407	4.263252932956707e-05	4.265795188015926e-05
115451	4.165443193415719e-05	4.168693834703355e-05
115487	4.070738856964962e-05	4.073802778041130e-05
115523	3.977857752579528e-05	3.981071705534969e-05
115547	3.889473622742390e-05	3.890451449942805e-05
115571	3.801609835396569e-05	3.801893963205612e-05
115596	3.711917416160393e-05	3.715352290971728e-05
115620	3.629647008873693e-05	3.630780547701010e-05
115690	3.547048679131137e-05	3.548133892335753e-05
115715	3.464149504484038e-05	3.467368504525317e-05
115739	3.386524939952285e-05	3.388441561392028e-05
115763	3.311171067144070e-05	3.311311214825908e-05
115827	3.235177320792815e-05	3.235936569296281e-05
115863	3.161497374248867e-05	3.162277660168380e-05
115893	3.089705828773770e-05	3.090295432513592e-05
115918	3.019861813347013e-05	3.019951720402019e-05
115954	2.950749858166013e-05	2.951209226666384e-05
115981	2.881579623925656e-05	2.884031503126606e-05
116097	2.817012980960154e-05	2.818382931264455e-05
116151	2.753616533324177e-05	2.754228703338169e-05
116181	2.691493021189650e-05	2.691534803926914e-05
116292	2.629658107111688e-05	2.630267991895381e-05
116465	2.568955146964313e-05	2.570395782768864e-05
116675	2.511287990547562e-05	2.511886431509582e-05
116780	2.454625954351197e-05	2.454708915685029e-05
116863	2.398071740639107e-05	2.398832919019490e-05
116913	2.343640160129556e-05	2.344228815319923e-05
117075	2.290266298532462e-05	2.290867652767775e-05
117140	2.237922012437998e-05	2.238721138568338e-05
117216	2.186853273122846e-05	2.187761623949552e-05
117280	2.137952248681962e-05	2.137962089502232e-05
117334	2.088612144712787e-05	2.089296130854041e-05
117387	2.041222846849156e-05	2.041737944669527e-05
117504	1.994736694777011e-05	1.995262314968879e-05
117590	1.949712371906998e-05	1.949844599758046e-05
117691	1.905100842169993e-05	1.905460717963248e-05
117745	1.861962469273948e-05	1.862087136662866e-05
117862	1.819270434000320e-05	1.819700858609983e-05
117922	1.778218803816234e-05	1.778279410038923e-05
118003	1.737793146039390e-05	1.737800828749376e-05
118076	1.697666332534098e-05	1.698243652461746e-05
118134	1.659103813467233e-05	1.659586907437560e-05
118193	1.621518994077142e-05	1.621810097358930e-05
118271	1.584505482621346e-05	1.584893192461114e-05
118376	1.548455987965269e-05	1.548816618912483e-05
118562	1.513212354475879e-05	1.513561248436207e-05
118812	1.478872149673904e-05	1.479108388168207e-05
118930	1.445405558320179e-05	1.445439770745928e-05
119318	1.412315251791973e-05	1.412537544622755e-05
119492	1.380229837200098e-05	1.380384264602884e-05
119620	1.348823837654667e-05	1.348962882591653e-05
119865	1.318121610771605e-05	1.318256738556407e-05
120099	1.288237967478345e-05	1.288249551693135e-05
120227	1.258741573451072e-05	1.258925411794166e-05
120357	1.230069004842793e-05	1.230268770812381e-05
120493	1.202173710757037e-05	1.202264434617413e-05
120691	1.174862572950186e-05	1.174897554939530e-05
120911	1.148117217386613e-05	1.148153621496882e-05
121106	1.121873925535866e-05	1.122018454301963e-05
121266	1.096427660374211e-05	1.096478196143185e-05
121424	1.071479832503996e-05	1.071519305237607e-05
121571	1.047101816731288e-05	1.047128548050899e-05
121799	1.023157028534616e-05	1.023292992280754e-05
122052	9.999733041277103e-06	1.000000000000000e-05
199998	9.892659967869477e-06	1.000000000000000e-05
%
% index = 819, name = bbob_f021_i21_d02__bbob_f021_i22_d02
% instance = 10, reference value = 8.513097412306420e-01
% function evaluation | indicator value | target hit
1	4.593813702317642e+00	4.677351412871983e+00
19	4.566176942494642e+00	4.570881896148751e+00
22	4.399178186261142e+00	4.466835921509632e+00
23	4.258034801177642e+00	4.265795188015927e+00
28	4.118445369168142e+00	4.168693834703354e+00
486	4.062521095282142e+00	4.073802778041127e+00
538	3.944046637569642e+00	3.981071705534972e+00
571	3.812346917980642e+00	3.890451449942806e+00
604	3.667757699855642e+00	3.715352290971725e+00
637	3.557815946865142e+00	3.630780547701014e+00
669	3.481434437957642e+00	3.548133892335755e+00
699	3.448424072664341e+00	3.467368504525317e+00
748	3.322207546782192e+00	3.388441561392026e+00
749	3.163358023660642e+00	3.235936569296283e+00
750	2.952352351617072e+00	3.019951720402016e+00
755	2.923050203880016e+00	2.951209226666386e+00
847	2.724856408055606e+00	2.754228703338166e+00
852	2.655741996217394e+00	2.691534803926916e+00
5140	2.093048410158036e+00	2.137962089502232e+00
5145	1.427797247113102e+00	1.445439770745927e+00
5150	1.300226135068808e+00	1.318256738556407e+00
5155	1.267270856098808e+00	1.288249551693134e+00
5160	1.249878536528571e+00	1.258925411794167e+00
13166	1.229919836512010e+00	1.230268770812382e+00
13218	1.183946831030689e+00	1.202264434617413e+00
13251	1.148368212233669e+00	1.174897554939530e+00
13284	1.128209034602208e+00	1.148153621496883e+00
15794	1.120634816017142e+00	1.122018454301963e+00
15796	1.088719080083642e+00	1.096478196143185e+00
15797	1.049974328581642e+00	1.071519305237606e+00
15798	9.840426971071420e-01	1.000000000000000e+00
16860	9.550410474546419e-01	9.772372209558107e-01
16877	8.747763595696419e-01	8.912509381337456e-01
16895	8.267205945833711e-01	8.317637711026710e-01
16916	7.866345957570263e-01	7.943282347242815e-01
16939	7.693996838310639e-01	7.762471166286917e-01
22787	3.973791537853144e-01	3.981071705534972e-01
22792	2.429175819081566e-01	2.454708915685030e-01
22797	1.805657039273840e-01	1.819700858609984e-01
22802	1.726548346118189e-01	1.737800828749375e-01
24776	1.687220292962403e-01	1.698243652461744e-01
24830	1.620386947332545e-01	1.621810097358930e-01
24866	1.545819327297537e-01	1.548816618912481e-01
24903	1.450842874707350e-01	1.479108388168208e-01
25588	1.445204239875979e-01	1.445439770745928e-01
26647	1.411629114899557e-01	1.412537544622754e-01
32660	1.304214534513872e-01	1.318256738556407e-01
32665	1.080035379443627e-01	1.096478196143185e-01
32670	8.484431030249318e-02	8.511380382023763e-02
32685	8.025758086526669e-02	8.128305161640990e-02
34994	7.924141342614410e-02	7.943282347242814e-02
35073	7.643954755038329e-02	7.762471166286916e-02
35114	7.354323322813738e-02	7.413102413009177e-02
35146	6.809191581249818e-02	6.918309709189366e-02
35180	5.758209748874743e-02	5.888436553555890e-02
35195	5.754051145105032e-02	5.754399373371569e-02
35215	3.694624333634877e-02	3.715352290971726e-02
35254	1.456262376915418e-02	1.479108388168207e-02
35292	1.237754348128117e-02	1.258925411794167e-02
35308	1.229375681497347e-02	1.230268770812382e-02
35311	1.175944343249757e-02	1.202264434617413e-02
35316	1.174878409004465e-02	1.174897554939530e-02
35443	1.146223016479930e-02	1.148153621496883e-02
37361	1.102804912355548e-02	1.122018454301964e-02
37399	1.063743053797406e-02	1.071519305237606e-02
37400	1.032194016169918e-02	1.047128548050900e-02
37425	1.023098266870581e-02	1.023292992280754e-02
37441	9.989285378812940e-03	1.000000000000000e-02
71571	9.237219645148009e-03	9.332543007969915e-03
71593	6.855467489780054e-03	6.918309709189363e-03
71763	5.943729501005190e-03	6.025595860743574e-03
71787	5.623357626338255e-03	5.623413251903491e-03
71808	5.149449693332309e-03	5.248074602497728e-03
71860	4.747074974659093e-03	4.786300923226385e-03
71928	4.578581965458794e-03	4.677351412871981e-03
71947	4.323331893553273e-03	4.365158322401661e-03
71999	4.133240325658982e-03	4.168693834703355e-03
72028	3.975356817354281e-03	3.981071705534973e-03
72047	3.874391297560842e-03	3.890451449942805e-03
72070	3.742341771395652e-03	3.801893963205613e-03
72126	3.641070447424455e-03	3.715352290971724e-03
72144	3.570842838450772e-03	3.630780547701014e-03
72164	3.509435891177803e-03	3.548133892335753e-03
72186	3.446997760355508e-03	3.467368504525317e-03
72203	3.387158141533564e-03	3.388441561392024e-03
72284	3.268967015534474e-03	3.311311214825911e-03
72327	3.207918754210781e-03	3.235936569296281e-03
72373	3.130848197323344e-03	3.162277660168379e-03
72391	3.085740825627292e-03	3.090295432513592e-03
72477	3.016607297897989e-03	3.019951720402016e-03
72562	2.946703022330133e-03	2.951209226666387e-03
72746	2.877555252019826e-03	2.884031503126605e-03
72824	2.817080475761680e-03	2.818382931264455e-03
72882	2.742585834869526e-03	2.754228703338166e-03
72949	2.687559721896715e-03	2.691534803926917e-03
73023	2.618084234349505e-03	2.630267991895381e-03
73203	2.564285050456250e-03	2.570395782768865e-03
73341	2.510686713773969e-03	2.511886431509579e-03
73627	2.450694538550069e-03	2.454708915685031e-03
73889	2.395789624549893e-03	2.398832919019490e-03
74050	2.344014475386125e-03	2.344228815319923e-03
74326	2.289979267753539e-03	2.290867652767772e-03
74852	2.238232613387958e-03	2.238721138568340e-03
75575	2.187363980233226e-03	2.187761623949552e-03
76146	2.137441519793892e-03	2.137962089502233e-03
77884	2.089266283127666e-03	2.089296130854039e-03
80375	2.041692381618332e-03	2.041737944669530e-03
87806	1.995248411421957e-03	1.995262314968879e-03
199999	1.977809915360007e-03	1.995262314968879e-03
