%
% index = 345, name = bbob_f006_i02_d02__bbob_f015_i04_d02
% instance = 1, reference value = 8.862636076781890e-01
% function evaluation | indicator value | target hit
1	3.106164511452141e-01	3.162277660168379e-01
18	3.082544877098166e-01	3.090295432513591e-01
21	3.001773978293643e-01	3.019951720402016e-01
27	2.951044799859616e-01	2.951209226666385e-01
32	2.745844463885557e-01	2.754228703338166e-01
37	2.594440247181459e-01	2.630267991895382e-01
42	2.348786353360680e-01	2.398832919019490e-01
43	2.340646965255044e-01	2.344228815319922e-01
240	2.231140941406137e-01	2.238721138568339e-01
271	2.114001667803347e-01	2.137962089502232e-01
311	1.983352216006028e-01	1.995262314968880e-01
331	1.934319274244342e-01	1.949844599758045e-01
332	1.888620813354402e-01	1.905460717963247e-01
333	1.810727577763850e-01	1.819700858609984e-01
727	1.758129216489308e-01	1.778279410038923e-01
1278	1.735780265693772e-01	1.737800828749375e-01
1323	1.697867358562352e-01	1.698243652461744e-01
1374	1.659451083770094e-01	1.659586907437560e-01
4551	1.606409634312229e-01	1.621810097358930e-01
5278	1.584663045208845e-01	1.584893192461113e-01
6603	1.546827072659021e-01	1.548816618912481e-01
7476	1.512615313585584e-01	1.513561248436208e-01
7546	1.422908890641434e-01	1.445439770745928e-01
7585	1.303040050621445e-01	1.318256738556407e-01
7620	1.189678882831607e-01	1.202264434617413e-01
7640	1.162407388472428e-01	1.174897554939529e-01
7641	1.135986943896269e-01	1.148153621496883e-01
7642	1.098931965978146e-01	1.122018454301964e-01
7647	1.069046792262982e-01	1.071519305237607e-01
8578	1.033971536661559e-01	1.047128548050900e-01
8599	1.020847811444131e-01	1.023292992280754e-01
9478	9.998437429543094e-02	1.000000000000000e-01
9480	9.764765785986507e-02	9.772372209558107e-02
9849	9.427184092327534e-02	9.549925860214359e-02
10278	9.296887325523873e-02	9.332543007969910e-02
10329	8.958062552923962e-02	9.120108393559097e-02
10356	8.560135959923620e-02	8.709635899560805e-02
10381	8.170352414063964e-02	8.317637711026708e-02
10427	7.956871195160431e-02	8.128305161640990e-02
10451	7.941785935805667e-02	7.943282347242814e-02
10740	7.530536776879748e-02	7.585775750291836e-02
11346	7.404653666525052e-02	7.413102413009177e-02
14300	7.174647368557729e-02	7.244359600749903e-02
14305	6.966080245902651e-02	7.079457843841380e-02
14470	6.916958947415985e-02	6.918309709189366e-02
15246	6.746668763879349e-02	6.760829753919818e-02
39913	6.605902837564581e-02	6.606934480075961e-02
41166	6.439274684355045e-02	6.456542290346556e-02
42604	6.302417494748713e-02	6.309573444801933e-02
69358	6.106047459461716e-02	6.165950018614822e-02
69359	5.973758539066731e-02	6.025595860743578e-02
69365	5.885663092217253e-02	5.888436553555890e-02
69990	5.743092259983518e-02	5.754399373371569e-02
69995	5.558638378761782e-02	5.623413251903491e-02
70000	5.149043596083369e-02	5.248074602497726e-02
70005	5.110720072785724e-02	5.128613839913648e-02
70177	4.971351931580048e-02	5.011872336272722e-02
71641	4.897177927614571e-02	4.897788193684462e-02
73424	4.761088844725558e-02	4.786300923226382e-02
73486	4.625178240087247e-02	4.677351412871981e-02
73525	4.564742973156555e-02	4.570881896148749e-02
74067	4.250546137028088e-02	4.265795188015926e-02
74326	4.165419671378889e-02	4.168693834703355e-02
74331	3.950527572372553e-02	3.981071705534973e-02
74817	3.851462221056989e-02	3.890451449942807e-02
75911	3.801445092765943e-02	3.801893963205612e-02
83510	3.700830514335984e-02	3.715352290971726e-02
112781	3.627999383256986e-02	3.630780547701014e-02
139529	3.548132550125893e-02	3.548133892335755e-02
176169	3.453393021906215e-02	3.467368504525317e-02
176376	3.371488097114783e-02	3.388441561392026e-02
176480	3.299403111186250e-02	3.311311214825911e-02
176920	3.207391441268659e-02	3.235936569296283e-02
177561	3.161864629564914e-02	3.162277660168379e-02
177798	3.033009837262790e-02	3.090295432513590e-02
177803	2.537573357131007e-02	2.570395782768863e-02
177808	2.226528199046629e-02	2.238721138568340e-02
177814	2.184883826658401e-02	2.187761623949553e-02
177824	2.070283991013555e-02	2.089296130854040e-02
178040	1.990174781368170e-02	1.995262314968880e-02
178087	1.904631101189247e-02	1.905460717963247e-02
178878	1.671583746336380e-02	1.698243652461744e-02
178883	1.426137086694423e-02	1.445439770745927e-02
178888	1.408317562914996e-02	1.412537544622754e-02
179074	1.357276049299461e-02	1.380384264602885e-02
179189	1.347332191972062e-02	1.348962882591653e-02
180202	1.283005357453870e-02	1.288249551693134e-02
180395	1.214994277748505e-02	1.230268770812382e-02
180434	1.191162217550745e-02	1.202264434617413e-02
181673	1.171715548528818e-02	1.174897554939530e-02
181731	1.130353396433170e-02	1.148153621496883e-02
181754	1.095008071722192e-02	1.096478196143185e-02
181778	1.069152382027427e-02	1.071519305237606e-02
182629	1.029974338950945e-02	1.047128548050900e-02
183426	1.012522078940481e-02	1.023292992280754e-02
183431	9.824847262818515e-03	1.000000000000000e-02
183568	9.671959596734059e-03	9.772372209558112e-03
183595	9.382084691932024e-03	9.549925860214359e-03
183628	9.158958533961536e-03	9.332543007969915e-03
183679	9.120005206275206e-03	9.120108393559097e-03
184543	8.799695217558079e-03	8.912509381337459e-03
189469	8.685869139244184e-03	8.709635899560805e-03
189496	8.488701655203879e-03	8.511380382023767e-03
200000	8.396108131860203e-03	8.511380382023767e-03
%
% index = 346, name = bbob_f006_i03_d02__bbob_f015_i05_d02
% instance = 2, reference value = 9.881396483400570e-01
% function evaluation | indicator value | target hit
1	3.904583027353435e+01	3.981071705534973e+01
19	3.888098012825625e+01	3.890451449942807e+01
36	3.725489580059998e+01	3.801893963205612e+01
41	3.499199681511650e+01	3.548133892335755e+01
51	3.361637149425984e+01	3.388441561392025e+01
56	3.299307914850607e+01	3.311311214825911e+01
61	3.186448832035851e+01	3.235936569296283e+01
66	3.154332670819934e+01	3.162277660168379e+01
76	3.072129819603697e+01	3.090295432513591e+01
86	2.995993404464711e+01	3.019951720402016e+01
91	2.907092786961376e+01	2.951209226666386e+01
96	2.759027744566556e+01	2.818382931264453e+01
101	2.563842662253932e+01	2.570395782768863e+01
121	2.490214111093924e+01	2.511886431509580e+01
126	2.351373904381352e+01	2.398832919019490e+01
131	2.149001715311721e+01	2.187761623949553e+01
136	1.970111837229321e+01	1.995262314968880e+01
146	1.948592912658637e+01	1.949844599758045e+01
344	1.896972295745913e+01	1.905460717963247e+01
376	1.856995190919512e+01	1.862087136662868e+01
475	1.816874896417731e+01	1.819700858609983e+01
1445	1.710083914123907e+01	1.737800828749375e+01
1450	1.651156764199358e+01	1.659586907437561e+01
1455	1.595939868881010e+01	1.621810097358930e+01
1460	1.523297475724056e+01	1.548816618912481e+01
1465	1.419518424084006e+01	1.445439770745927e+01
1470	1.293310803059356e+01	1.318256738556407e+01
1475	1.239540458791006e+01	1.258925411794167e+01
1480	1.165606717196156e+01	1.174897554939530e+01
1485	1.066545809542256e+01	1.071519305237607e+01
1500	1.019428812216056e+01	1.023292992280754e+01
1505	9.693162279442557e+00	9.772372209558107e+00
1510	9.219779943126557e+00	9.332543007969910e+00
1515	8.928178715744057e+00	9.120108393559097e+00
1520	8.911927733514057e+00	8.912509381337454e+00
2212	8.568315694474558e+00	8.709635899560805e+00
2249	8.222597096361058e+00	8.317637711026711e+00
2268	8.118674557006557e+00	8.128305161640993e+00
2295	7.501708832482556e+00	7.585775750291837e+00
2326	6.955165033391056e+00	7.079457843841379e+00
2346	6.890486488274057e+00	6.918309709189364e+00
2348	6.711151996170057e+00	6.760829753919817e+00
2353	6.560700363943557e+00	6.606934480075959e+00
3148	6.233851896628557e+00	6.309573444801933e+00
3165	5.922070377336056e+00	6.025595860743578e+00
3170	5.257453582029557e+00	5.370317963702527e+00
3175	5.074117210777056e+00	5.128613839913648e+00
3180	4.659689090396056e+00	4.677351412871983e+00
3185	4.270408538776556e+00	4.365158322401660e+00
3190	3.557025856993557e+00	3.630780547701014e+00
3195	3.363186276727557e+00	3.388441561392026e+00
3200	3.190195200159057e+00	3.235936569296283e+00
3205	2.434955791273057e+00	2.454708915685031e+00
3739	2.394873108070557e+00	2.398832919019490e+00
3797	2.280559410161557e+00	2.290867652767773e+00
3820	2.159258070616557e+00	2.187761623949553e+00
3845	1.962475467570057e+00	1.995262314968880e+00
3877	1.783941473669057e+00	1.819700858609983e+00
3912	1.577350112037557e+00	1.584893192461114e+00
3931	1.519920406934057e+00	1.548816618912481e+00
3932	1.457276693569557e+00	1.479108388168207e+00
3933	1.326119534084557e+00	1.348962882591654e+00
3934	1.103660484703057e+00	1.122018454301963e+00
3939	9.703832632892875e-01	9.772372209558107e-01
4605	9.422201113068847e-01	9.549925860214360e-01
4610	7.464896200269087e-01	7.585775750291838e-01
4615	4.839783500064010e-01	4.897788193684462e-01
4620	4.470984530631293e-01	4.570881896148750e-01
4625	3.574453801591725e-01	3.630780547701014e-01
4630	2.757640286332728e-01	2.818382931264454e-01
4635	1.846818678078499e-01	1.862087136662867e-01
4655	1.749682068836226e-01	1.778279410038923e-01
4660	1.661252781502034e-01	1.698243652461744e-01
4661	1.649471488766239e-01	1.659586907437560e-01
4666	1.170059911907755e-01	1.174897554939529e-01
4671	1.036660030702711e-01	1.047128548050900e-01
4676	1.015153195389847e-01	1.023292992280754e-01
4686	8.302198504527203e-02	8.317637711026708e-02
4726	7.703710823646215e-02	7.762471166286916e-02
4731	4.400419124222998e-02	4.466835921509630e-02
4736	4.217857044152129e-02	4.265795188015926e-02
6101	4.164042115288968e-02	4.168693834703355e-02
6119	3.872374664053591e-02	3.890451449942807e-02
6140	3.413050502215265e-02	3.467368504525317e-02
6162	2.974949138297678e-02	3.019951720402016e-02
14076	2.942561305390101e-02	2.951209226666385e-02
41815	2.883935896798273e-02	2.884031503126606e-02
138243	2.649559454013628e-02	2.691534803926915e-02
138248	2.589598532781423e-02	2.630267991895381e-02
140287	1.577959314343780e-02	1.584893192461113e-02
140292	1.256450258550523e-02	1.258925411794167e-02
140297	8.695894328094478e-03	8.709635899560805e-03
140481	6.015865733011161e-04	6.025595860743575e-04
140494	5.837236983133876e-04	5.888436553555889e-04
140495	5.677287208014636e-04	5.754399373371566e-04
140496	5.413754917792390e-04	5.495408738576248e-04
140497	5.114405282499179e-04	5.128613839913648e-04
140503	4.963922494263251e-04	5.011872336272725e-04
140508	4.880898744288320e-04	4.897788193684461e-04
142707	4.736996284595563e-04	4.786300923226385e-04
142836	4.412108152572758e-04	4.466835921509630e-04
142859	4.350436309384920e-04	4.365158322401661e-04
200000	4.350400043765523e-04	4.365158322401661e-04
%
% index = 347, name = bbob_f006_i07_d02__bbob_f015_i08_d02
% instance = 3, reference value = 9.528116492135300e-01
% function evaluation | indicator value | target hit
1	5.369236424610073e+01	5.370317963702527e+01
27	5.027309221310858e+01	5.128613839913648e+01
32	4.602151888444418e+01	4.677351412871981e+01
47	4.243244244363008e+01	4.265795188015925e+01
52	3.899175130872692e+01	3.981071705534973e+01
67	3.731083376933621e+01	3.801893963205612e+01
72	3.577347417944373e+01	3.630780547701014e+01
87	3.295545663310367e+01	3.311311214825911e+01
92	3.012113474819129e+01	3.019951720402016e+01
97	2.745591018764005e+01	2.754228703338166e+01
102	2.489470517029870e+01	2.511886431509580e+01
107	2.240415436079468e+01	2.290867652767773e+01
112	1.999286117948390e+01	2.041737944669530e+01
117	1.769056080770530e+01	1.778279410038923e+01
122	1.553347555205587e+01	1.584893192461113e+01
127	1.356079173904928e+01	1.380384264602885e+01
132	1.176702531525214e+01	1.202264434617413e+01
137	1.012614515297376e+01	1.023292992280754e+01
142	9.055803575660091e+00	9.120108393559097e+00
147	8.735175704592729e+00	8.912509381337454e+00
157	8.698072728638358e+00	8.709635899560805e+00
167	8.189356125681712e+00	8.317637711026711e+00
172	6.949859446060963e+00	7.079457843841379e+00
217	6.530048158132529e+00	6.606934480075959e+00
222	6.217352394919030e+00	6.309573444801933e+00
227	5.418673009744030e+00	5.495408738576246e+00
232	5.140888052293030e+00	5.248074602497725e+00
237	4.065799298508030e+00	4.073802778041127e+00
242	3.950419899609030e+00	3.981071705534972e+00
247	3.125403159142530e+00	3.162277660168380e+00
429	3.049025889203030e+00	3.090295432513591e+00
638	2.951090828715030e+00	2.951209226666386e+00
639	2.679925239389030e+00	2.691534803926916e+00
649	2.589383101871030e+00	2.630267991895382e+00
654	2.217025323933530e+00	2.238721138568339e+00
659	2.135142747504030e+00	2.137962089502232e+00
664	1.976642833253030e+00	1.995262314968880e+00
669	1.689876571589530e+00	1.698243652461744e+00
674	1.344250014647030e+00	1.348962882591654e+00
679	1.109707129262030e+00	1.122018454301963e+00
684	9.107492326617481e-01	9.120108393559098e-01
10759	8.894975450253139e-01	8.912509381337456e-01
10764	8.379607571301515e-01	8.511380382023764e-01
10769	6.841189525483953e-01	6.918309709189365e-01
11446	6.749306252943004e-01	6.760829753919817e-01
22564	1.551046974259386e-01	1.584893192461113e-01
22569	1.513828835238038e-01	1.548816618912481e-01
23349	1.513314924177143e-01	1.513561248436208e-01
23458	1.479071263694175e-01	1.479108388168208e-01
24238	1.441560236493752e-01	1.445439770745928e-01
24279	1.377299513824555e-01	1.380384264602885e-01
24299	1.310310200704976e-01	1.318256738556407e-01
24321	1.197801176228067e-01	1.202264434617413e-01
24350	1.064761115601932e-01	1.071519305237607e-01
24388	1.047051025603004e-01	1.047128548050900e-01
47999	1.012866032617642e-01	1.023292992280754e-01
95915	2.703418428238435e-02	2.754228703338166e-02
95929	2.685613544999754e-02	2.691534803926915e-02
95959	2.149911244666114e-02	2.187761623949553e-02
95973	2.126710716610425e-02	2.137962089502233e-02
95975	2.065245669720372e-02	2.089296130854040e-02
95976	2.002222275690946e-02	2.041737944669529e-02
95977	1.940521295441222e-02	1.949844599758046e-02
95983	1.677356736714719e-02	1.698243652461744e-02
95988	1.655699635530661e-02	1.659586907437561e-02
96053	1.613053733608971e-02	1.621810097358930e-02
96059	1.555392655468635e-02	1.584893192461113e-02
107363	1.461831164523320e-02	1.479108388168207e-02
107416	1.428146178790013e-02	1.445439770745927e-02
107459	1.408015090162884e-02	1.412537544622754e-02
107750	1.380190078527233e-02	1.380384264602885e-02
151505	1.149240117077444e-02	1.174897554939530e-02
152962	9.571464720741441e-03	9.772372209558112e-03
152976	9.548754542068716e-03	9.549925860214359e-03
153001	3.646387375814131e-03	3.715352290971724e-03
153014	3.629817385715883e-03	3.630780547701014e-03
153017	3.545147969994944e-03	3.548133892335753e-03
153024	3.416327819775300e-03	3.467368504525317e-03
153034	3.372984599580686e-03	3.388441561392024e-03
155245	3.298568449785710e-03	3.311311214825911e-03
155286	3.211085348443055e-03	3.235936569296281e-03
155371	3.160448443208841e-03	3.162277660168379e-03
155605	3.090284385453668e-03	3.090295432513592e-03
200000	3.082925457047025e-03	3.090295432513592e-03
%
% index = 348, name = bbob_f006_i09_d02__bbob_f015_i10_d02
% instance = 4, reference value = 9.537325808336030e-01
% function evaluation | indicator value | target hit
1	1.853122879882603e+00	1.862087136662868e+00
32	1.801050775321103e+00	1.819700858609983e+00
37	1.770899559504603e+00	1.778279410038923e+00
57	1.733095330294103e+00	1.737800828749375e+00
372	1.693379010303603e+00	1.698243652461744e+00
434	1.640721653838103e+00	1.659586907437561e+00
733	1.579460970853603e+00	1.584893192461114e+00
738	1.508300747666103e+00	1.513561248436208e+00
743	1.433364510338603e+00	1.445439770745927e+00
748	1.369509331942103e+00	1.380384264602885e+00
758	1.328635183898603e+00	1.348962882591654e+00
2603	1.318089819016603e+00	1.318256738556407e+00
6806	1.286933536676603e+00	1.288249551693134e+00
11067	1.258759730687103e+00	1.258925411794167e+00
11162	1.228192017308603e+00	1.230268770812382e+00
11194	1.196332679573603e+00	1.202264434617413e+00
11224	1.153126744475103e+00	1.174897554939530e+00
11288	1.140930955765103e+00	1.148153621496883e+00
11289	1.102863912161103e+00	1.122018454301963e+00
11549	1.051247501407103e+00	1.071519305237606e+00
11554	9.974700859056029e-01	1.000000000000000e+00
11559	9.626715783556030e-01	9.772372209558107e-01
11564	9.396837827984115e-01	9.549925860214360e-01
11569	9.296349121260029e-01	9.332543007969910e-01
12112	9.117497717030739e-01	9.120108393559098e-01
12445	8.775952139729257e-01	8.912509381337456e-01
12450	8.526808144439988e-01	8.709635899560807e-01
12455	8.290367393693447e-01	8.317637711026710e-01
12465	8.110373400505817e-01	8.128305161640993e-01
13147	7.819473412577382e-01	7.943282347242815e-01
13185	7.424446287460240e-01	7.585775750291838e-01
13202	7.409654252201368e-01	7.413102413009175e-01
13206	7.186175147382192e-01	7.244359600749900e-01
13207	6.947994437851334e-01	7.079457843841379e-01
13212	6.852045918668287e-01	6.918309709189365e-01
13498	6.733367693377418e-01	6.760829753919817e-01
13504	6.558076791195269e-01	6.606934480075960e-01
13509	6.112916129533890e-01	6.165950018614822e-01
13514	5.773134962336464e-01	5.888436553555889e-01
13519	5.591581567034694e-01	5.623413251903491e-01
13529	5.459231960015707e-01	5.495408738576245e-01
14367	5.335177667341617e-01	5.370317963702527e-01
14390	5.235937354187516e-01	5.248074602497725e-01
14424	5.063042773325988e-01	5.128613839913648e-01
14471	4.787425106473638e-01	4.897788193684462e-01
14486	4.785678487703564e-01	4.786300923226383e-01
14492	4.669485883655138e-01	4.677351412871982e-01
14493	4.548991820040384e-01	4.570881896148750e-01
14498	4.315044589628015e-01	4.365158322401660e-01
14843	4.061742710437943e-01	4.073802778041127e-01
14848	3.870554726440537e-01	3.890451449942806e-01
14853	3.757266677670054e-01	3.801893963205612e-01
15442	3.714805309305099e-01	3.715352290971726e-01
15575	3.578147912188147e-01	3.630780547701014e-01
15613	3.440930939665838e-01	3.467368504525316e-01
15659	3.227581397904414e-01	3.235936569296283e-01
15682	3.135802562790659e-01	3.162277660168379e-01
15687	3.026809233781055e-01	3.090295432513591e-01
15934	2.949646485779884e-01	2.951209226666385e-01
15939	2.817159722161753e-01	2.818382931264454e-01
15944	2.741217170933693e-01	2.754228703338166e-01
15949	2.685323712717556e-01	2.691534803926916e-01
16647	2.624428910591290e-01	2.630267991895382e-01
16702	2.535199598113193e-01	2.570395782768864e-01
16740	2.389591654295059e-01	2.398832919019490e-01
16785	2.208731215623678e-01	2.238721138568339e-01
16805	2.179944082062778e-01	2.187761623949552e-01
16807	2.126588936582146e-01	2.137962089502232e-01
17128	2.082255482485716e-01	2.089296130854039e-01
17133	1.961141188653456e-01	1.995262314968880e-01
17138	1.863265746652918e-01	1.905460717963247e-01
17139	1.860521206863236e-01	1.862087136662867e-01
17154	1.818529221119621e-01	1.819700858609984e-01
17675	1.764548770804837e-01	1.778279410038923e-01
17730	1.701071879358378e-01	1.737800828749375e-01
17768	1.631481339058104e-01	1.659586907437560e-01
17791	1.614507723889422e-01	1.621810097358930e-01
18065	1.579654381563360e-01	1.584893192461113e-01
18112	1.548555213084912e-01	1.548816618912481e-01
18827	1.509646301043175e-01	1.513561248436208e-01
19289	1.477050661074443e-01	1.479108388168208e-01
20154	1.445067978194996e-01	1.445439770745928e-01
26294	1.380462616517235e-01	1.412537544622754e-01
26306	1.380070695769000e-01	1.380384264602885e-01
26723	1.294894428325545e-01	1.318256738556407e-01
26728	1.287404408700040e-01	1.288249551693134e-01
26734	1.128812586860743e-01	1.148153621496883e-01
26739	1.121175710861144e-01	1.122018454301964e-01
26749	1.093876692203766e-01	1.096478196143185e-01
26764	1.070855920069151e-01	1.071519305237607e-01
26983	1.045447852318055e-01	1.047128548050900e-01
27012	1.000334902474513e-01	1.023292992280754e-01
27026	9.997473260280665e-02	1.000000000000000e-01
27460	9.734596582325294e-02	9.772372209558107e-02
27583	9.543090461308057e-02	9.549925860214359e-02
28222	9.323908490240818e-02	9.332543007969910e-02
28233	9.020425801173093e-02	9.120108393559097e-02
28243	8.849284744803532e-02	8.912509381337455e-02
28253	8.592297814662486e-02	8.709635899560805e-02
28263	8.491120868448032e-02	8.511380382023763e-02
28420	8.268041246670654e-02	8.317637711026708e-02
29006	8.117272755599336e-02	8.128305161640990e-02
29401	7.900440195783354e-02	7.943282347242814e-02
29407	7.733003652073478e-02	7.762471166286916e-02
29412	7.560855627616980e-02	7.585775750291836e-02
29418	7.278558874070351e-02	7.413102413009177e-02
29423	7.244165668972391e-02	7.244359600749903e-02
29575	7.053572782052941e-02	7.079457843841380e-02
29606	6.749343774237682e-02	6.760829753919818e-02
30043	6.564868353928643e-02	6.606934480075961e-02
30113	6.446747805317377e-02	6.456542290346556e-02
30405	6.308381971455990e-02	6.309573444801933e-02
30581	6.137521048189010e-02	6.165950018614822e-02
31120	6.021217001046275e-02	6.025595860743578e-02
31461	5.820444537172709e-02	5.888436553555890e-02
31466	5.748468549370989e-02	5.754399373371569e-02
31722	5.623368639115101e-02	5.623413251903491e-02
32620	5.469133173721696e-02	5.495408738576246e-02
33704	5.368577318434176e-02	5.370317963702527e-02
35041	5.247487274759244e-02	5.248074602497726e-02
67199	5.095841101252241e-02	5.128613839913648e-02
67204	4.917338052657982e-02	5.011872336272722e-02
67209	4.856280564982096e-02	4.897788193684462e-02
68450	4.780656468645617e-02	4.786300923226382e-02
69705	4.184404342224424e-02	4.265795188015926e-02
69710	3.955681038137460e-02	3.981071705534973e-02
70786	3.583780446048401e-02	3.630780547701014e-02
70950	3.535651349109137e-02	3.548133892335755e-02
71013	3.351503403775191e-02	3.388441561392026e-02
71031	3.305196716169556e-02	3.311311214825911e-02
71034	3.232178070248881e-02	3.235936569296283e-02
71090	3.160564385139364e-02	3.162277660168379e-02
72275	3.058837415876825e-02	3.090295432513590e-02
72310	2.934225895796505e-02	2.951209226666385e-02
72352	2.865277472458438e-02	2.884031503126606e-02
73375	2.808226878145514e-02	2.818382931264454e-02
73415	2.721932293880691e-02	2.754228703338166e-02
74264	2.657900482523456e-02	2.691534803926915e-02
75920	2.626669817393135e-02	2.630267991895381e-02
77851	2.565213977876124e-02	2.570395782768863e-02
107846	2.501172009074926e-02	2.511886431509579e-02
108428	2.283085471245705e-02	2.290867652767773e-02
108433	2.180992430745499e-02	2.187761623949553e-02
108606	2.122631236726757e-02	2.137962089502233e-02
108636	1.998410100198234e-02	2.041737944669529e-02
108670	1.972570328919887e-02	1.995262314968880e-02
109810	1.927513774354650e-02	1.949844599758046e-02
109815	1.861878381208359e-02	1.862087136662868e-02
109835	1.782667904847890e-02	1.819700858609984e-02
109971	1.767418783781749e-02	1.778279410038923e-02
110033	1.713567818180839e-02	1.737800828749375e-02
110050	1.696303485119344e-02	1.698243652461744e-02
110099	1.657438439101644e-02	1.659586907437561e-02
110934	1.617670334055621e-02	1.621810097358930e-02
110939	1.542846265598086e-02	1.548816618912481e-02
111078	1.468953527307193e-02	1.479108388168207e-02
111099	1.362501625688961e-02	1.380384264602885e-02
111120	1.343197789899697e-02	1.348962882591653e-02
111162	1.311194637532953e-02	1.318256738556407e-02
112140	1.253692652519756e-02	1.258925411794167e-02
112151	1.215732104074496e-02	1.230268770812382e-02
112286	1.197141711559868e-02	1.202264434617413e-02
112316	1.171461410785890e-02	1.174897554939530e-02
112348	1.141952291037529e-02	1.148153621496883e-02
113228	1.121009265710216e-02	1.122018454301964e-02
113430	1.087600825473101e-02	1.096478196143185e-02
114795	1.071475718820458e-02	1.071519305237606e-02
121907	1.046290688634777e-02	1.047128548050900e-02
131087	1.023292743230941e-02	1.023292992280754e-02
145174	9.903800008559505e-03	1.000000000000000e-02
146372	9.707086050135372e-03	9.772372209558112e-03
146403	9.515201143008301e-03	9.549925860214359e-03
148651	9.008826032339545e-03	9.120108393559097e-03
148681	8.591505618709361e-03	8.709635899560805e-03
149962	8.477025881305278e-03	8.511380382023767e-03
150010	8.314251337292577e-03	8.317637711026709e-03
151694	8.122368019120474e-03	8.128305161640995e-03
153325	7.941101384937088e-03	7.943282347242814e-03
157283	7.761373957465900e-03	7.762471166286920e-03
158276	7.584884187077923e-03	7.585775750291836e-03
182436	6.952080530061577e-03	7.079457843841380e-03
182475	6.904201244815167e-03	6.918309709189363e-03
182512	6.726227164757015e-03	6.760829753919818e-03
183557	6.572527923218163e-03	6.606934480075957e-03
200000	6.475810523683068e-03	6.606934480075957e-03
%
% index = 349, name = bbob_f006_i11_d02__bbob_f015_i12_d02
% instance = 5, reference value = 8.238771374969160e-01
% function evaluation | indicator value | target hit
1	1.783861959166916e+00	1.819700858609983e+00
17	1.778237259140916e+00	1.778279410038923e+00
20	1.719983269534916e+00	1.737800828749375e+00
21	1.637099068689916e+00	1.659586907437561e+00
22	1.579720779890916e+00	1.584893192461114e+00
359	1.456585973338916e+00	1.479108388168207e+00
891	1.361819228789416e+00	1.380384264602885e+00
901	1.304641810558416e+00	1.318256738556407e+00
2942	1.283436982765416e+00	1.288249551693134e+00
3731	1.183194361345416e+00	1.202264434617413e+00
3736	1.171005499555416e+00	1.174897554939530e+00
3741	9.419797126279161e-01	9.549925860214360e-01
3821	9.202408182964161e-01	9.332543007969910e-01
3961	8.886996624729160e-01	8.912509381337456e-01
3966	8.347565359119160e-01	8.511380382023764e-01
3971	8.268960403354160e-01	8.317637711026710e-01
4741	8.092096634564928e-01	8.128305161640993e-01
4776	7.942856212232779e-01	7.943282347242815e-01
16219	7.653832453821098e-01	7.762471166286917e-01
16224	7.287672474409504e-01	7.413102413009175e-01
16229	6.830868212160371e-01	6.918309709189365e-01
16234	6.580551240518766e-01	6.606934480075960e-01
16239	6.360857301209368e-01	6.456542290346555e-01
16254	6.303538739912795e-01	6.309573444801932e-01
16270	6.141318908588271e-01	6.165950018614822e-01
16280	5.547924733830627e-01	5.623413251903491e-01
16285	5.478082708654466e-01	5.495408738576245e-01
16300	5.297302373171517e-01	5.370317963702527e-01
16305	5.085429433871156e-01	5.128613839913648e-01
16315	4.950268664646010e-01	5.011872336272722e-01
16320	4.780306167935011e-01	4.786300923226383e-01
16325	4.649746979316253e-01	4.677351412871982e-01
16326	4.328038005634868e-01	4.365158322401660e-01
16336	4.262285205742225e-01	4.265795188015927e-01
16358	4.160423461309662e-01	4.168693834703354e-01
17415	4.059322534699138e-01	4.073802778041127e-01
17421	3.975208852863550e-01	3.981071705534972e-01
17426	3.560383655202698e-01	3.630780547701014e-01
17431	3.436231855358860e-01	3.467368504525316e-01
17433	3.375546064775035e-01	3.388441561392025e-01
17449	3.285727599153863e-01	3.311311214825911e-01
17494	3.235832876299219e-01	3.235936569296283e-01
17539	3.149501043953159e-01	3.162277660168379e-01
17545	3.078053498978136e-01	3.090295432513591e-01
17550	2.943452586609189e-01	2.951209226666385e-01
21450	2.811820827039268e-01	2.818382931264454e-01
21489	2.621604017736601e-01	2.630267991895382e-01
21915	2.544064613055479e-01	2.570395782768864e-01
21950	2.502511092641373e-01	2.511886431509580e-01
22030	2.449197182037315e-01	2.454708915685030e-01
23167	2.360762639260252e-01	2.398832919019490e-01
23173	2.322149965104392e-01	2.344228815319922e-01
24241	2.288214702953076e-01	2.290867652767773e-01
24813	2.230079592015610e-01	2.238721138568339e-01
30486	2.166424040330759e-01	2.187761623949552e-01
30491	1.834209413655787e-01	1.862087136662867e-01
30496	1.819325172628589e-01	1.819700858609984e-01
30516	1.725656983223440e-01	1.737800828749375e-01
30531	1.671733095935446e-01	1.698243652461744e-01
32691	1.657672951937228e-01	1.659586907437560e-01
32775	1.587164582192401e-01	1.621810097358930e-01
32805	1.551666511118485e-01	1.584893192461113e-01
33908	1.546686768261013e-01	1.548816618912481e-01
48798	1.457487647773537e-01	1.479108388168208e-01
50219	1.397064001772998e-01	1.412537544622754e-01
50224	1.170232851166253e-01	1.174897554939529e-01
52665	1.102357789277222e-01	1.122018454301964e-01
52709	1.090489010516806e-01	1.096478196143185e-01
54054	1.058482993407150e-01	1.071519305237607e-01
54133	1.043904590473945e-01	1.047128548050900e-01
54236	1.022456837554186e-01	1.023292992280754e-01
58606	9.333412999893564e-02	9.549925860214359e-02
58619	9.332320039349717e-02	9.332543007969910e-02
58643	8.787381493247326e-02	8.912509381337455e-02
58691	8.555812045727662e-02	8.709635899560805e-02
58753	8.506616584771809e-02	8.511380382023763e-02
60504	8.283967493821809e-02	8.317637711026708e-02
60526	8.004536446290200e-02	8.128305161640990e-02
60555	7.622772079391960e-02	7.762471166286916e-02
60587	7.555956257247054e-02	7.585775750291836e-02
62596	7.412514246005597e-02	7.413102413009177e-02
62809	7.168503353181821e-02	7.244359600749903e-02
62847	7.076838259330998e-02	7.079457843841380e-02
122186	6.288470387776446e-02	6.309573444801933e-02
123873	5.083662343910689e-02	5.128613839913648e-02
123878	4.184648047286244e-02	4.265795188015926e-02
123883	3.583523742513306e-02	3.630780547701014e-02
124137	3.547874180793475e-02	3.548133892335755e-02
124192	3.463576497757881e-02	3.467368504525317e-02
125907	3.208304048609745e-02	3.235936569296283e-02
126031	3.101590874855076e-02	3.162277660168379e-02
126053	2.796598846715170e-02	2.818382931264454e-02
126077	2.465221119649996e-02	2.511886431509579e-02
126113	2.412745219031764e-02	2.454708915685030e-02
132101	2.374087557870908e-02	2.398832919019490e-02
132133	2.323208223837503e-02	2.344228815319923e-02
132173	2.275433244810166e-02	2.290867652767773e-02
132230	2.214799582243143e-02	2.238721138568340e-02
135231	2.185748502412932e-02	2.187761623949553e-02
200000	2.167366061366804e-02	2.187761623949553e-02
%
% index = 350, name = bbob_f006_i13_d02__bbob_f015_i14_d02
% instance = 6, reference value = 9.615515932191250e-01
% function evaluation | indicator value | target hit
1	1.623623027489291e+01	1.659586907437561e+01
19	1.621213397000548e+01	1.621810097358930e+01
23	1.580954072101786e+01	1.584893192461113e+01
33	1.522282294639834e+01	1.548816618912481e+01
38	1.439060977512412e+01	1.445439770745927e+01
43	1.307075107409022e+01	1.318256738556407e+01
48	1.201218983235209e+01	1.202264434617413e+01
257	1.168664040838819e+01	1.174897554939530e+01
442	1.147907064406587e+01	1.148153621496883e+01
443	1.103798330057402e+01	1.122018454301964e+01
453	1.035307397269953e+01	1.047128548050900e+01
463	9.985435032563247e+00	1.000000000000000e+01
1124	9.755160054356864e+00	9.772372209558107e+00
2181	9.159053408190669e+00	9.332543007969910e+00
2186	8.636647515168201e+00	8.709635899560805e+00
2191	8.495918769814280e+00	8.511380382023766e+00
2196	8.218201461077367e+00	8.317637711026711e+00
2651	8.121231671493156e+00	8.128305161640993e+00
4482	7.891749939690756e+00	7.943282347242816e+00
4593	7.756426358332810e+00	7.762471166286917e+00
4649	7.522595896925321e+00	7.585775750291837e+00
5221	6.783086926878445e+00	6.918309709189364e+00
5226	6.427108303111826e+00	6.456542290346556e+00
5236	6.188079922585372e+00	6.309573444801933e+00
14239	6.145736111702217e+00	6.165950018614822e+00
14301	6.008301312520286e+00	6.025595860743578e+00
15279	5.791466516997680e+00	5.888436553555890e+00
15284	5.302578547862639e+00	5.370317963702527e+00
15289	4.879363414718025e+00	4.897788193684462e+00
15299	4.682158417445050e+00	4.786300923226384e+00
15808	4.675603028390325e+00	4.677351412871983e+00
16283	4.514614896896393e+00	4.570881896148751e+00
16284	4.266112180408675e+00	4.365158322401660e+00
16289	4.256183834791321e+00	4.265795188015927e+00
16294	3.872168992459997e+00	3.890451449942806e+00
16815	3.796943424351110e+00	3.801893963205611e+00
16900	3.703393860513061e+00	3.715352290971725e+00
17096	3.548948233200754e+00	3.630780547701014e+00
17326	3.313785604067677e+00	3.388441561392026e+00
17331	3.307264858963169e+00	3.311311214825911e+00
17336	3.082234251412849e+00	3.090295432513591e+00
18784	2.991049901971125e+00	3.019951720402016e+00
18789	2.666736149496125e+00	2.691534803926916e+00
18799	2.600747980955125e+00	2.630267991895382e+00
20476	2.344276209927625e+00	2.398832919019490e+00
20486	2.333741302490625e+00	2.344228815319922e+00
21908	2.174803083731625e+00	2.187761623949553e+00
21933	2.136591621004625e+00	2.137962089502232e+00
26062	2.050616896740125e+00	2.089296130854040e+00
26094	1.999569594159625e+00	2.041737944669529e+00
26158	1.995156837613625e+00	1.995262314968880e+00
31377	1.643204184566625e+00	1.659586907437561e+00
31679	1.582481148506625e+00	1.584893192461114e+00
31699	1.517169003642625e+00	1.548816618912481e+00
31704	1.444312232463125e+00	1.445439770745927e+00
31709	1.357227463968625e+00	1.380384264602885e+00
31714	1.332603699548125e+00	1.348962882591654e+00
31754	1.142784662062625e+00	1.148153621496883e+00
31769	1.121890315984625e+00	1.122018454301963e+00
48082	6.613640237110252e-01	6.760829753919817e-01
48096	6.603101538736492e-01	6.606934480075960e-01
48100	6.445706780941571e-01	6.456542290346555e-01
48101	6.280065267075472e-01	6.309573444801932e-01
48102	5.960784711383829e-01	6.025595860743578e-01
48103	5.404901000280988e-01	5.495408738576245e-01
48104	4.844583913845549e-01	4.897788193684462e-01
48252	4.781380154710071e-01	4.786300923226383e-01
48555	4.268486287779917e-01	4.365158322401660e-01
48560	4.234973013101584e-01	4.265795188015927e-01
48755	3.492426466670396e-01	3.548133892335755e-01
48789	2.432408622975692e-01	2.454708915685030e-01
48828	1.894950407656346e-01	1.905460717963247e-01
50155	1.862084866637965e-01	1.862087136662867e-01
50370	1.798116150370144e-01	1.819700858609984e-01
102274	1.741898723990992e-01	1.778279410038923e-01
102284	1.735494305697697e-01	1.737800828749375e-01
102967	1.687981438940949e-01	1.698243652461744e-01
103410	1.640884521194719e-01	1.659586907437560e-01
103415	9.303201062110711e-02	9.332543007969910e-02
103420	8.992368820703101e-02	9.120108393559097e-02
103430	8.849651558177174e-02	8.912509381337455e-02
104261	6.297275260622892e-02	6.309573444801933e-02
104266	5.450649301907562e-02	5.495408738576246e-02
104286	5.337161172599392e-02	5.370317963702527e-02
104461	5.184229730300771e-02	5.248074602497726e-02
104494	4.409365050606429e-02	4.466835921509630e-02
104510	4.331486347530911e-02	4.365158322401658e-02
104511	4.262295199360711e-02	4.265795188015926e-02
104512	4.150073430958423e-02	4.168693834703355e-02
104513	4.032864061500130e-02	4.073802778041128e-02
104625	3.980574871524856e-02	3.981071705534973e-02
105447	2.245588806231469e-02	2.290867652767773e-02
105452	2.188716697301385e-02	2.238721138568340e-02
105566	2.168299588604217e-02	2.187761623949553e-02
105588	1.969106908835916e-02	1.995262314968880e-02
105611	1.404304484524255e-02	1.412537544622754e-02
105642	1.276992354803319e-02	1.288249551693134e-02
105660	1.255339140548895e-02	1.258925411794167e-02
107114	1.229570092922305e-02	1.230268770812382e-02
107132	1.192497182867780e-02	1.202264434617413e-02
107148	1.157337176893547e-02	1.174897554939530e-02
107167	1.120290583771977e-02	1.122018454301964e-02
107452	1.053046860697915e-02	1.071519305237606e-02
107476	1.002414404162799e-02	1.023292992280754e-02
107507	9.863951770081703e-03	1.000000000000000e-02
107531	9.705394301843140e-03	9.772372209558112e-03
107574	9.517913506913001e-03	9.549925860214359e-03
107660	9.329976035853393e-03	9.332543007969915e-03
107903	9.116490441890890e-03	9.120108393559097e-03
108900	8.911939904055366e-03	8.912509381337459e-03
200000	8.831222641476177e-03	8.912509381337459e-03
%
% index = 351, name = bbob_f006_i15_d02__bbob_f015_i16_d02
% instance = 7, reference value = 8.810877199660569e-01
% function evaluation | indicator value | target hit
1	4.596242973423760e+01	4.677351412871981e+01
20	4.568401635370821e+01	4.570881896148749e+01
22	4.450055586544872e+01	4.466835921509630e+01
23	4.281232757301284e+01	4.365158322401658e+01
28	4.118556021988342e+01	4.168693834703355e+01
33	3.729615356238056e+01	3.801893963205612e+01
38	3.454263696885218e+01	3.467368504525317e+01
43	3.128587128917214e+01	3.162277660168379e+01
48	2.889307916210782e+01	2.951209226666386e+01
53	2.726730146261505e+01	2.754228703338166e+01
58	2.520911542995044e+01	2.570395782768863e+01
68	2.494349997958556e+01	2.511886431509580e+01
73	2.416092856432106e+01	2.454708915685030e+01
78	2.214421655299956e+01	2.238721138568340e+01
83	2.119864235925806e+01	2.137962089502232e+01
88	1.969579024963406e+01	1.995262314968880e+01
93	1.901325055471556e+01	1.905460717963247e+01
98	1.723308181222556e+01	1.737800828749375e+01
103	1.673972072901706e+01	1.698243652461744e+01
108	1.579340314643406e+01	1.584893192461113e+01
113	1.464153795848556e+01	1.479108388168207e+01
128	1.406483667418756e+01	1.412537544622754e+01
133	1.300211494660056e+01	1.318256738556407e+01
138	1.222397741238306e+01	1.230268770812382e+01
143	1.136902015981256e+01	1.148153621496883e+01
148	1.012365757730156e+01	1.023292992280754e+01
153	9.929222567085057e+00	1.000000000000000e+01
158	8.956870978610057e+00	9.120108393559097e+00
163	7.998235756595557e+00	8.128305161640993e+00
446	7.867230662009057e+00	7.943282347242816e+00
451	7.652828154976056e+00	7.762471166286917e+00
775	6.918429211572057e+00	7.079457843841379e+00
1708	6.798252085623556e+00	6.918309709189364e+00
1713	6.243011286286556e+00	6.309573444801933e+00
2694	6.152318029419558e+00	6.165950018614822e+00
2704	5.279487701430057e+00	5.370317963702527e+00
3856	5.180436863811057e+00	5.248074602497725e+00
3861	4.675466846532556e+00	4.677351412871983e+00
3866	4.402715324196556e+00	4.466835921509632e+00
5172	4.139358437891056e+00	4.168693834703354e+00
5177	3.748037181310057e+00	3.801893963205611e+00
6640	3.647922318246557e+00	3.715352290971725e+00
6650	3.618892051387557e+00	3.630780547701014e+00
6675	3.540825354074057e+00	3.548133892335755e+00
6680	3.446628728587057e+00	3.467368504525317e+00
6715	3.380143279293057e+00	3.388441561392026e+00
6775	3.304147007121057e+00	3.311311214825911e+00
7775	3.162002193717057e+00	3.162277660168380e+00
7776	2.783585216478557e+00	2.818382931264454e+00
8698	2.753278675590557e+00	2.754228703338166e+00
8713	2.337453434241057e+00	2.344228815319922e+00
10640	1.877444558966057e+00	1.905460717963247e+00
10665	1.475303580709557e+00	1.479108388168207e+00
10690	1.113565411821057e+00	1.122018454301963e+00
12284	1.071731111004057e+00	1.096478196143185e+00
12289	1.048486047477557e+00	1.071519305237606e+00
12296	1.046631894916557e+00	1.047128548050900e+00
12781	8.887948929210570e-01	8.912509381337456e-01
12786	7.305973417238928e-01	7.413102413009175e-01
16764	7.242527158629870e-01	7.244359600749900e-01
20971	7.069426960038021e-01	7.079457843841379e-01
27039	6.893430150300909e-01	6.918309709189365e-01
27957	6.742430293691047e-01	6.760829753919817e-01
27962	6.233030219590351e-01	6.309573444801932e-01
27967	6.036399054657260e-01	6.165950018614822e-01
27972	5.894392900479668e-01	6.025595860743578e-01
27977	5.831917521177193e-01	5.888436553555889e-01
28334	5.751703412624767e-01	5.754399373371569e-01
28972	5.553956347618829e-01	5.623413251903491e-01
29012	5.478531086016458e-01	5.495408738576245e-01
30559	5.219271075141974e-01	5.248074602497725e-01
30889	5.123265442646165e-01	5.128613839913648e-01
34175	4.909893366634485e-01	5.011872336272722e-01
34180	4.092218229154302e-01	4.168693834703354e-01
34185	4.011039450759964e-01	4.073802778041127e-01
36149	3.977583107923376e-01	3.981071705534972e-01
36179	3.885659520646475e-01	3.890451449942806e-01
36216	3.681144981630473e-01	3.715352290971726e-01
37422	3.601660728447948e-01	3.630780547701014e-01
37432	3.415079236687314e-01	3.467368504525316e-01
37437	3.388063433994930e-01	3.388441561392025e-01
39968	3.310484683387015e-01	3.311311214825911e-01
40022	3.193047010986244e-01	3.235936569296283e-01
40060	3.107997159912959e-01	3.162277660168379e-01
40100	3.077338134599650e-01	3.090295432513591e-01
65935	2.996881433907927e-01	3.019951720402016e-01
67144	2.815808815533364e-01	2.818382931264454e-01
67149	2.655023630328438e-01	2.691534803926916e-01
67159	2.619843630420919e-01	2.630267991895382e-01
67835	2.174846831919934e-01	2.187761623949552e-01
68346	2.125137593895939e-01	2.137962089502232e-01
68463	2.088065561841217e-01	2.089296130854039e-01
69705	1.787307490435264e-01	1.819700858609984e-01
69710	1.777360351599178e-01	1.778279410038923e-01
69715	1.606511368116157e-01	1.621810097358930e-01
69720	1.458713487512142e-01	1.479108388168208e-01
69725	1.440761914735799e-01	1.445439770745928e-01
69730	1.401407409340213e-01	1.412537544622754e-01
69755	1.380323547654763e-01	1.380384264602885e-01
69915	1.252245353601160e-01	1.258925411794167e-01
70154	1.220217224533393e-01	1.230268770812381e-01
70223	1.138011415128322e-01	1.148153621496883e-01
70285	9.645900625769543e-02	9.772372209558107e-02
71162	7.186261435146390e-02	7.244359600749903e-02
71177	7.016177514041544e-02	7.079457843841380e-02
71332	6.912236570490216e-02	6.918309709189366e-02
71822	6.728431448663141e-02	6.760829753919818e-02
71846	6.592058840680082e-02	6.606934480075961e-02
71877	6.417334171663291e-02	6.456542290346556e-02
71939	5.822693973877602e-02	5.888436553555890e-02
71944	5.086540431571240e-02	5.128613839913648e-02
72374	5.004604486896880e-02	5.011872336272722e-02
72680	4.894731249320106e-02	4.897788193684462e-02
73037	4.711637020650705e-02	4.786300923226382e-02
73038	4.286310572861662e-02	4.365158322401658e-02
73064	4.214849102451912e-02	4.265795188015926e-02
73375	4.115380239444610e-02	4.168693834703355e-02
73526	3.894973518567069e-02	3.981071705534973e-02
73558	3.833136875988463e-02	3.890451449942807e-02
73726	3.795564642798266e-02	3.801893963205612e-02
73785	3.685957122252626e-02	3.715352290971726e-02
74807	3.600959872523990e-02	3.630780547701014e-02
77073	3.386035454288372e-02	3.388441561392026e-02
77283	3.225630959349768e-02	3.235936569296283e-02
89262	3.161134161498869e-02	3.162277660168379e-02
91230	3.074872710979404e-02	3.090295432513590e-02
96524	3.019815770485601e-02	3.019951720402016e-02
200000	2.967569628012290e-02	3.019951720402016e-02
%
% index = 352, name = bbob_f006_i17_d02__bbob_f015_i18_d02
% instance = 8, reference value = 7.467498234432330e-01
% function evaluation | indicator value | target hit
1	2.495733900047493e+05	2.511886431509582e+05
22	2.442799492080142e+05	2.454708915685028e+05
23	2.391080156288467e+05	2.398832919019490e+05
28	2.333185161179583e+05	2.344228815319923e+05
33	2.234713410478591e+05	2.238721138568338e+05
38	2.159373796272767e+05	2.187761623949552e+05
43	2.083738287115079e+05	2.089296130854041e+05
53	1.992311301923925e+05	1.995262314968879e+05
63	1.946291754934339e+05	1.949844599758046e+05
317	1.904992265531757e+05	1.905460717963248e+05
602	1.857746863502550e+05	1.862087136662866e+05
617	1.817415950213007e+05	1.819700858609983e+05
627	1.759307476288094e+05	1.778279410038923e+05
632	1.723921616758984e+05	1.737800828749376e+05
642	1.635664210536852e+05	1.659586907437560e+05
647	1.532338735042828e+05	1.548816618912483e+05
652	1.426514978501793e+05	1.445439770745928e+05
662	1.403619682658940e+05	1.412537544622755e+05
667	1.312799583163007e+05	1.318256738556408e+05
672	1.225474109018450e+05	1.230268770812381e+05
677	1.148316805686331e+05	1.174897554939530e+05
682	1.144057745940447e+05	1.148153621496882e+05
687	1.121182494970196e+05	1.122018454301963e+05
697	1.055139234348294e+05	1.071519305237607e+05
702	1.030213047990478e+05	1.047128548050899e+05
707	1.017816304483774e+05	1.023292992280754e+05
742	9.893169191245254e+04	1.000000000000000e+05
1639	9.760069061575286e+04	9.772372209558112e+04
1642	9.439643595478362e+04	9.549925860214369e+04
1978	9.029938560041704e+04	9.120108393559097e+04
1983	8.608471202666360e+04	8.709635899560814e+04
1988	8.019180552027156e+04	8.128305161640995e+04
1998	7.862899726718034e+04	7.943282347242821e+04
3327	7.740898534185355e+04	7.762471166286911e+04
3380	7.559311985185280e+04	7.585775750291836e+04
3469	7.352054810936660e+04	7.413102413009177e+04
3514	7.154540705078686e+04	7.244359600749906e+04
3540	7.042622762802160e+04	7.079457843841374e+04
4677	6.908011751523815e+04	6.918309709189362e+04
7984	6.733160842795447e+04	6.760829753919819e+04
7985	6.586201238486791e+04	6.606934480075965e+04
7990	6.451949624734002e+04	6.456542290346549e+04
7995	6.121928281133654e+04	6.165950018614822e+04
8000	5.834581929316731e+04	5.888436553555884e+04
8005	5.654861420124482e+04	5.754399373371567e+04
8015	5.589327136310787e+04	5.623413251903491e+04
8706	5.477098072879873e+04	5.495408738576248e+04
8760	5.364893638303981e+04	5.370317963702533e+04
8842	5.203495194257749e+04	5.248074602497723e+04
9184	5.007225524800843e+04	5.011872336272725e+04
9189	4.739663769392820e+04	4.786300923226380e+04
9199	4.658350152119033e+04	4.677351412871981e+04
10030	4.542717730209577e+04	4.570881896148752e+04
10062	4.455736049387729e+04	4.466835921509634e+04
10101	4.298476406057204e+04	4.365158322401656e+04
10141	4.106524147447931e+04	4.168693834703355e+04
10178	3.931922246679060e+04	3.981071705534969e+04
10470	3.840585559130838e+04	3.890451449942805e+04
10481	3.651845753488716e+04	3.715352290971728e+04
10486	3.453138463915847e+04	3.467368504525317e+04
10491	3.280271043504390e+04	3.311311214825908e+04
10496	3.139668356940366e+04	3.162277660168379e+04
10516	3.060231724336400e+04	3.090295432513592e+04
10521	2.911973330877127e+04	2.951209226666384e+04
10526	2.645597619123889e+04	2.691534803926914e+04
11000	2.627255338021082e+04	2.630267991895381e+04
11098	2.519001652542097e+04	2.570395782768865e+04
11138	2.433118523359210e+04	2.454708915685028e+04
11169	2.397703392851696e+04	2.398832919019490e+04
11228	2.318134042370975e+04	2.344228815319923e+04
11510	2.275012224551311e+04	2.290867652767775e+04
11515	2.221121884494314e+04	2.238721138568338e+04
11520	2.122431937909522e+04	2.137962089502232e+04
11525	2.053203480054165e+04	2.089296130854041e+04
14162	2.032757474464201e+04	2.041737944669527e+04
14172	1.923492908607128e+04	1.949844599758046e+04
14177	1.749679395576755e+04	1.778279410038923e+04
14197	1.522073516058262e+04	1.548816618912483e+04
14202	1.293641572782802e+04	1.318256738556407e+04
14217	1.279618014182732e+04	1.288249551693135e+04
14222	1.146146771706575e+04	1.148153621496882e+04
14227	1.107962929784988e+04	1.122018454301963e+04
14242	1.093731456035295e+04	1.096478196143185e+04
14247	1.038001223387759e+04	1.047128548050898e+04
14880	1.022782613557696e+04	1.023292992280754e+04
14982	9.983694395488134e+03	1.000000000000000e+04
15020	9.716315210315730e+03	9.772372209558112e+03
15039	9.490652932568140e+03	9.549925860214360e+03
15049	9.035670489429496e+03	9.120108393559096e+03
15054	7.862887822625813e+03	7.943282347242814e+03
15416	6.885737877046291e+03	6.918309709189362e+03
15421	6.566706505259850e+03	6.606934480075957e+03
16123	6.452667960429718e+03	6.456542290346556e+03
16170	6.266581348458248e+03	6.309573444801930e+03
16219	6.149661322095018e+03	6.165950018614823e+03
16930	5.924851251444396e+03	6.025595860743575e+03
16935	5.673649601589315e+03	5.754399373371566e+03
17538	5.620633116294775e+03	5.623413251903491e+03
17647	5.409171746565440e+03	5.495408738576249e+03
17677	5.212945500668061e+03	5.248074602497728e+03
17712	4.859088596124061e+03	4.897788193684461e+03
18025	4.610731514364229e+03	4.677351412871981e+03
18036	4.042278950969957e+03	4.073802778041126e+03
18041	3.558045985387321e+03	3.630780547701014e+03
18046	3.470049349668323e+03	3.548133892335753e+03
18051	3.434346256900749e+03	3.467368504525317e+03
18611	3.371309401258940e+03	3.388441561392024e+03
18667	3.229734181168829e+03	3.235936569296281e+03
18713	3.102376996647969e+03	3.162277660168379e+03
18735	3.080937068280397e+03	3.090295432513592e+03
18838	2.975369724231500e+03	3.019951720402016e+03
18872	2.801869972199957e+03	2.818382931264455e+03
19268	2.638687239202284e+03	2.691534803926917e+03
19279	2.412451309719745e+03	2.454708915685031e+03
19284	2.100646621242870e+03	2.137962089502233e+03
19289	1.931896507179974e+03	1.949844599758045e+03
19294	1.846850621143617e+03	1.862087136662868e+03
19764	1.812575402977302e+03	1.819700858609983e+03
19808	1.731359729908598e+03	1.737800828749376e+03
19839	1.619414419660348e+03	1.621810097358930e+03
19877	1.417841431371801e+03	1.445439770745928e+03
19923	1.263441684811495e+03	1.288249551693134e+03
19944	1.254830707902896e+03	1.258925411794168e+03
19981	1.194097694666155e+03	1.202264434617413e+03
20009	1.170582240402741e+03	1.174897554939529e+03
20014	1.061378886013826e+03	1.071519305237606e+03
20283	1.025201542885423e+03	1.047128548050900e+03
20294	9.252161196488370e+02	9.332543007969915e+02
20299	6.608610589254503e+02	6.760829753919819e+02
20304	6.384731747527190e+02	6.456542290346556e+02
20309	5.626304687052699e+02	5.754399373371566e+02
20314	4.956956141811191e+02	5.011872336272725e+02
20319	4.755157619554302e+02	4.786300923226385e+02
20711	4.668389559043510e+02	4.677351412871981e+02
20729	4.568185214993464e+02	4.570881896148752e+02
20747	4.439009244511803e+02	4.466835921509630e+02
20767	4.200179865080514e+02	4.265795188015925e+02
20789	3.823515859847729e+02	3.890451449942805e+02
20819	3.480782163676338e+02	3.548133892335753e+02
20857	2.866505749451865e+02	2.884031503126606e+02
20883	2.817893092852361e+02	2.818382931264455e+02
20910	1.974511387977668e+02	1.995262314968879e+02
20930	1.933999535091762e+02	1.949844599758046e+02
20931	1.894986419579909e+02	1.905460717963246e+02
20932	1.814554945543713e+02	1.819700858609983e+02
20937	1.068365518167771e+02	1.071519305237606e+02
21023	6.438598290650046e+01	6.456542290346556e+01
21491	6.099292137901109e+01	6.165950018614822e+01
21496	1.894253920548451e+01	1.905460717963247e+01
21501	1.374426888975061e+01	1.380384264602885e+01
21506	1.219945749287618e+01	1.230268770812382e+01
22118	1.201287243657464e+01	1.202264434617413e+01
22272	1.163624595567225e+01	1.174897554939530e+01
22299	1.131092180942093e+01	1.148153621496883e+01
22322	1.113390901382976e+01	1.122018454301964e+01
22327	1.092800872811802e+01	1.096478196143185e+01
34698	1.037066455931359e+01	1.047128548050900e+01
35221	9.130163016737329e-01	9.332543007969910e-01
35231	7.846973768852330e-01	7.943282347242815e-01
35236	7.716394102192330e-01	7.762471166286917e-01
36379	6.873121324671548e-01	6.918309709189365e-01
113057	6.718758513594749e-01	6.760829753919817e-01
113137	6.600158143715915e-01	6.606934480075960e-01
113157	6.454593976320395e-01	6.456542290346555e-01
113186	6.306064035727396e-01	6.309573444801932e-01
113208	6.123296493408178e-01	6.165950018614822e-01
113213	5.950738299977275e-01	6.025595860743578e-01
113219	5.836835341334736e-01	5.888436553555889e-01
113224	5.716274991441964e-01	5.754399373371569e-01
116088	5.620927553615100e-01	5.623413251903491e-01
117182	5.489173664061192e-01	5.495408738576245e-01
117349	5.357927482415112e-01	5.370317963702527e-01
118094	4.681211880377241e-01	4.786300923226383e-01
118103	4.641102078063147e-01	4.677351412871982e-01
118114	4.525435084542835e-01	4.570881896148750e-01
118119	4.434759157617242e-01	4.466835921509631e-01
118125	4.274777607440081e-01	4.365158322401660e-01
118135	4.237365769935655e-01	4.265795188015927e-01
118145	4.147754049111007e-01	4.168693834703354e-01
118166	4.068263082377696e-01	4.073802778041127e-01
118204	3.979465081169864e-01	3.981071705534972e-01
118219	3.878212610322243e-01	3.890451449942806e-01
119132	3.790075203680430e-01	3.801893963205612e-01
119154	3.691194956178473e-01	3.715352290971726e-01
119165	3.608092308246877e-01	3.630780547701014e-01
119182	3.361010962080999e-01	3.388441561392025e-01
119187	3.197125366593174e-01	3.235936569296283e-01
120148	3.110114217239708e-01	3.162277660168379e-01
120155	3.086912180499082e-01	3.090295432513591e-01
121122	2.987227472553403e-01	3.019951720402016e-01
121226	2.872993317483390e-01	2.884031503126606e-01
122307	2.789803292799033e-01	2.818382931264454e-01
122323	2.753832896352703e-01	2.754228703338166e-01
122351	2.687601964114971e-01	2.691534803926916e-01
122367	2.612876847488297e-01	2.630267991895382e-01
124395	2.566329375490001e-01	2.570395782768864e-01
126126	2.507396090944143e-01	2.511886431509580e-01
126183	2.452910650914574e-01	2.454708915685030e-01
200000	2.419825607167562e-01	2.454708915685030e-01
%
% index = 353, name = bbob_f006_i19_d02__bbob_f015_i21_d02
% instance = 9, reference value = 9.413092823496820e-01
% function evaluation | indicator value | target hit
1	6.490748571009566e-01	6.606934480075960e-01
18	6.445662306061244e-01	6.456542290346555e-01
20	6.306974949793569e-01	6.309573444801932e-01
21	6.119119252536815e-01	6.165950018614822e-01
22	5.778472644652581e-01	5.888436553555889e-01
23	5.555903645225209e-01	5.623413251903491e-01
28	5.179309351213380e-01	5.248074602497725e-01
33	4.688543909573792e-01	4.786300923226383e-01
38	3.818515507903093e-01	3.890451449942806e-01
48	3.796017340102786e-01	3.801893963205612e-01
140	3.710191413969273e-01	3.715352290971726e-01
180	3.541201273559450e-01	3.548133892335755e-01
204	3.455588154756616e-01	3.467368504525316e-01
264	3.368887312034010e-01	3.388441561392025e-01
548	3.285867817703724e-01	3.311311214825911e-01
559	3.182997091650350e-01	3.235936569296283e-01
564	3.119432566461534e-01	3.162277660168379e-01
574	3.080571538326343e-01	3.090295432513591e-01
584	3.014402032064754e-01	3.019951720402016e-01
609	2.949897532705005e-01	2.951209226666385e-01
614	2.880033752649037e-01	2.884031503126606e-01
745	2.775270692692092e-01	2.818382931264454e-01
762	2.699403219507899e-01	2.754228703338166e-01
783	2.684101200482041e-01	2.691534803926916e-01
1258	2.628353673205446e-01	2.630267991895382e-01
1285	2.542648550061631e-01	2.570395782768864e-01
1297	2.494953352406625e-01	2.511886431509580e-01
1703	2.383652724944714e-01	2.398832919019490e-01
1708	2.273085746667823e-01	2.290867652767773e-01
1718	2.183557833095091e-01	2.187761623949552e-01
2625	2.135115491728429e-01	2.137962089502232e-01
2627	2.082520048849961e-01	2.089296130854039e-01
2628	1.949554930169635e-01	1.949844599758045e-01
3047	1.880573371142956e-01	1.905460717963247e-01
3057	1.861263994954554e-01	1.862087136662867e-01
3072	1.789616239788218e-01	1.819700858609984e-01
3077	1.548679498078342e-01	1.548816618912481e-01
4468	1.502721935819550e-01	1.513561248436208e-01
4493	1.473058166405899e-01	1.479108388168208e-01
4519	1.438132683112979e-01	1.445439770745928e-01
4585	1.405088861428385e-01	1.412537544622754e-01
4606	1.373236992609027e-01	1.380384264602885e-01
4607	1.297035347716062e-01	1.318256738556407e-01
4612	1.243167462513577e-01	1.258925411794167e-01
5975	1.225604250262600e-01	1.230268770812381e-01
6087	1.197008278347592e-01	1.202264434617413e-01
6390	1.174205252553738e-01	1.174897554939529e-01
6456	1.139142166125063e-01	1.148153621496883e-01
6482	1.109557956878586e-01	1.122018454301964e-01
6516	1.083534597259693e-01	1.096478196143185e-01
6538	1.067728247187308e-01	1.071519305237607e-01
6543	1.038069991823013e-01	1.047128548050900e-01
7043	1.016178192393863e-01	1.023292992280754e-01
7053	9.449718766687409e-02	9.549925860214359e-02
7054	9.292022023467816e-02	9.332543007969910e-02
7190	9.098738909618997e-02	9.120108393559097e-02
7627	8.904671731291003e-02	8.912509381337455e-02
7694	8.674162377301786e-02	8.709635899560805e-02
7912	8.482651071620784e-02	8.511380382023763e-02
8240	8.227385543476140e-02	8.317637711026708e-02
8250	7.867233879945124e-02	7.943282347242814e-02
8379	7.745551515287930e-02	7.762471166286916e-02
9112	7.580767772249353e-02	7.585775750291836e-02
9579	7.382314169147941e-02	7.413102413009177e-02
9584	7.144252879563795e-02	7.244359600749903e-02
9589	7.029375372401314e-02	7.079457843841380e-02
9904	6.918254912359034e-02	6.918309709189366e-02
10751	6.752622751304460e-02	6.760829753919818e-02
11392	6.594116661273253e-02	6.606934480075961e-02
41540	6.158839497258994e-02	6.165950018614822e-02
60881	6.023365853744689e-02	6.025595860743578e-02
128004	5.887552301835164e-02	5.888436553555890e-02
164819	4.127447938553741e-02	4.168693834703355e-02
164824	4.016010104379986e-02	4.073802778041128e-02
165601	3.062778562637913e-02	3.090295432513590e-02
165748	2.974694224515484e-02	3.019951720402016e-02
165772	1.971624792403515e-02	1.995262314968880e-02
165788	1.933270857679370e-02	1.949844599758046e-02
165789	1.898946136037960e-02	1.905460717963247e-02
165790	1.842610620578955e-02	1.862087136662868e-02
165791	1.780661223443003e-02	1.819700858609984e-02
165792	1.731854476299699e-02	1.737800828749375e-02
165803	1.696491561825120e-02	1.698243652461744e-02
165828	1.655645223098412e-02	1.659586907437561e-02
169108	1.546003400703799e-02	1.548816618912481e-02
169510	1.507943256090905e-02	1.513561248436208e-02
169727	1.477503406949332e-02	1.479108388168207e-02
200000	1.457637145020541e-02	1.479108388168207e-02
%
% index = 354, name = bbob_f006_i21_d02__bbob_f015_i22_d02
% instance = 10, reference value = 9.294479458010030e-01
% function evaluation | indicator value | target hit
1	2.825212808889082e+00	2.884031503126606e+00
21	2.812518271131398e+00	2.818382931264454e+00
23	2.712530663088478e+00	2.754228703338166e+00
28	2.685161455859209e+00	2.691534803926916e+00
33	2.468401403285211e+00	2.511886431509580e+00
38	2.283240662474014e+00	2.290867652767773e+00
43	2.180840420835276e+00	2.187761623949553e+00
215	2.136561143717808e+00	2.137962089502232e+00
331	2.074113791912787e+00	2.089296130854040e+00
721	2.027527525841819e+00	2.041737944669529e+00
726	1.895355746899095e+00	1.905460717963247e+00
731	1.792164934435098e+00	1.819700858609983e+00
736	1.730801481996900e+00	1.737800828749375e+00
746	1.686624829257526e+00	1.698243652461744e+00
766	1.586374805188455e+00	1.621810097358930e+00
771	1.468820467129242e+00	1.479108388168207e+00
776	1.402088238070194e+00	1.412537544622754e+00
781	1.174190154359331e+00	1.174897554939530e+00
786	1.046126126394704e+00	1.047128548050900e+00
1864	9.265020505238525e-01	9.332543007969910e-01
1869	8.908998903956701e-01	8.912509381337456e-01
1920	8.681144430181511e-01	8.709635899560807e-01
1925	7.558583354367561e-01	7.585775750291838e-01
2788	7.403168474913222e-01	7.413102413009175e-01
3062	6.957105325822137e-01	7.079457843841379e-01
3067	5.953216901859459e-01	6.025595860743578e-01
3072	5.866113891220379e-01	5.888436553555889e-01
3739	5.748743978830240e-01	5.754399373371569e-01
4342	5.503378237347382e-01	5.623413251903491e-01
4347	4.869677721427399e-01	4.897788193684462e-01
14960	4.744669309830901e-01	4.786300923226383e-01
14998	4.485606020336653e-01	4.570881896148750e-01
15036	4.338462411847199e-01	4.365158322401660e-01
76528	3.219586083888865e-01	3.235936569296283e-01
76546	3.151416298466445e-01	3.162277660168379e-01
76547	3.076807224445390e-01	3.090295432513591e-01
76548	2.908819755334746e-01	2.951209226666385e-01
76549	2.508949905550902e-01	2.511886431509580e-01
76550	1.675613536953414e-01	1.698243652461744e-01
76555	1.447857042960312e-01	1.479108388168208e-01
76560	1.286937051051388e-01	1.288249551693134e-01
76565	1.192425366152089e-01	1.202264434617413e-01
76694	1.161907365198209e-01	1.174897554939529e-01
76716	1.135965865793567e-01	1.148153621496883e-01
76741	1.086135870208494e-01	1.096478196143185e-01
76773	1.016174971426014e-01	1.023292992280754e-01
76806	9.021885615676017e-02	9.120108393559097e-02
76830	8.833076559643394e-02	8.912509381337455e-02
76974	8.692918157712204e-02	8.709635899560805e-02
76984	6.589485157898367e-02	6.606934480075961e-02
76994	6.310959108537650e-02	6.456542290346556e-02
77040	6.302247451181775e-02	6.309573444801933e-02
77113	6.066613736419768e-02	6.165950018614822e-02
77137	4.870297884164621e-02	4.897788193684462e-02
77168	4.566310133379214e-02	4.570881896148749e-02
77573	4.433736006850209e-02	4.466835921509630e-02
77598	4.346143223825405e-02	4.365158322401658e-02
77625	4.212362193049646e-02	4.265795188015926e-02
77652	4.082804152583019e-02	4.168693834703355e-02
77686	3.924284857981220e-02	3.981071705534973e-02
77705	3.867913732749750e-02	3.890451449942807e-02
77706	3.799150738160695e-02	3.801893963205612e-02
77707	3.638844251054985e-02	3.715352290971726e-02
77708	3.292701869322712e-02	3.311311214825911e-02
77713	3.114379504499831e-02	3.162277660168379e-02
82043	3.087418387860164e-02	3.090295432513590e-02
82131	2.983552428201863e-02	3.019951720402016e-02
82153	2.910997080876920e-02	2.951209226666385e-02
82177	2.788281065637677e-02	2.818382931264454e-02
82204	2.633134161958117e-02	2.691534803926915e-02
82242	2.562446607250068e-02	2.570395782768863e-02
82649	2.493512929884267e-02	2.511886431509579e-02
82682	2.444304177093770e-02	2.454708915685030e-02
93604	2.326085723828175e-02	2.344228815319923e-02
93636	2.212709684699976e-02	2.238721138568340e-02
93675	2.183016719643693e-02	2.187761623949553e-02
94494	2.137515967059989e-02	2.137962089502233e-02
100605	1.880690938289897e-02	1.905460717963247e-02
100827	1.843037080038101e-02	1.862087136662868e-02
100864	1.778061497477812e-02	1.778279410038923e-02
104980	1.709051254334970e-02	1.737800828749375e-02
105003	1.635466414447795e-02	1.659586907437561e-02
105029	1.539350006038309e-02	1.548816618912481e-02
105063	1.496542410385193e-02	1.513561248436208e-02
105106	1.473875138468750e-02	1.479108388168207e-02
105184	1.423582808643420e-02	1.445439770745927e-02
152507	1.402827897363357e-02	1.412537544622754e-02
152531	1.357949601929387e-02	1.380384264602885e-02
152563	1.285574267148559e-02	1.288249551693134e-02
152597	1.253601962551731e-02	1.258925411794167e-02
153980	6.497539955818143e-03	6.606934480075957e-03
154003	1.913244701108319e-03	1.949844599758046e-03
154016	1.905320518700404e-03	1.905460717963246e-03
154020	1.831676720474129e-03	1.862087136662868e-03
154021	1.816672591668067e-03	1.819700858609983e-03
154077	1.755822135535823e-03	1.778279410038923e-03
154092	1.734186533702609e-03	1.737800828749376e-03
174766	1.534512891628870e-03	1.548816618912481e-03
174907	1.513102382902920e-03	1.513561248436209e-03
175065	1.352648942564039e-03	1.380384264602885e-03
175107	1.267206989429726e-03	1.288249551693134e-03
175144	1.258279988049504e-03	1.258925411794167e-03
175235	1.177686003991707e-03	1.202264434617413e-03
175265	1.121519711880348e-03	1.122018454301963e-03
175290	1.095198992318136e-03	1.096478196143185e-03
175321	1.056042913174959e-03	1.071519305237606e-03
175343	1.029382105351639e-03	1.047128548050900e-03
175423	9.879945532647039e-04	1.000000000000000e-03
175454	9.513620806930190e-04	9.549925860214359e-04
175526	9.200036480540019e-04	9.332543007969915e-04
175556	8.976415666781534e-04	9.120108393559096e-04
175608	8.770785578726681e-04	8.912509381337459e-04
175630	8.532348919740862e-04	8.709635899560805e-04
175679	8.347742043333106e-04	8.511380382023768e-04
175725	8.096880532371120e-04	8.128305161640995e-04
175777	7.805546546808539e-04	7.943282347242813e-04
175801	7.728312976181817e-04	7.762471166286919e-04
175874	7.578466389602800e-04	7.585775750291835e-04
175922	7.295692792901320e-04	7.413102413009177e-04
175945	7.204527454253151e-04	7.244359600749898e-04
175966	6.989128775051201e-04	7.079457843841380e-04
176010	6.828850022332356e-04	6.918309709189362e-04
176034	6.760360401170118e-04	6.760829753919819e-04
176080	6.590175129237430e-04	6.606934480075957e-04
176141	6.355275146413542e-04	6.456542290346556e-04
176170	6.279618704917445e-04	6.309573444801930e-04
176236	6.111713830622145e-04	6.165950018614823e-04
176260	5.959150620065135e-04	6.025595860743575e-04
176284	5.873776984727241e-04	5.888436553555889e-04
176364	5.735259121149028e-04	5.754399373371566e-04
176438	5.618419159761912e-04	5.623413251903491e-04
176501	5.463560122164202e-04	5.495408738576248e-04
176530	5.359990848178287e-04	5.370317963702527e-04
176616	5.227961781610890e-04	5.248074602497728e-04
176734	5.113818639633783e-04	5.128613839913648e-04
176798	4.993046637750131e-04	5.011872336272725e-04
176862	4.891760532634848e-04	4.897788193684461e-04
176950	4.763206655172825e-04	4.786300923226385e-04
177062	4.670482888022853e-04	4.677351412871981e-04
177123	4.561187560434554e-04	4.570881896148752e-04
177228	4.445516471291988e-04	4.466835921509630e-04
177312	4.351114988099258e-04	4.365158322401661e-04
177386	4.245800745019679e-04	4.265795188015926e-04
177492	4.157696392864674e-04	4.168693834703355e-04
177568	4.067148688008393e-04	4.073802778041126e-04
177673	3.965727819466025e-04	3.981071705534974e-04
177760	3.887648077257611e-04	3.890451449942805e-04
177882	3.796238565482168e-04	3.801893963205612e-04
178001	3.705337917027096e-04	3.715352290971724e-04
178123	3.630387937429980e-04	3.630780547701014e-04
178293	3.543481190763087e-04	3.548133892335753e-04
178501	3.464261758135967e-04	3.467368504525317e-04
178732	3.383487863160006e-04	3.388441561392024e-04
178935	3.306913185383564e-04	3.311311214825911e-04
179101	3.233328865526186e-04	3.235936569296281e-04
179218	3.159475785770027e-04	3.162277660168379e-04
179394	3.087822107841198e-04	3.090295432513592e-04
179655	3.015436845770214e-04	3.019951720402016e-04
179856	2.948142655554431e-04	2.951209226666387e-04
180105	2.881772184275544e-04	2.884031503126605e-04
180367	2.813852187689703e-04	2.818382931264455e-04
180558	2.753330700744350e-04	2.754228703338166e-04
180808	2.691204335394382e-04	2.691534803926917e-04
181207	2.628034862368622e-04	2.630267991895381e-04
181761	2.569363222330034e-04	2.570395782768865e-04
182233	2.510216063386084e-04	2.511886431509580e-04
182593	2.453518852939540e-04	2.454708915685031e-04
182993	2.398703806019142e-04	2.398832919019490e-04
183621	2.343698674432959e-04	2.344228815319923e-04
184278	2.290714993158360e-04	2.290867652767772e-04
184889	2.238328599544204e-04	2.238721138568340e-04
185417	2.187329966165663e-04	2.187761623949552e-04
186321	2.137787316889295e-04	2.137962089502232e-04
187241	2.088982611991863e-04	2.089296130854039e-04
188136	2.041478087638771e-04	2.041737944669530e-04
189403	1.995142666443295e-04	1.995262314968879e-04
190388	1.949833335830320e-04	1.949844599758046e-04
191451	1.905377902357008e-04	1.905460717963246e-04
192945	1.862071479230565e-04	1.862087136662868e-04
194844	1.819700347547304e-04	1.819700858609983e-04
197086	1.778268931578175e-04	1.778279410038923e-04
200000	1.750180365054366e-04	1.778279410038923e-04
