%
% index = 450, name = bbob_f008_i02_d02__bbob_f015_i04_d02
% instance = 1, reference value = 9.559842033184670e-01
% function evaluation | indicator value | target hit
1	4.407568313336466e+00	4.466835921509632e+00
28	4.287199167639467e+00	4.365158322401660e+00
33	4.068764053725467e+00	4.073802778041127e+00
38	3.837012284443467e+00	3.890451449942806e+00
43	3.644918187158467e+00	3.715352290971725e+00
48	3.538495924848467e+00	3.548133892335755e+00
231	3.436428901096967e+00	3.467368504525317e+00
269	3.351178009170467e+00	3.388441561392026e+00
310	3.289373843802467e+00	3.311311214825911e+00
527	3.220859028278467e+00	3.235936569296283e+00
790	3.059392948635467e+00	3.090295432513591e+00
795	2.932884170843967e+00	2.951209226666386e+00
800	2.864454891990967e+00	2.884031503126606e+00
810	2.732068624145467e+00	2.754228703338166e+00
1329	2.688972804628467e+00	2.691534803926916e+00
1400	2.620696527708467e+00	2.630267991895382e+00
1433	2.537045123821967e+00	2.570395782768863e+00
1452	2.507888259116967e+00	2.511886431509580e+00
1454	2.422840786462967e+00	2.454708915685031e+00
1455	2.314947096745967e+00	2.344228815319922e+00
1766	2.288537477309467e+00	2.290867652767773e+00
1791	2.229059121194967e+00	2.238721138568339e+00
2437	2.187716876953467e+00	2.187761623949553e+00
2503	2.124564067938467e+00	2.137962089502232e+00
2541	2.045864968829467e+00	2.089296130854040e+00
2563	2.009827837034967e+00	2.041737944669529e+00
2564	1.936642492374467e+00	1.949844599758045e+00
3005	1.739692728755967e+00	1.778279410038923e+00
3010	1.705286811046467e+00	1.737800828749375e+00
3020	1.677958202677967e+00	1.698243652461744e+00
3025	1.653960508437467e+00	1.659586907437561e+00
4740	1.621519126535967e+00	1.621810097358930e+00
4840	1.553689586607967e+00	1.584893192461114e+00
4877	1.491327331630967e+00	1.513561248436208e+00
8420	1.479075286219467e+00	1.479108388168207e+00
8441	1.416991048246467e+00	1.445439770745927e+00
8462	1.392498090661467e+00	1.412537544622754e+00
8463	1.339568650610967e+00	1.348962882591654e+00
8648	1.252103841955967e+00	1.258925411794167e+00
8658	1.064962670636467e+00	1.071519305237606e+00
8663	1.045840552981967e+00	1.047128548050900e+00
8668	1.017095059410467e+00	1.023292992280754e+00
12351	9.921430919054669e-01	1.000000000000000e+00
12385	9.632566338644669e-01	9.772372209558107e-01
12660	9.480550385780235e-01	9.549925860214360e-01
13846	9.142875109208235e-01	9.332543007969910e-01
13851	7.756160005424845e-01	7.762471166286917e-01
14586	7.577557588845546e-01	7.585775750291838e-01
14663	7.256969518632724e-01	7.413102413009175e-01
14774	7.181589671373100e-01	7.244359600749900e-01
14798	7.012031835696768e-01	7.079457843841379e-01
14832	6.788682468264977e-01	6.918309709189365e-01
14863	6.468616863546687e-01	6.606934480075960e-01
14882	6.451670644598066e-01	6.456542290346555e-01
18346	5.873727200572492e-01	5.888436553555889e-01
18351	5.146239139467856e-01	5.248074602497725e-01
18356	5.105590266645778e-01	5.128613839913648e-01
18361	4.889502389321827e-01	4.897788193684462e-01
18366	3.829072781716094e-01	3.890451449942806e-01
18371	3.335996022710622e-01	3.388441561392025e-01
18376	3.198315296897286e-01	3.235936569296283e-01
18598	3.153240139396262e-01	3.162277660168379e-01
20027	3.075661374969799e-01	3.090295432513591e-01
20783	2.914570242002569e-01	2.951209226666385e-01
20799	2.882676246588001e-01	2.884031503126606e-01
20972	2.783112647781965e-01	2.818382931264454e-01
21384	2.592573163017489e-01	2.630267991895382e-01
21410	2.111971437516446e-01	2.137962089502232e-01
21432	2.027877674755681e-01	2.041737944669530e-01
21433	1.775641873604410e-01	1.778279410038923e-01
21757	1.735389677337549e-01	1.737800828749375e-01
21890	1.670790954760967e-01	1.698243652461744e-01
21920	1.634724772348065e-01	1.659586907437560e-01
21951	1.588946858442414e-01	1.621810097358930e-01
22002	1.568392586528503e-01	1.584893192461113e-01
22342	1.532836855108343e-01	1.548816618912481e-01
22368	1.504760958472113e-01	1.513561248436208e-01
22400	1.461365957326308e-01	1.479108388168208e-01
22440	1.406601166459825e-01	1.412537544622754e-01
22462	1.362478203190604e-01	1.380384264602885e-01
25913	1.322798358512358e-01	1.348962882591654e-01
25918	1.074187606873481e-01	1.096478196143185e-01
25923	7.485995305229121e-02	7.585775750291836e-02
25928	5.864259892060897e-02	5.888436553555890e-02
25938	5.377407776872400e-02	5.495408738576246e-02
25943	4.607016397464059e-02	4.677351412871981e-02
25948	4.542404942703560e-02	4.570881896148749e-02
25953	4.268134304590809e-02	4.365158322401658e-02
25958	4.262419184585287e-02	4.265795188015926e-02
26116	4.023426069541070e-02	4.073802778041128e-02
26149	3.262755456190458e-02	3.311311214825911e-02
26189	3.043054951504953e-02	3.090295432513590e-02
26233	2.994792760823128e-02	3.019951720402016e-02
26807	2.949118956413044e-02	2.951209226666385e-02
26884	2.869681800733637e-02	2.884031503126606e-02
26942	2.805444604694829e-02	2.818382931264454e-02
27181	2.742902676248193e-02	2.754228703338166e-02
27395	2.015167045043620e-02	2.041737944669529e-02
27435	1.727205057950876e-02	1.737800828749375e-02
27451	1.695543076016570e-02	1.698243652461744e-02
27453	1.608942963413706e-02	1.621810097358930e-02
27454	1.517225401720068e-02	1.548816618912481e-02
27455	1.451847625742420e-02	1.479108388168207e-02
27461	1.421743668045627e-02	1.445439770745927e-02
27466	1.401042380734041e-02	1.412537544622754e-02
27495	1.366224216347589e-02	1.380384264602885e-02
27844	1.345306139871227e-02	1.348962882591653e-02
27937	1.303084668355226e-02	1.318256738556407e-02
27971	1.279555386574516e-02	1.288249551693134e-02
39170	1.238531212181959e-02	1.258925411794167e-02
39175	1.027315014581143e-02	1.047128548050900e-02
39180	1.015928257092347e-02	1.023292992280754e-02
39398	9.980233719939169e-03	1.000000000000000e-02
39842	9.738472250745867e-03	9.772372209558112e-03
39906	9.509745119993696e-03	9.549925860214359e-03
40015	9.203639647171413e-03	9.332543007969915e-03
41029	9.096158001661081e-03	9.120108393559097e-03
41112	8.891012198759651e-03	8.912509381337459e-03
44055	8.701632606607723e-03	8.709635899560805e-03
74461	8.422424899547476e-03	8.511380382023767e-03
74493	8.314610607362383e-03	8.317637711026709e-03
74615	8.112772380414524e-03	8.128305161640995e-03
74818	7.933606553292782e-03	7.943282347242814e-03
75108	7.756911198390171e-03	7.762471166286920e-03
76003	7.584008820511912e-03	7.585775750291836e-03
98414	7.404166038445070e-03	7.413102413009177e-03
98417	7.230945983065062e-03	7.244359600749898e-03
98447	6.533295380607762e-03	6.606934480075957e-03
98464	6.445895871811991e-03	6.456542290346556e-03
111346	5.213683333116115e-03	5.248074602497728e-03
112097	5.126943812180595e-03	5.128613839913648e-03
112867	4.949116831114098e-03	5.011872336272725e-03
112896	4.743418754764694e-03	4.786300923226385e-03
112939	4.570248245873043e-03	4.570881896148752e-03
123975	2.079292257435528e-03	2.089296130854039e-03
124696	1.943519944460292e-03	1.949844599758046e-03
124706	1.798055764834161e-03	1.819700858609983e-03
124711	1.772893341829840e-03	1.778279410038923e-03
124721	1.715491567811145e-03	1.737800828749376e-03
124768	1.692507771431040e-03	1.698243652461744e-03
125895	1.395384322666837e-03	1.412537544622754e-03
125910	1.371461203614754e-03	1.380384264602885e-03
125912	1.152548769366657e-03	1.174897554939529e-03
125913	1.072051762133097e-03	1.096478196143185e-03
125914	1.043930173020291e-03	1.047128548050900e-03
125953	1.017204815362605e-03	1.023292992280754e-03
125954	9.968488711585843e-04	1.000000000000000e-03
125955	9.568917534356070e-04	9.772372209558111e-04
125956	8.800436159092095e-04	8.912509381337459e-04
125957	7.390457344201851e-04	7.413102413009177e-04
125958	5.112787343590774e-04	5.128613839913648e-04
125959	3.019238692582027e-04	3.019951720402016e-04
125981	2.913556495606207e-04	2.951209226666387e-04
125991	2.841666886911343e-04	2.884031503126605e-04
126013	2.816833406361630e-04	2.818382931264455e-04
126403	2.380417850140759e-04	2.398832919019490e-04
126548	2.141151683766607e-04	2.187761623949552e-04
126564	2.137132638212469e-04	2.137962089502232e-04
126585	1.931536637019837e-04	1.949844599758046e-04
126602	1.877944348296356e-04	1.905460717963246e-04
126603	1.817456893885572e-04	1.819700858609983e-04
126705	1.572551477755368e-04	1.584893192461114e-04
126758	1.500115742574248e-04	1.513561248436209e-04
126819	1.477811381380700e-04	1.479108388168207e-04
126854	1.359063050863085e-04	1.380384264602885e-04
126884	1.290220218040927e-04	1.318256738556407e-04
126944	1.224313926307952e-04	1.230268770812381e-04
126980	1.165138969049240e-04	1.174897554939529e-04
127003	1.108544540645573e-04	1.122018454301963e-04
127026	1.073714886404842e-04	1.096478196143185e-04
127062	1.040275340562502e-04	1.047128548050900e-04
127092	9.919645199318872e-05	1.000000000000000e-04
127115	9.680590130400901e-05	9.772372209558111e-05
127151	9.375140708844931e-05	9.549925860214369e-05
127177	8.972924954797623e-05	9.120108393559096e-05
127200	8.851199526094256e-05	8.912509381337459e-05
127228	8.603662423167791e-05	8.709635899560814e-05
127279	8.228390045272871e-05	8.317637711026709e-05
127307	7.960339034884800e-05	8.128305161640995e-05
127337	7.873932744961731e-05	7.943282347242822e-05
127358	7.721956837436483e-05	7.762471166286911e-05
127400	7.581908384546310e-05	7.585775750291836e-05
127455	7.319421832674422e-05	7.413102413009176e-05
127477	7.174936654696928e-05	7.244359600749906e-05
127507	7.039597740110537e-05	7.079457843841373e-05
127528	6.897887463963581e-05	6.918309709189363e-05
127549	6.758805803463996e-05	6.760829753919819e-05
127593	6.531916592611431e-05	6.606934480075965e-05
127614	6.393778036595243e-05	6.456542290346549e-05
127644	6.261891475078940e-05	6.309573444801929e-05
127678	6.119836285412017e-05	6.165950018614822e-05
127708	5.998986506794424e-05	6.025595860743581e-05
127742	5.874294960050985e-05	5.888436553555884e-05
127763	5.747087188978650e-05	5.754399373371566e-05
127828	5.608932156042634e-05	5.623413251903491e-05
127870	5.410936883132322e-05	5.495408738576248e-05
127907	5.353543457020660e-05	5.370317963702532e-05
127948	5.190218180251005e-05	5.248074602497723e-05
127992	5.115191562798937e-05	5.128613839913648e-05
128042	4.985940008439549e-05	5.011872336272725e-05
128113	4.876093803674042e-05	4.897788193684466e-05
128155	4.741473738778534e-05	4.786300923226380e-05
128178	4.671336521766545e-05	4.677351412871981e-05
128260	4.526692755046913e-05	4.570881896148752e-05
128350	4.431318964348563e-05	4.466835921509635e-05
128399	4.345005664552204e-05	4.365158322401657e-05
128476	4.233582959456417e-05	4.265795188015926e-05
128515	4.153870599499232e-05	4.168693834703355e-05
128574	4.058083464097972e-05	4.073802778041130e-05
128641	3.954063660571716e-05	3.981071705534969e-05
128693	3.884630435879721e-05	3.890451449942805e-05
128755	3.784909543247394e-05	3.801893963205612e-05
128816	3.689343727553140e-05	3.715352290971728e-05
128860	3.626047822413714e-05	3.630780547701010e-05
128960	3.528486764137195e-05	3.548133892335753e-05
129043	3.454035000438616e-05	3.467368504525317e-05
129136	3.379318902196893e-05	3.388441561392028e-05
129232	3.299865637962363e-05	3.311311214825908e-05
129291	3.233861437623720e-05	3.235936569296281e-05
129366	3.144122350229317e-05	3.162277660168380e-05
129474	3.074015195514423e-05	3.090295432513592e-05
129538	3.015927383909212e-05	3.019951720402019e-05
129660	2.939332222751112e-05	2.951209226666384e-05
129752	2.880384240444567e-05	2.884031503126606e-05
129848	2.816487132029089e-05	2.818382931264455e-05
129989	2.747642388611915e-05	2.754228703338169e-05
130113	2.682803502895847e-05	2.691534803926914e-05
130265	2.621881975872764e-05	2.630267991895381e-05
130360	2.564350328226883e-05	2.570395782768864e-05
130448	2.510435433489278e-05	2.511886431509582e-05
130572	2.454216909342222e-05	2.454708915685029e-05
130721	2.397634247019997e-05	2.398832919019490e-05
130830	2.342302060953649e-05	2.344228815319923e-05
130973	2.284733758228796e-05	2.290867652767775e-05
131113	2.235498192415530e-05	2.238721138568338e-05
131299	2.181505986764698e-05	2.187761623949552e-05
131443	2.134143916765474e-05	2.137962089502232e-05
131593	2.086396601475027e-05	2.089296130854041e-05
131768	2.040838787276122e-05	2.041737944669527e-05
131949	1.992525992544625e-05	1.995262314968879e-05
132136	1.948404976970242e-05	1.949844599758046e-05
132366	1.903310790341006e-05	1.905460717963248e-05
132609	1.860838363099138e-05	1.862087136662866e-05
132886	1.817790877345349e-05	1.819700858609983e-05
133026	1.776028090860748e-05	1.778279410038923e-05
133210	1.736332155610754e-05	1.737800828749376e-05
133443	1.696933016925861e-05	1.698243652461746e-05
133715	1.659056752523203e-05	1.659586907437560e-05
134007	1.621044601296528e-05	1.621810097358930e-05
134300	1.584880002680755e-05	1.584893192461114e-05
134529	1.547451660532939e-05	1.548816618912483e-05
134816	1.512459161001622e-05	1.513561248436207e-05
200000	1.483003020497087e-05	1.513561248436207e-05
%
% index = 451, name = bbob_f008_i03_d02__bbob_f015_i05_d02
% instance = 2, reference value = 9.636972907242640e-01
% function evaluation | indicator value | target hit
1	4.448433538692132e+00	4.466835921509632e+00
20	4.346637792459949e+00	4.365158322401660e+00
21	4.245349071248921e+00	4.265795188015927e+00
22	4.063267288683244e+00	4.073802778041127e+00
23	3.882988253662173e+00	3.890451449942806e+00
33	3.037195236164312e+00	3.090295432513591e+00
38	2.875856345789552e+00	2.884031503126606e+00
625	2.439225552366764e+00	2.454708915685031e+00
635	2.396701320401264e+00	2.398832919019490e+00
1468	2.180435461343764e+00	2.187761623949553e+00
1473	1.998698921153264e+00	2.041737944669529e+00
1478	1.844206818552764e+00	1.862087136662868e+00
2436	1.791757240595264e+00	1.819700858609983e+00
2441	1.605571524038264e+00	1.621810097358930e+00
2446	1.514681829447764e+00	1.548816618912481e+00
2451	1.512924889943764e+00	1.513561248436208e+00
21251	1.444940401988264e+00	1.445439770745927e+00
21429	1.407340696911764e+00	1.412537544622754e+00
22357	1.287231700269264e+00	1.288249551693134e+00
22367	1.195887571610264e+00	1.202264434617413e+00
22377	1.137040327125264e+00	1.148153621496883e+00
22382	9.511899339494112e-01	9.549925860214360e-01
28052	9.140510960333598e-01	9.332543007969910e-01
28085	8.693476824522876e-01	8.709635899560807e-01
28128	8.416312735313569e-01	8.511380382023764e-01
32784	7.999422187111945e-01	8.128305161640993e-01
32790	7.918612516989472e-01	7.943282347242815e-01
32795	7.368353079660317e-01	7.413102413009175e-01
32800	6.641148543978286e-01	6.760829753919817e-01
32810	4.556853168314378e-01	4.570881896148750e-01
32815	4.432119238091333e-01	4.466835921509631e-01
32825	4.316785933831314e-01	4.365158322401660e-01
32830	4.260014222472592e-01	4.265795188015927e-01
32850	3.807195347047789e-01	3.890451449942806e-01
32855	3.703198769274660e-01	3.715352290971726e-01
32860	3.329158815744000e-01	3.388441561392025e-01
32865	1.733353126252659e-01	1.737800828749375e-01
34618	1.696179863830530e-01	1.698243652461744e-01
34709	1.421182355697702e-01	1.445439770745928e-01
36898	1.411668900444222e-01	1.412537544622754e-01
144698	1.316584681284461e-01	1.318256738556407e-01
144708	1.238240477415973e-01	1.258925411794167e-01
144713	1.202743414776881e-01	1.230268770812381e-01
144718	1.197822420952632e-01	1.202264434617413e-01
146106	1.166991670320967e-01	1.174897554939529e-01
146309	1.142832925047270e-01	1.148153621496883e-01
148097	1.110540180309727e-01	1.122018454301964e-01
148121	5.277635855403162e-02	5.370317963702527e-02
148152	1.182007081558190e-02	1.202264434617413e-02
148165	1.173874495550220e-02	1.174897554939530e-02
148168	1.133871581043300e-02	1.148153621496883e-02
148170	1.113633793705682e-02	1.122018454301964e-02
148175	1.091833750268667e-02	1.096478196143185e-02
151894	1.065490217085041e-02	1.071519305237606e-02
151924	9.978521235799787e-03	1.000000000000000e-02
151958	6.992465816155313e-03	7.079457843841380e-03
152006	6.903943148510727e-03	6.918309709189363e-03
152185	6.503774955910702e-03	6.606934480075957e-03
152208	6.441636291489861e-03	6.456542290346556e-03
152362	6.266505378265008e-03	6.309573444801930e-03
152461	6.140551975036712e-03	6.165950018614822e-03
152533	6.024032428032955e-03	6.025595860743574e-03
152881	5.884143609000136e-03	5.888436553555890e-03
153424	5.751577837526334e-03	5.754399373371567e-03
156309	5.623293899310600e-03	5.623413251903491e-03
200000	5.589859161226673e-03	5.623413251903491e-03
%
% index = 452, name = bbob_f008_i07_d02__bbob_f015_i08_d02
% instance = 3, reference value = 9.817220667347560e-01
% function evaluation | indicator value | target hit
1	1.187365951220907e+02	1.202264434617413e+02
20	1.172375331630085e+02	1.174897554939529e+02
22	1.128443882481080e+02	1.148153621496883e+02
23	1.072392078488594e+02	1.096478196143185e+02
38	1.051707874586432e+02	1.071519305237606e+02
43	9.403610214082867e+01	9.549925860214358e+01
48	8.365561733131618e+01	8.511380382023764e+01
53	7.373646443281417e+01	7.413102413009177e+01
58	6.555442822479652e+01	6.606934480075961e+01
63	5.752769378593417e+01	5.754399373371569e+01
68	5.048718810656239e+01	5.128613839913648e+01
73	4.716571742200154e+01	4.786300923226383e+01
78	4.369373130817653e+01	4.466835921509630e+01
83	3.819239315191442e+01	3.890451449942807e+01
88	3.578844986948607e+01	3.630780547701014e+01
93	3.106809195922511e+01	3.162277660168379e+01
98	2.920605525466387e+01	2.951209226666386e+01
103	2.510895462547209e+01	2.511886431509580e+01
108	2.098366794597009e+01	2.137962089502232e+01
113	2.040606204211472e+01	2.041737944669530e+01
118	1.927094952205246e+01	1.949844599758045e+01
123	1.732870818316627e+01	1.737800828749375e+01
128	1.513940204032327e+01	1.548816618912481e+01
133	1.290413941377073e+01	1.318256738556407e+01
138	1.114856106029939e+01	1.122018454301964e+01
143	9.092271547243278e+00	9.120108393559097e+00
148	7.241991184036570e+00	7.244359600749901e+00
153	7.035270991849841e+00	7.079457843841379e+00
158	6.341775741448711e+00	6.456542290346556e+00
163	5.566218024584569e+00	5.623413251903491e+00
168	4.821860826470736e+00	4.897788193684462e+00
173	4.381250624913104e+00	4.466835921509632e+00
178	3.874598190155408e+00	3.890451449942806e+00
183	3.227465408758098e+00	3.235936569296283e+00
188	3.062156343830118e+00	3.090295432513591e+00
193	2.920511365830146e+00	2.951209226666386e+00
213	2.779439521913256e+00	2.818382931264454e+00
223	2.617100810234256e+00	2.630267991895382e+00
253	2.563012844490256e+00	2.570395782768863e+00
539	2.258447126025756e+00	2.290867652767773e+00
1934	6.394481265571346e-01	6.456542290346555e-01
1953	6.226136011439336e-01	6.309573444801932e-01
1954	6.016176725670246e-01	6.025595860743578e-01
1955	5.552911432350314e-01	5.623413251903491e-01
1956	4.588977169678895e-01	4.677351412871982e-01
1961	3.665811618945787e-01	3.715352290971726e-01
1966	2.338736821024406e-01	2.344228815319922e-01
1971	2.214124877539282e-01	2.238721138568339e-01
2172	2.185396447477738e-01	2.187761623949552e-01
9369	2.122030682917136e-01	2.137962089502232e-01
9389	2.069731366304601e-01	2.089296130854039e-01
9411	1.964105067496745e-01	1.995262314968880e-01
9435	1.750524105324253e-01	1.778279410038923e-01
9461	1.327935840208205e-01	1.348962882591654e-01
9494	5.934635225013729e-02	6.025595860743578e-02
9534	1.901320602968515e-02	1.905460717963247e-02
9548	1.844682783505547e-02	1.862087136662868e-02
9549	1.789855545085672e-02	1.819700858609984e-02
9550	1.685753125979450e-02	1.698243652461744e-02
9551	1.500484115214673e-02	1.513561248436208e-02
9552	1.225787732753691e-02	1.230268770812382e-02
9553	1.066735623381276e-02	1.071519305237606e-02
9554	1.039309507991659e-02	1.047128548050900e-02
17629	6.047348957326726e-03	6.165950018614822e-03
17634	5.612921016032058e-03	5.623413251903491e-03
17639	4.639076721973390e-03	4.677351412871981e-03
17644	4.499565474388345e-03	4.570881896148752e-03
18188	4.465555938655497e-03	4.466835921509630e-03
18328	4.351103214976115e-03	4.365158322401661e-03
18402	4.242317209566804e-03	4.265795188015926e-03
18439	4.158149087205354e-03	4.168693834703355e-03
18515	3.972445184260098e-03	3.981071705534973e-03
18580	3.602756901183501e-03	3.630780547701014e-03
20149	3.538426841021569e-03	3.548133892335753e-03
20928	3.446247471745378e-03	3.467368504525317e-03
21000	3.337086420213242e-03	3.388441561392024e-03
21073	3.296900866003316e-03	3.311311214825911e-03
21084	3.230814751074562e-03	3.235936569296281e-03
56221	3.065986709190116e-03	3.090295432513592e-03
56297	2.894500720250548e-03	2.951209226666387e-03
56469	2.816784326892918e-03	2.818382931264455e-03
56532	2.745111557546975e-03	2.754228703338166e-03
56607	2.680723360826920e-03	2.691534803926917e-03
56735	2.627824274114010e-03	2.630267991895381e-03
57156	2.568671718720328e-03	2.570395782768865e-03
60043	2.511815376327831e-03	2.511886431509579e-03
81742	2.032854017058328e-03	2.041737944669530e-03
81760	1.989558752675147e-03	1.995262314968879e-03
81782	1.775873082938362e-03	1.778279410038923e-03
81801	1.729991919609319e-03	1.737800828749376e-03
81802	1.697514406861389e-03	1.698243652461744e-03
81841	1.657593389250756e-03	1.659586907437561e-03
81916	1.553398930408956e-03	1.584893192461114e-03
81942	1.546154291068524e-03	1.548816618912481e-03
172951	1.495233038026345e-03	1.513561248436209e-03
172952	1.098503303306186e-03	1.122018454301963e-03
172953	9.377386712380309e-04	9.549925860214359e-04
173358	7.412299390606725e-04	7.413102413009177e-04
173369	7.231046694311516e-04	7.244359600749898e-04
173399	7.006765185321173e-04	7.079457843841380e-04
173404	6.794124502699228e-04	6.918309709189362e-04
173909	6.759247552700076e-04	6.760829753919819e-04
173998	3.333499186061184e-04	3.388441561392024e-04
174012	3.299711573525599e-04	3.311311214825911e-04
174024	3.221617644860730e-04	3.235936569296281e-04
174070	2.981358380421684e-04	3.019951720402016e-04
174075	2.771358480658792e-04	2.818382931264455e-04
174090	2.747741236698298e-04	2.754228703338166e-04
174092	2.676651065645075e-04	2.691534803926917e-04
174093	2.550365973593705e-04	2.570395782768865e-04
174094	2.377211474675622e-04	2.398832919019490e-04
174102	2.337336911750754e-04	2.344228815319923e-04
176206	1.778281857192088e-04	1.819700858609983e-04
176211	1.778262310930812e-04	1.778279410038923e-04
176246	1.632100992724483e-04	1.659586907437562e-04
176261	1.618250089009399e-04	1.621810097358930e-04
176294	1.549865466397016e-04	1.584893192461114e-04
176323	1.396021635404754e-04	1.412537544622754e-04
176352	1.176843367216573e-04	1.202264434617413e-04
176374	1.164561942020859e-04	1.174897554939529e-04
176390	1.146949206388692e-04	1.148153621496883e-04
176428	1.065665757976619e-04	1.071519305237606e-04
176460	1.004108457656194e-04	1.023292992280754e-04
176488	9.495050727825749e-05	9.549925860214369e-05
176509	9.152395398892565e-05	9.332543007969905e-05
176523	9.103409086952396e-05	9.120108393559096e-05
176557	8.492069992260820e-05	8.511380382023759e-05
176576	8.198022372030156e-05	8.317637711026709e-05
176598	7.617320432951047e-05	7.762471166286911e-05
176620	7.129816696982427e-05	7.244359600749906e-05
176642	6.705786142890968e-05	6.760829753919819e-05
176662	6.527526030564168e-05	6.606934480075965e-05
176704	6.330923596031823e-05	6.456542290346549e-05
176725	6.140505373031235e-05	6.165950018614822e-05
176783	6.016034550360150e-05	6.025595860743581e-05
176810	5.852937003647529e-05	5.888436553555884e-05
176831	5.700234191896580e-05	5.754399373371566e-05
176852	5.549187401132638e-05	5.623413251903491e-05
176890	5.378928310106890e-05	5.495408738576248e-05
176909	5.230273050160772e-05	5.248074602497723e-05
176960	5.095781340391792e-05	5.128613839913648e-05
176979	4.965790622790678e-05	5.011872336272725e-05
176996	4.820968465368836e-05	4.897788193684466e-05
177021	4.692293505381695e-05	4.786300923226380e-05
177041	4.650203725820035e-05	4.677351412871981e-05
177090	4.466730325991541e-05	4.466835921509635e-05
177109	4.356865574606239e-05	4.365158322401657e-05
177128	4.235350304826468e-05	4.265795188015926e-05
177148	4.113170946951072e-05	4.168693834703355e-05
177167	4.002062726737865e-05	4.073802778041130e-05
177173	3.911954569202347e-05	3.981071705534969e-05
177214	3.875293201927033e-05	3.890451449942805e-05
177299	3.768773503787237e-05	3.801893963205612e-05
177346	3.711233224179544e-05	3.715352290971728e-05
177437	3.591812649517134e-05	3.630780547701010e-05
177493	3.534022907358825e-05	3.548133892335753e-05
177597	3.450573891050635e-05	3.467368504525317e-05
177635	3.374401650080294e-05	3.388441561392028e-05
177690	3.288684242985784e-05	3.311311214825908e-05
177726	3.213568987570081e-05	3.235936569296281e-05
177762	3.140524587763593e-05	3.162277660168380e-05
177797	3.067740702633603e-05	3.090295432513592e-05
177826	2.997065985221870e-05	3.019951720402019e-05
177861	2.928427916382148e-05	2.951209226666384e-05
177880	2.872057675018524e-05	2.884031503126606e-05
177914	2.804636720232789e-05	2.818382931264455e-05
177957	2.740758846109248e-05	2.754228703338169e-05
178013	2.666000498652288e-05	2.691534803926914e-05
178050	2.604730780175757e-05	2.630267991895381e-05
178079	2.543351148809325e-05	2.570395782768864e-05
178097	2.511475878086422e-05	2.511886431509582e-05
178137	2.452794224627741e-05	2.454708915685029e-05
178151	2.389773200961454e-05	2.398832919019490e-05
178202	2.339667953077385e-05	2.344228815319923e-05
178336	2.283164800398474e-05	2.290867652767775e-05
178456	2.234914980736580e-05	2.238721138568338e-05
178582	2.177292254423868e-05	2.187761623949552e-05
178701	2.131599133803341e-05	2.137962089502232e-05
178786	2.081671440001820e-05	2.089296130854041e-05
178824	2.034224385005778e-05	2.041737944669527e-05
178870	1.987513796541940e-05	1.995262314968879e-05
178897	1.941720951004200e-05	1.949844599758046e-05
178934	1.901678600702006e-05	1.905460717963248e-05
178939	1.858147443889457e-05	1.862087136662866e-05
179015	1.819436496608429e-05	1.819700858609983e-05
179061	1.774836203605190e-05	1.778279410038923e-05
179120	1.733648074286886e-05	1.737800828749376e-05
179167	1.695786322786219e-05	1.698243652461746e-05
179219	1.657838117652410e-05	1.659586907437560e-05
179241	1.619527212481930e-05	1.621810097358930e-05
179263	1.581780802983879e-05	1.584893192461114e-05
200000	1.561235130764782e-05	1.584893192461114e-05
%
% index = 453, name = bbob_f008_i09_d02__bbob_f015_i10_d02
% instance = 4, reference value = 9.529587804068000e-01
% function evaluation | indicator value | target hit
1	2.571157112045497e-01	2.630267991895382e-01
15	2.570261312274829e-01	2.570395782768864e-01
22	2.464522186834169e-01	2.511886431509580e-01
23	2.380402781735413e-01	2.398832919019490e-01
28	2.255057122190495e-01	2.290867652767773e-01
33	2.066100324581585e-01	2.089296130854039e-01
43	2.039822419370620e-01	2.041737944669530e-01
282	1.971882334865260e-01	1.995262314968880e-01
336	1.936915991832910e-01	1.949844599758045e-01
636	1.883549846153316e-01	1.905460717963247e-01
641	1.861471787991292e-01	1.862087136662867e-01
811	1.795012843437065e-01	1.819700858609984e-01
843	1.661621847867926e-01	1.698243652461744e-01
882	1.657660541416349e-01	1.659586907437560e-01
1465	1.608339418336608e-01	1.621810097358930e-01
1529	1.582855964326250e-01	1.584893192461113e-01
1537	1.543281734816860e-01	1.548816618912481e-01
2370	1.508495833618170e-01	1.513561248436208e-01
3370	1.466241204853769e-01	1.479108388168208e-01
3893	1.445022814487636e-01	1.445439770745928e-01
30496	1.301014613541190e-01	1.318256738556407e-01
30501	1.283218503997576e-01	1.288249551693134e-01
31113	1.258046766920150e-01	1.258925411794167e-01
31228	1.218252106105326e-01	1.230268770812381e-01
31250	1.200706418702486e-01	1.202264434617413e-01
31311	1.147142511468965e-01	1.148153621496883e-01
31312	1.096962796513763e-01	1.122018454301964e-01
31589	1.069214938084432e-01	1.071519305237607e-01
31811	1.047092627475172e-01	1.047128548050900e-01
32174	1.017433174608570e-01	1.023292992280754e-01
32230	9.992542148888728e-02	1.000000000000000e-01
32794	9.396760099948576e-02	9.549925860214359e-02
32799	8.652996222871356e-02	8.709635899560805e-02
32975	8.479760937550995e-02	8.511380382023763e-02
33318	8.236689752683968e-02	8.317637711026708e-02
33351	8.108853107219338e-02	8.128305161640990e-02
33410	7.927762422315188e-02	7.943282347242814e-02
33411	7.757828363435315e-02	7.762471166286916e-02
33412	6.889035501995000e-02	6.918309709189366e-02
33417	6.424808704588636e-02	6.456542290346556e-02
34244	6.287480521879629e-02	6.309573444801933e-02
34249	6.099634266879239e-02	6.165950018614822e-02
34254	5.963437529643245e-02	6.025595860743578e-02
34264	5.873131744725035e-02	5.888436553555890e-02
34573	5.727199781294168e-02	5.754399373371569e-02
37030	5.573730537672905e-02	5.623413251903491e-02
37367	5.489444620079986e-02	5.495408738576246e-02
37466	5.308948395456892e-02	5.370317963702527e-02
37467	5.239626576093659e-02	5.248074602497726e-02
38209	5.125467370028236e-02	5.128613839913648e-02
39929	4.990403444519986e-02	5.011872336272722e-02
42470	4.877558441269791e-02	4.897788193684462e-02
42551	4.785924500981709e-02	4.786300923226382e-02
71639	4.639266291168032e-02	4.677351412871981e-02
72042	4.516526088942352e-02	4.570881896148749e-02
72047	4.460723467468553e-02	4.466835921509630e-02
72208	4.349763034483867e-02	4.365158322401658e-02
72666	4.261386840713877e-02	4.265795188015926e-02
73950	4.162504261152888e-02	4.168693834703355e-02
74022	4.051376300484411e-02	4.073802778041128e-02
75249	3.955623154796462e-02	3.981071705534973e-02
75264	3.799303829308687e-02	3.801893963205612e-02
75269	3.678081490657181e-02	3.715352290971726e-02
76060	3.619955040082357e-02	3.630780547701014e-02
77455	3.547848636526751e-02	3.548133892335755e-02
80333	3.460406832852614e-02	3.467368504525317e-02
108041	3.338925666964998e-02	3.388441561392026e-02
108062	3.260035527588889e-02	3.311311214825911e-02
108063	3.137445230283242e-02	3.162277660168379e-02
108073	3.064438507746914e-02	3.090295432513590e-02
108208	3.012967431673674e-02	3.019951720402016e-02
109091	2.919052080247442e-02	2.951209226666385e-02
109101	2.883177964777883e-02	2.884031503126606e-02
109213	2.796602132416237e-02	2.818382931264454e-02
109235	2.690889611974745e-02	2.691534803926915e-02
109258	2.573087455765510e-02	2.630267991895381e-02
109305	2.569715219937174e-02	2.570395782768863e-02
110474	2.489788769497114e-02	2.511886431509579e-02
111813	2.428394288889402e-02	2.454708915685030e-02
115335	2.398003309420305e-02	2.398832919019490e-02
118111	2.343831290747489e-02	2.344228815319923e-02
141733	2.241974815714121e-02	2.290867652767773e-02
141750	2.237952656761844e-02	2.238721138568340e-02
153073	2.187732879662285e-02	2.187761623949553e-02
156435	2.137667773341712e-02	2.137962089502233e-02
170504	2.087222497534447e-02	2.089296130854040e-02
198962	2.020421520645921e-02	2.041737944669529e-02
199684	1.993256885539918e-02	1.995262314968880e-02
199685	1.949185691039124e-02	1.949844599758046e-02
199686	1.852962932217217e-02	1.862087136662868e-02
200000	1.846756914026670e-02	1.862087136662868e-02
%
% index = 454, name = bbob_f008_i11_d02__bbob_f015_i12_d02
% instance = 5, reference value = 9.899887279841810e-01
% function evaluation | indicator value | target hit
1	4.306896112630867e-01	4.365158322401660e-01
20	4.247622824070308e-01	4.265795188015927e-01
22	4.068226945663248e-01	4.073802778041127e-01
23	3.922610592910143e-01	3.981071705534972e-01
28	3.866300702324742e-01	3.890451449942806e-01
33	3.699673197218345e-01	3.715352290971726e-01
49	3.491006164069645e-01	3.548133892335755e-01
66	3.323659728940563e-01	3.388441561392025e-01
78	3.310592520828027e-01	3.311311214825911e-01
88	3.091873613346868e-01	3.162277660168379e-01
93	3.013254424445561e-01	3.019951720402016e-01
98	2.870972314612513e-01	2.884031503126606e-01
129	2.803987612031047e-01	2.818382931264454e-01
461	2.674111165375743e-01	2.691534803926916e-01
466	2.528223531716643e-01	2.570395782768864e-01
477	2.510521617493905e-01	2.511886431509580e-01
482	2.406505728675653e-01	2.454708915685030e-01
709	2.380218832520681e-01	2.398832919019490e-01
1131	2.301431291098769e-01	2.344228815319922e-01
1161	2.284750544646927e-01	2.290867652767773e-01
1193	2.214408144950898e-01	2.238721138568339e-01
1213	2.186434940745345e-01	2.187761623949552e-01
1224	2.085151940927947e-01	2.089296130854039e-01
1716	1.970867712030387e-01	1.995262314968880e-01
1721	1.939837914839335e-01	1.949844599758045e-01
1726	1.880013979608047e-01	1.905460717963247e-01
2302	1.858913929726154e-01	1.862087136662867e-01
2338	1.816913779552127e-01	1.819700858609984e-01
2368	1.765256124478563e-01	1.778279410038923e-01
2390	1.734698213118641e-01	1.737800828749375e-01
2401	1.696651166843329e-01	1.698243652461744e-01
2940	1.640161085911297e-01	1.659586907437560e-01
3620	1.621209674849672e-01	1.621810097358930e-01
3711	1.582273244560429e-01	1.584893192461113e-01
3982	1.539334991929665e-01	1.548816618912481e-01
4712	1.513005273282602e-01	1.513561248436208e-01
5853	1.476767325022101e-01	1.479108388168208e-01
31568	1.083793531427584e-01	1.096478196143185e-01
31584	1.063305615877919e-01	1.071519305237607e-01
31585	1.042732370985990e-01	1.047128548050900e-01
31586	1.001609803477455e-01	1.023292992280754e-01
31587	9.214624474785071e-02	9.332543007969910e-02
31588	7.852537675514903e-02	7.943282347242814e-02
31589	6.992519842264189e-02	7.079457843841380e-02
31595	6.585666850459204e-02	6.606934480075961e-02
31600	5.973377221186038e-02	6.025595860743578e-02
31625	5.837413053027918e-02	5.888436553555890e-02
32130	5.752384649467102e-02	5.754399373371569e-02
32145	5.589967783795169e-02	5.623413251903491e-02
32342	5.469351208693363e-02	5.495408738576246e-02
32386	5.349769023341633e-02	5.370317963702527e-02
33028	5.221512124575189e-02	5.248074602497726e-02
33515	5.097683493701155e-02	5.128613839913648e-02
46383	5.004098406751611e-02	5.011872336272722e-02
67354	4.883848794999479e-02	4.897788193684462e-02
67364	4.366356731144860e-02	4.466835921509630e-02
67369	4.205125860221459e-02	4.265795188015926e-02
67374	3.555826826242181e-02	3.630780547701014e-02
67384	3.541493639553905e-02	3.548133892335755e-02
67574	3.457130792807384e-02	3.467368504525317e-02
67651	3.367160106501155e-02	3.388441561392026e-02
67703	3.294454809946579e-02	3.311311214825911e-02
67849	3.235198341185586e-02	3.235936569296283e-02
67851	3.142658011987531e-02	3.162277660168379e-02
67955	3.076977986600471e-02	3.090295432513590e-02
68411	2.952079015344111e-02	3.019951720402016e-02
68416	2.742935790812806e-02	2.754228703338166e-02
68421	2.115760913311759e-02	2.137962089502233e-02
68591	2.072193450257154e-02	2.089296130854040e-02
68621	2.032800119470601e-02	2.041737944669529e-02
69114	1.980353126159606e-02	1.995262314968880e-02
69150	1.942457183642621e-02	1.949844599758046e-02
70058	1.901990193906433e-02	1.905460717963247e-02
70063	1.601116139271408e-02	1.621810097358930e-02
70073	1.343698468179289e-02	1.348962882591653e-02
71020	1.283419130334351e-02	1.288249551693134e-02
71238	1.027769945983459e-02	1.047128548050900e-02
71256	1.022139582494586e-02	1.023292992280754e-02
72293	9.477621352438792e-03	9.549925860214359e-03
72428	9.325826464132381e-03	9.332543007969915e-03
72472	9.051723212470386e-03	9.120108393559097e-03
72502	8.687552675983756e-03	8.709635899560805e-03
73259	8.333872010166332e-03	8.511380382023767e-03
73441	8.309816896093225e-03	8.317637711026709e-03
74796	8.069685985791719e-03	8.128305161640995e-03
77951	7.942689513575130e-03	7.943282347242814e-03
132859	7.743271039595268e-03	7.762471166286920e-03
132896	7.555089537412463e-03	7.585775750291836e-03
133046	7.412107172303450e-03	7.413102413009177e-03
171674	6.957830295294176e-03	7.079457843841380e-03
171679	6.899427419561954e-03	6.918309709189363e-03
173193	4.530085191502997e-03	4.570881896148752e-03
175049	4.442919358694675e-03	4.466835921509630e-03
175050	4.251951378530405e-03	4.265795188015926e-03
175051	3.985472977032778e-03	4.073802778041126e-03
175052	3.970715871252639e-03	3.981071705534973e-03
175122	3.884711161610155e-03	3.890451449942805e-03
176139	3.042528696107771e-03	3.090295432513592e-03
176349	2.882743193029835e-03	2.884031503126605e-03
176366	2.818259325878203e-03	2.818382931264455e-03
176369	2.753191456913773e-03	2.754228703338166e-03
176407	2.609448780144019e-03	2.630267991895381e-03
176425	2.558879230660671e-03	2.570395782768865e-03
177769	2.002806790591727e-03	2.041737944669530e-03
177785	1.991760791194119e-03	1.995262314968879e-03
178918	1.759514746105584e-03	1.778279410038923e-03
178973	1.735622520488089e-03	1.737800828749376e-03
178981	1.602458735695311e-03	1.621810097358930e-03
180433	1.584626528043587e-03	1.584893192461114e-03
182023	1.541110740102658e-03	1.548816618912481e-03
182314	1.513334074435324e-03	1.513561248436209e-03
183541	1.478861681899035e-03	1.479108388168207e-03
200000	1.464415306996147e-03	1.479108388168207e-03
%
% index = 455, name = bbob_f008_i13_d02__bbob_f015_i14_d02
% instance = 6, reference value = 9.933578572241120e-01
% function evaluation | indicator value | target hit
1	4.647411634062776e+00	4.677351412871983e+00
21	4.553916007986592e+00	4.570881896148751e+00
22	4.462624551086295e+00	4.466835921509632e+00
23	4.286556044725569e+00	4.365158322401660e+00
33	4.246713080064524e+00	4.265795188015927e+00
175	4.104443722306733e+00	4.168693834703354e+00
197	3.934682147747342e+00	3.981071705534972e+00
222	3.616890228945460e+00	3.630780547701014e+00
255	3.210163380960099e+00	3.235936569296283e+00
275	3.123475130957196e+00	3.162277660168380e+00
280	3.083636328405186e+00	3.090295432513591e+00
285	2.884135222793495e+00	2.951209226666386e+00
290	2.561403740245033e+00	2.570395782768863e+00
608	2.326152846253304e+00	2.344228815319922e+00
613	2.170238668852919e+00	2.187761623949553e+00
623	2.134954760957266e+00	2.137962089502232e+00
1198	2.060408794403571e+00	2.089296130854040e+00
1221	1.997281673524224e+00	2.041737944669529e+00
1247	1.891129953716173e+00	1.905460717963247e+00
1280	1.765598741256126e+00	1.778279410038923e+00
1305	1.727860729437438e+00	1.737800828749375e+00
1310	1.661567361942919e+00	1.698243652461744e+00
1315	1.567246287390565e+00	1.584893192461114e+00
1608	1.518692412718112e+00	1.548816618912481e+00
4510	1.437209002992612e+00	1.445439770745927e+00
4515	1.394853002363612e+00	1.412537544622754e+00
5195	1.363166241128612e+00	1.380384264602885e+00
6683	1.339758709932112e+00	1.348962882591654e+00
6688	1.213966283176112e+00	1.230268770812382e+00
8310	1.067864962637612e+00	1.071519305237606e+00
11271	9.882230799433001e-01	1.000000000000000e+00
11276	9.439289084161900e-01	9.549925860214360e-01
11996	9.180491049168380e-01	9.332543007969910e-01
16269	8.470823721715895e-01	8.511380382023764e-01
16274	8.060324931659754e-01	8.128305161640993e-01
16884	7.940220821434374e-01	7.943282347242815e-01
31338	5.162311906988979e-01	5.248074602497725e-01
31356	5.107819064185417e-01	5.128613839913648e-01
31358	4.931351623441470e-01	5.011872336272722e-01
31359	4.682294870007316e-01	4.786300923226383e-01
31360	4.334921127605295e-01	4.365158322401660e-01
31365	4.167819045664850e-01	4.168693834703354e-01
31370	3.868509528857121e-01	3.890451449942806e-01
31375	3.587377507286786e-01	3.630780547701014e-01
31380	3.098301738628758e-01	3.162277660168379e-01
31385	2.401623407443949e-01	2.454708915685030e-01
31390	2.220007910931424e-01	2.238721138568339e-01
31395	1.936032235183914e-01	1.949844599758045e-01
31400	1.847310740986615e-01	1.862087136662867e-01
31405	1.776291388815596e-01	1.778279410038923e-01
33385	1.735836635564743e-01	1.737800828749375e-01
33444	1.660519212664533e-01	1.698243652461744e-01
33445	1.644443952379516e-01	1.659586907437560e-01
57801	1.606012936179739e-01	1.621810097358930e-01
57821	1.572334876814455e-01	1.584893192461113e-01
57823	1.542390236459472e-01	1.548816618912481e-01
57999	1.494424339827086e-01	1.513561248436208e-01
58019	1.473756636620941e-01	1.479108388168208e-01
58020	1.443153144191294e-01	1.445439770745928e-01
58021	1.345550309041366e-01	1.348962882591654e-01
58199	1.079900440379751e-01	1.096478196143185e-01
58204	6.109501812930385e-02	6.165950018614822e-02
58209	4.441112767752775e-02	4.466835921509630e-02
59238	4.355141434258214e-02	4.365158322401658e-02
59323	4.248517085009285e-02	4.265795188015926e-02
59364	4.145824089010020e-02	4.168693834703355e-02
59407	3.982695942055037e-02	4.073802778041128e-02
59424	3.754347016399529e-02	3.801893963205612e-02
59463	3.566311731976446e-02	3.630780547701014e-02
59508	3.434897596547060e-02	3.467368504525317e-02
59534	3.384208125939403e-02	3.388441561392026e-02
59586	3.204128326478406e-02	3.235936569296283e-02
59690	3.146891764381299e-02	3.162277660168379e-02
59800	3.086677163355067e-02	3.090295432513590e-02
59857	3.005657102561488e-02	3.019951720402016e-02
68068	2.949219387737700e-02	2.951209226666385e-02
108711	2.884016072897810e-02	2.884031503126606e-02
137152	2.773035266147694e-02	2.818382931264454e-02
138827	2.749412350349378e-02	2.754228703338166e-02
183699	2.668752773588212e-02	2.691534803926915e-02
183730	2.552276638917306e-02	2.570395782768863e-02
185151	2.440398827664247e-02	2.454708915685030e-02
185186	2.353904304994625e-02	2.398832919019490e-02
185203	2.335034208723796e-02	2.344228815319923e-02
200000	2.331321314819479e-02	2.344228815319923e-02
%
% index = 456, name = bbob_f008_i15_d02__bbob_f015_i16_d02
% instance = 7, reference value = 9.747435973983610e-01
% function evaluation | indicator value | target hit
1	5.827850659518861e+00	5.888436553555890e+00
20	5.746459969791861e+00	5.754399373371569e+00
22	5.507086891477361e+00	5.623413251903491e+00
23	5.198937104452361e+00	5.248074602497725e+00
223	5.119035796666861e+00	5.128613839913648e+00
261	4.966657304846861e+00	5.011872336272722e+00
316	4.714434109893861e+00	4.786300923226384e+00
347	4.389830173746861e+00	4.466835921509632e+00
610	4.092774867164861e+00	4.168693834703354e+00
615	3.759892716784361e+00	3.801893963205611e+00
1154	3.707966980940361e+00	3.715352290971725e+00
1215	3.534037031643361e+00	3.548133892335755e+00
1238	3.342664739765361e+00	3.388441561392026e+00
1283	2.998929364168361e+00	3.019951720402016e+00
1517	2.872104807329361e+00	2.884031503126606e+00
1918	2.817317595284361e+00	2.818382931264454e+00
2043	2.692499058371361e+00	2.754228703338166e+00
2081	2.546470906270361e+00	2.570395782768863e+00
2121	2.369474128920361e+00	2.398832919019490e+00
2143	2.273934426131861e+00	2.290867652767773e+00
2515	2.118637275414861e+00	2.137962089502232e+00
2530	2.058292474810361e+00	2.089296130854040e+00
2918	2.037227105064861e+00	2.041737944669529e+00
2970	1.972675306360361e+00	1.995262314968880e+00
3003	1.879359398266861e+00	1.905460717963247e+00
3043	1.720097382534861e+00	1.737800828749375e+00
3063	1.696675316549361e+00	1.698243652461744e+00
3065	1.627479771666861e+00	1.659586907437561e+00
3070	1.522102988472861e+00	1.548816618912481e+00
4087	1.489832647323861e+00	1.513561248436208e+00
4097	1.434465380623361e+00	1.445439770745927e+00
4102	1.249439546001361e+00	1.258925411794167e+00
4107	1.217689416299861e+00	1.230268770812382e+00
4112	1.190892113360861e+00	1.202264434617413e+00
4532	1.173124908327861e+00	1.174897554939530e+00
4588	1.145314819607861e+00	1.148153621496883e+00
4612	1.113640513934861e+00	1.122018454301963e+00
4644	1.048531329535861e+00	1.071519305237606e+00
4684	9.640403563426158e-01	9.772372209558107e-01
4704	9.502016880323633e-01	9.549925860214360e-01
4706	9.054080211612752e-01	9.120108393559098e-01
5319	8.139634385490719e-01	8.317637711026710e-01
5324	8.083576866546633e-01	8.128305161640993e-01
5329	7.837994962113947e-01	7.943282347242815e-01
5334	7.227271260482812e-01	7.244359600749900e-01
5339	7.011513326741383e-01	7.079457843841379e-01
5842	6.915668694829690e-01	6.918309709189365e-01
5958	6.670616017944013e-01	6.760829753919817e-01
5992	6.355874545062423e-01	6.456542290346555e-01
6043	5.954241722804465e-01	6.025595860743578e-01
6101	5.693453666488406e-01	5.754399373371569e-01
6122	5.557293513655345e-01	5.623413251903491e-01
6873	5.126830615691963e-01	5.128613839913648e-01
6878	4.241938135789182e-01	4.265795188015927e-01
6884	4.105038665977468e-01	4.168693834703354e-01
6889	3.987991371493956e-01	4.073802778041127e-01
6894	3.853710097366795e-01	3.890451449942806e-01
6904	3.788512010817903e-01	3.801893963205612e-01
7529	3.707138601310508e-01	3.715352290971726e-01
7583	3.538381848373950e-01	3.548133892335755e-01
7617	3.366481525702543e-01	3.388441561392025e-01
7651	3.103016727837148e-01	3.162277660168379e-01
7671	3.078330629996546e-01	3.090295432513591e-01
7673	3.007652323014144e-01	3.019951720402016e-01
8492	2.814725181864530e-01	2.818382931264454e-01
8497	2.388831088933726e-01	2.398832919019490e-01
8502	2.292144436293480e-01	2.344228815319922e-01
8507	2.158476505762832e-01	2.187761623949552e-01
8663	2.129564763737113e-01	2.137962089502232e-01
8972	2.077195338051723e-01	2.089296130854039e-01
9019	1.984962238563729e-01	1.995262314968880e-01
9051	1.880227870522085e-01	1.905460717963247e-01
9091	1.717678538583481e-01	1.737800828749375e-01
9110	1.694279008540981e-01	1.698243652461744e-01
9131	1.433617138468078e-01	1.445439770745928e-01
9152	1.405768264399853e-01	1.412537544622754e-01
9153	1.379321641780958e-01	1.380384264602885e-01
9179	1.200718068110236e-01	1.202264434617413e-01
9199	1.164881764116057e-01	1.174897554939529e-01
9200	1.123897663945682e-01	1.148153621496883e-01
9201	1.001950829022460e-01	1.023292992280754e-01
9206	8.896939414001315e-02	8.912509381337455e-02
10355	8.509082414841895e-02	8.511380382023763e-02
10506	8.297081324696431e-02	8.317637711026708e-02
10785	8.015836488926287e-02	8.128305161640990e-02
10817	7.608251969229973e-02	7.762471166286916e-02
10857	7.265625138494236e-02	7.413102413009177e-02
10876	7.223312256851078e-02	7.244359600749903e-02
10908	7.063495829647848e-02	7.079457843841380e-02
11000	6.638352790144475e-02	6.760829753919818e-02
11001	6.050913078151665e-02	6.165950018614822e-02
11002	5.200540559275124e-02	5.248074602497726e-02
11008	5.098217086530732e-02	5.128613839913648e-02
11172	4.984105291411400e-02	5.011872336272722e-02
11433	4.884233448092368e-02	4.897788193684462e-02
11474	4.768332616612969e-02	4.786300923226382e-02
11498	4.624348151097091e-02	4.677351412871981e-02
11529	4.368124535499396e-02	4.466835921509630e-02
11561	3.942287294192914e-02	3.981071705534973e-02
11610	3.365937363439764e-02	3.388441561392026e-02
11650	2.890378074265776e-02	2.951209226666385e-02
11669	2.883838662207228e-02	2.884031503126606e-02
11696	2.509993802714938e-02	2.511886431509579e-02
11718	2.420361688535710e-02	2.454708915685030e-02
11723	2.229310984774358e-02	2.238721138568340e-02
15370	2.156488127046219e-02	2.187761623949553e-02
15375	1.917298300071046e-02	1.949844599758046e-02
15376	1.898862645973842e-02	1.905460717963247e-02
15546	1.856655855796763e-02	1.862087136662868e-02
15946	1.771677499198321e-02	1.778279410038923e-02
15966	1.737543165422328e-02	1.737800828749375e-02
15968	1.691825660983504e-02	1.698243652461744e-02
16465	1.651911061912381e-02	1.659586907437561e-02
28632	1.621796837939593e-02	1.621810097358930e-02
43468	1.212038340731791e-02	1.230268770812382e-02
50105	1.202208380537928e-02	1.202264434617413e-02
50831	1.169425117121170e-02	1.174897554939530e-02
50939	1.056613194334710e-02	1.071519305237606e-02
50940	9.292864513498200e-03	9.332543007969915e-03
50945	9.028811895855471e-03	9.120108393559097e-03
51298	8.894551530885364e-03	8.912509381337459e-03
51343	8.178649737247468e-03	8.317637711026709e-03
51348	7.971453327615285e-03	8.128305161640995e-03
51353	7.927913735843006e-03	7.943282347242814e-03
51358	7.755992233350439e-03	7.762471166286920e-03
51373	7.522263806623464e-03	7.585775750291836e-03
51403	7.393594912724288e-03	7.413102413009177e-03
51534	7.218630358120426e-03	7.244359600749898e-03
54893	6.797840095198793e-03	6.918309709189363e-03
54894	6.286814344155234e-03	6.309573444801930e-03
58427	5.833562519243496e-03	5.888436553555890e-03
58432	5.753587689896200e-03	5.754399373371567e-03
59939	5.469208217908750e-03	5.495408738576248e-03
60487	5.369421170923649e-03	5.370317963702527e-03
60609	5.211490697568877e-03	5.248074602497728e-03
60634	4.717289055095608e-03	4.786300923226385e-03
60666	4.286389906633770e-03	4.365158322401661e-03
60724	4.179288710668083e-03	4.265795188015926e-03
60739	4.167033875078885e-03	4.168693834703355e-03
61157	4.071096258681739e-03	4.073802778041126e-03
61265	3.158757334211226e-03	3.162277660168379e-03
63445	3.044927734139224e-03	3.090295432513592e-03
63873	3.008503000455520e-03	3.019951720402016e-03
63941	2.889181223467707e-03	2.951209226666387e-03
64028	2.877800611973957e-03	2.884031503126605e-03
64799	2.798040104458388e-03	2.818382931264455e-03
68614	2.670712927498431e-03	2.691534803926917e-03
70368	2.621001711683113e-03	2.630267991895381e-03
70408	2.526603480422884e-03	2.570395782768865e-03
70431	2.486597908313737e-03	2.511886431509579e-03
83028	2.425667862045899e-03	2.454708915685031e-03
83052	2.398014394655479e-03	2.398832919019490e-03
85503	2.297999050605681e-03	2.344228815319923e-03
85530	1.879214588083600e-03	1.905460717963246e-03
85566	1.605854337516255e-03	1.621810097358930e-03
85613	1.564611119110659e-03	1.584893192461114e-03
110700	1.518089120803756e-03	1.548816618912481e-03
110717	1.513507809065562e-03	1.513561248436209e-03
110812	1.426455951566652e-03	1.445439770745928e-03
110850	1.410056327772247e-03	1.412537544622754e-03
110919	1.376600319330179e-03	1.380384264602885e-03
110982	1.332364675238007e-03	1.348962882591653e-03
111014	1.314365453216282e-03	1.318256738556408e-03
111212	1.276822970104119e-03	1.288249551693134e-03
111325	1.258375415137625e-03	1.258925411794167e-03
111620	1.226417549426873e-03	1.230268770812381e-03
111836	1.200377053579671e-03	1.202264434617413e-03
112067	1.174038185250748e-03	1.174897554939529e-03
112412	1.146853152023897e-03	1.148153621496883e-03
112979	1.121986393624597e-03	1.122018454301963e-03
113671	1.095775009305577e-03	1.096478196143185e-03
114715	1.071307477809924e-03	1.071519305237606e-03
116425	1.046861449607972e-03	1.047128548050900e-03
119543	1.023232020435527e-03	1.023292992280754e-03
130710	9.999984448323396e-04	1.000000000000000e-03
157793	5.484842914251775e-04	5.495408738576248e-04
157828	1.346725899025181e-04	1.348962882591653e-04
157841	1.291869594973738e-04	1.318256738556407e-04
157842	1.239417212989258e-04	1.258925411794167e-04
157843	1.141841838392388e-04	1.148153621496883e-04
157844	9.768343083527142e-05	9.772372209558111e-05
157845	7.734705899087313e-05	7.762471166286911e-05
157846	6.560103043762311e-05	6.606934480075965e-05
157884	4.208540488959134e-05	4.265795188015926e-05
157949	4.165886588491929e-05	4.168693834703355e-05
159433	3.950081442083420e-05	3.981071705534969e-05
159458	2.859455571613267e-05	2.884031503126606e-05
159507	2.533503519197566e-05	2.570395782768864e-05
159530	2.185885270600263e-05	2.187761623949552e-05
159554	2.038960804784384e-05	2.041737944669527e-05
159644	1.947464269747012e-05	1.949844599758046e-05
159665	1.862045140199609e-05	1.862087136662866e-05
159686	1.790065078566272e-05	1.819700858609983e-05
159707	1.717583184546179e-05	1.737800828749376e-05
159729	1.664146943491929e-05	1.698243652461746e-05
159751	1.646750132577868e-05	1.659586907437560e-05
159839	1.618787955637302e-05	1.621810097358930e-05
159877	1.576047979767736e-05	1.584893192461114e-05
159916	1.536607839203175e-05	1.548816618912483e-05
159953	1.501585112417825e-05	1.513561248436207e-05
159992	1.471340801084686e-05	1.479108388168207e-05
160031	1.444520919025027e-05	1.445439770745928e-05
160134	1.411574913467994e-05	1.412537544622755e-05
160223	1.380340273804403e-05	1.380384264602884e-05
160342	1.345062248381268e-05	1.348962882591653e-05
160526	1.317531555267148e-05	1.318256738556407e-05
160682	1.287871225730264e-05	1.288249551693135e-05
200000	1.273196715734226e-05	1.288249551693135e-05
%
% index = 457, name = bbob_f008_i17_d02__bbob_f015_i18_d02
% instance = 8, reference value = 9.797798841414990e-01
% function evaluation | indicator value | target hit
1	4.056436559392284e+03	4.073802778041126e+03
22	3.913328432875295e+03	3.981071705534973e+03
23	3.774044746267014e+03	3.801893963205613e+03
28	3.617732351632789e+03	3.630780547701014e+03
38	3.512266776408022e+03	3.548133892335753e+03
43	3.423244114111679e+03	3.467368504525317e+03
48	3.354204061292319e+03	3.388441561392024e+03
53	3.268055268143654e+03	3.311311214825911e+03
58	3.064067950431667e+03	3.090295432513592e+03
63	2.817453428839759e+03	2.818382931264455e+03
73	2.720967539133014e+03	2.754228703338166e+03
78	2.652489146929872e+03	2.691534803926917e+03
83	2.500466033075925e+03	2.511886431509580e+03
88	2.288789498003580e+03	2.290867652767773e+03
98	2.237887865592939e+03	2.238721138568340e+03
277	2.164855158160089e+03	2.187761623949552e+03
310	2.094417007175487e+03	2.137962089502233e+03
544	2.058765270125787e+03	2.089296130854039e+03
545	1.972623401439448e+03	1.995262314968879e+03
555	1.793223827719482e+03	1.819700858609983e+03
560	1.774489057483273e+03	1.778279410038923e+03
1023	1.730105878109922e+03	1.737800828749376e+03
1081	1.647988444696961e+03	1.659586907437561e+03
1103	1.597051002544525e+03	1.621810097358930e+03
1164	1.570743621783543e+03	1.584893192461114e+03
1374	1.502544365954692e+03	1.513561248436209e+03
1384	1.356281944801159e+03	1.380384264602885e+03
1389	1.330702166819936e+03	1.348962882591653e+03
1394	1.304801587618241e+03	1.318256738556408e+03
1399	1.279023726348516e+03	1.288249551693134e+03
1782	1.255848336177305e+03	1.258925411794168e+03
1851	1.194035828702883e+03	1.202264434617413e+03
1892	1.159023409521062e+03	1.174897554939529e+03
1913	1.146698640194043e+03	1.148153621496883e+03
1914	1.118813934444166e+03	1.122018454301963e+03
2109	1.068954567603556e+03	1.071519305237606e+03
2119	9.553779669642489e+02	9.772372209558112e+02
2124	9.259322180039434e+02	9.332543007969915e+02
2134	9.116365980877712e+02	9.120108393559096e+02
2706	8.843040855395440e+02	8.912509381337459e+02
2745	8.565834146302399e+02	8.709635899560806e+02
2790	8.303573254648735e+02	8.317637711026708e+02
2811	8.016814154620283e+02	8.128305161640995e+02
2812	7.738063373963589e+02	7.762471166286920e+02
3162	7.455044879501668e+02	7.585775750291835e+02
3172	6.585965713843990e+02	6.606934480075957e+02
3182	6.404283915453341e+02	6.456542290346556e+02
3192	6.280440278063434e+02	6.309573444801930e+02
3207	6.127298145079855e+02	6.165950018614822e+02
3635	5.971224101697574e+02	6.025595860743575e+02
3657	5.838173988939258e+02	5.888436553555890e+02
3680	5.578518765722055e+02	5.623413251903490e+02
3699	5.495211842497929e+02	5.495408738576248e+02
3701	5.250782541094085e+02	5.370317963702527e+02
3702	4.937446871076106e+02	5.011872336272725e+02
3854	4.395434496163815e+02	4.466835921509630e+02
3859	4.330312840545118e+02	4.365158322401661e+02
3864	4.221956910100009e+02	4.265795188015925e+02
12289	4.145913674577659e+02	4.168693834703355e+02
12392	4.070970021116849e+02	4.073802778041126e+02
12423	3.977075687588213e+02	3.981071705534973e+02
12468	3.870856166948410e+02	3.890451449942805e+02
12618	3.799227307784632e+02	3.801893963205613e+02
13028	3.671981719680156e+02	3.715352290971724e+02
13029	3.551380929038534e+02	3.630780547701014e+02
13098	3.543821831303058e+02	3.548133892335753e+02
13404	3.316586168037121e+02	3.388441561392024e+02
13409	3.307848336944792e+02	3.311311214825911e+02
13414	2.843398891797910e+02	2.884031503126606e+02
13419	2.816083275758294e+02	2.818382931264455e+02
13424	2.683234987813769e+02	2.691534803926917e+02
13825	2.597559285726815e+02	2.630267991895382e+02
13857	2.523423928089069e+02	2.570395782768865e+02
13901	2.420437837454611e+02	2.454708915685031e+02
14075	2.331676417416793e+02	2.344228815319923e+02
14076	2.162360063483237e+02	2.187761623949552e+02
14086	1.815007747695902e+02	1.819700858609983e+02
14096	1.730622257485526e+02	1.737800828749376e+02
14101	1.664261363697609e+02	1.698243652461744e+02
14106	1.620887762392193e+02	1.621810097358930e+02
14534	1.583626818462037e+02	1.584893192461114e+02
14586	1.508031983824054e+02	1.513561248436209e+02
14606	1.451231115718502e+02	1.479108388168207e+02
14607	1.396048485110677e+02	1.412537544622754e+02
14858	1.271433328236892e+02	1.288249551693134e+02
14868	1.033553621841020e+02	1.047128548050900e+02
14873	1.017629311568665e+02	1.023292992280754e+02
15583	9.921285070879969e+01	1.000000000000000e+02
15607	9.746852314585855e+01	9.772372209558107e+01
15643	9.416719128742096e+01	9.549925860214358e+01
15819	9.252313997779888e+01	9.332543007969910e+01
15820	8.814078642031258e+01	8.912509381337455e+01
15821	7.983006042223106e+01	8.128305161640991e+01
15826	7.932565261826272e+01	7.943282347242814e+01
15831	6.281139190918542e+01	6.309573444801933e+01
15836	6.149779778472673e+01	6.165950018614822e+01
15841	5.910608028214552e+01	6.025595860743578e+01
15846	5.718344743142760e+01	5.754399373371569e+01
15851	5.470739020866482e+01	5.495408738576246e+01
16315	5.327004246047422e+01	5.370317963702527e+01
16345	5.179204442738143e+01	5.248074602497726e+01
16377	4.863181118139416e+01	4.897788193684461e+01
16423	4.535040486599435e+01	4.570881896148749e+01
16443	4.452243022973779e+01	4.466835921509630e+01
16445	4.212226373345268e+01	4.265795188015925e+01
17580	3.628084215032786e+01	3.630780547701014e+01
17585	2.683359398672960e+01	2.691534803926915e+01
17590	2.604255127034873e+01	2.630267991895381e+01
17595	2.335388864758494e+01	2.344228815319923e+01
17600	2.225788415131649e+01	2.238721138568340e+01
17605	2.128070706094922e+01	2.137962089502232e+01
17610	1.706045210899232e+01	1.737800828749375e+01
17615	1.138533138879462e+01	1.148153621496883e+01
17620	1.105475511441888e+01	1.122018454301964e+01
17625	1.028869237615736e+01	1.047128548050900e+01
17630	1.017140548471111e+01	1.023292992280754e+01
18303	9.962602481318582e+00	1.000000000000000e+01
18326	9.758723235986247e+00	9.772372209558107e+00
18351	9.367532431760125e+00	9.549925860214358e+00
18383	8.667143431948938e+00	8.709635899560805e+00
18428	7.914816384096910e+00	7.943282347242816e+00
18450	7.523549302253883e+00	7.585775750291837e+00
18590	6.750454466360510e+00	6.760829753919817e+00
18591	5.229817970881927e+00	5.248074602497725e+00
18601	2.657315510086405e+00	2.691534803926916e+00
18606	2.553574946965467e+00	2.570395782768863e+00
18611	2.464286464348424e+00	2.511886431509580e+00
19062	2.453956800164418e+00	2.454708915685031e+00
19120	2.383274861013448e+00	2.398832919019490e+00
19143	2.305738573681225e+00	2.344228815319922e+00
19168	2.161753575373358e+00	2.187761623949553e+00
19200	1.918488638666974e+00	1.949844599758045e+00
19244	1.638852237421836e+00	1.659586907437561e+00
19265	1.492404402936471e+00	1.513561248436208e+00
19266	1.283426332954395e+00	1.288249551693134e+00
19459	1.062363210090499e+00	1.071519305237606e+00
19469	9.870290831764988e-01	1.000000000000000e+00
22359	9.767958960250742e-01	9.772372209558107e-01
22431	9.479686420934553e-01	9.549925860214360e-01
22454	9.287800153568488e-01	9.332543007969910e-01
22796	8.450863066524936e-01	8.511380382023764e-01
22801	7.141610887750451e-01	7.244359600749900e-01
22806	5.222039845849497e-01	5.248074602497725e-01
22811	4.459623782416356e-01	4.466835921509631e-01
22816	3.538772222613056e-01	3.548133892335755e-01
22821	3.287852833902347e-01	3.311311214825911e-01
22826	3.126883421732946e-01	3.162277660168379e-01
22831	3.083993054149773e-01	3.090295432513591e-01
22939	3.003380594134115e-01	3.019951720402016e-01
22958	2.950834122655827e-01	2.951209226666385e-01
22979	2.852272881212544e-01	2.884031503126606e-01
23003	2.680326828061212e-01	2.691534803926916e-01
23034	2.431794936316927e-01	2.454708915685030e-01
23078	2.123980667234016e-01	2.137962089502232e-01
23097	2.083892105608333e-01	2.089296130854039e-01
23099	1.951348165243224e-01	1.995262314968880e-01
23100	1.815011904403336e-01	1.819700858609984e-01
23494	1.743892026977977e-01	1.778279410038923e-01
23514	1.737696439133328e-01	1.737800828749375e-01
23654	1.682564462991191e-01	1.698243652461744e-01
24278	1.658942916281473e-01	1.659586907437560e-01
25587	1.608423600645579e-01	1.621810097358930e-01
25617	1.511196846115824e-01	1.513561248436208e-01
25661	1.176795914068899e-01	1.202264434617413e-01
25675	1.173025278002855e-01	1.174897554939529e-01
25678	1.147440070226337e-01	1.148153621496883e-01
25679	1.120039364217335e-01	1.122018454301964e-01
25680	1.071802003810857e-01	1.096478196143185e-01
25681	1.006695816356956e-01	1.023292992280754e-01
25682	9.819878907430268e-02	1.000000000000000e-01
25692	9.644168509315476e-02	9.772372209558107e-02
25797	9.539723642413900e-02	9.549925860214359e-02
29553	9.244620562713002e-02	9.332543007969910e-02
29582	9.098168924843508e-02	9.120108393559097e-02
34061	8.389009154101779e-02	8.511380382023763e-02
34066	8.290375791457849e-02	8.317637711026708e-02
35389	7.712482980784507e-02	7.762471166286916e-02
35409	7.559910089534017e-02	7.585775750291836e-02
35536	7.112922307928016e-02	7.244359600749903e-02
35568	4.003556658335217e-02	4.073802778041128e-02
35584	3.980017493929788e-02	3.981071705534973e-02
35609	2.860403475728934e-02	2.884031503126606e-02
35625	2.809482788687467e-02	2.818382931264454e-02
35627	2.703357512793025e-02	2.754228703338166e-02
35628	2.666959037203853e-02	2.691534803926915e-02
35652	2.527219547155513e-02	2.570395782768863e-02
35668	2.500249789319819e-02	2.511886431509579e-02
35699	2.441882703058162e-02	2.454708915685030e-02
36114	2.039249459115633e-02	2.041737944669529e-02
39380	1.991224296363059e-02	1.995262314968880e-02
39606	4.816158708392471e-03	4.897788193684461e-03
39618	4.766587756915630e-03	4.786300923226385e-03
39620	4.621624601738317e-03	4.677351412871981e-03
39621	4.437089360126545e-03	4.466835921509630e-03
39622	4.098010225317417e-03	4.168693834703355e-03
39623	3.539736146077832e-03	3.548133892335753e-03
39624	2.901412821293192e-03	2.951209226666387e-03
39625	2.881294687200220e-03	2.884031503126605e-03
39665	2.552137983109937e-03	2.570395782768865e-03
39680	2.488483375758799e-03	2.511886431509579e-03
39681	2.450426110824577e-03	2.454708915685031e-03
39996	2.382375124649450e-03	2.398832919019490e-03
40016	2.312714839957652e-03	2.344228815319923e-03
40040	2.212160052137091e-03	2.238721138568340e-03
40071	2.179211644601664e-03	2.187761623949552e-03
99954	2.116599951249465e-03	2.137962089502233e-03
100027	2.072407827213185e-03	2.089296130854039e-03
100107	2.032355328208557e-03	2.041737944669530e-03
100167	1.994602687328761e-03	1.995262314968879e-03
100373	1.949489673690352e-03	1.949844599758046e-03
100761	1.903802742143523e-03	1.905460717963246e-03
102277	1.862010402936543e-03	1.862087136662868e-03
122293	1.023656306681442e-03	1.047128548050900e-03
122301	1.023277934782851e-03	1.023292992280754e-03
122307	9.996030895951247e-04	1.000000000000000e-03
122308	9.759789009829989e-04	9.772372209558111e-04
122309	9.306137652640434e-04	9.332543007969915e-04
122310	8.514636345687832e-04	8.709635899560805e-04
122311	7.664352174444611e-04	7.762471166286919e-04
122312	6.865946618405117e-04	6.918309709189362e-04
122358	6.506184296707351e-04	6.606934480075957e-04
122363	6.380924175081182e-04	6.456542290346556e-04
122368	6.142838395012395e-04	6.165950018614823e-04
122369	5.597233352521158e-04	5.623413251903491e-04
122462	5.495093600097478e-04	5.495408738576248e-04
122692	4.140842315721871e-04	4.168693834703355e-04
122707	4.042185100138207e-04	4.073802778041126e-04
122708	3.960397659843462e-04	3.981071705534974e-04
122709	3.852595163991168e-04	3.890451449942805e-04
122710	3.711728616869747e-04	3.715352290971724e-04
122766	2.696254465039960e-04	2.754228703338166e-04
122779	2.688649868003434e-04	2.691534803926917e-04
122787	2.624475818552297e-04	2.630267991895381e-04
122810	2.392448055464902e-04	2.398832919019490e-04
122844	2.328506889954784e-04	2.344228815319923e-04
122874	2.167603110466709e-04	2.187761623949552e-04
122906	1.784354785078213e-04	1.819700858609983e-04
122919	1.776899354967165e-04	1.778279410038923e-04
122922	1.722703955819860e-04	1.737800828749376e-04
122923	1.688384840976553e-04	1.698243652461744e-04
122931	1.658097775728562e-04	1.659586907437562e-04
122973	1.377011057408506e-04	1.380384264602885e-04
123013	1.203289630105076e-04	1.230268770812381e-04
123042	1.149507095888902e-04	1.174897554939529e-04
123071	1.083891288647942e-04	1.096478196143185e-04
123087	1.063740378111078e-04	1.071519305237606e-04
123088	1.043093612113077e-04	1.047128548050900e-04
123122	9.624307619227057e-05	9.772372209558111e-05
123152	8.556276200910595e-05	8.709635899560814e-05
123187	7.888309936243676e-05	7.943282347242822e-05
123224	7.348260003448015e-05	7.413102413009176e-05
123240	7.244146970619703e-05	7.244359600749906e-05
123280	6.701830867483771e-05	6.760829753919819e-05
123300	6.305840163889354e-05	6.309573444801929e-05
123333	6.036841015411021e-05	6.165950018614822e-05
123355	5.779834440833298e-05	5.888436553555884e-05
123384	5.688865694308820e-05	5.754399373371566e-05
123400	5.556158716424342e-05	5.623413251903491e-05
123435	5.213528814984603e-05	5.248074602497723e-05
123457	4.971579277390781e-05	5.011872336272725e-05
123480	4.711166182458371e-05	4.786300923226380e-05
123509	4.531472362201416e-05	4.570881896148752e-05
123537	4.382850735973332e-05	4.466835921509635e-05
123552	4.360519800383766e-05	4.365158322401657e-05
123580	4.262358300222147e-05	4.265795188015926e-05
123610	4.115098415058416e-05	4.168693834703355e-05
123639	3.976781533543416e-05	3.981071705534969e-05
123703	3.698595677736893e-05	3.715352290971728e-05
123787	3.491413324108184e-05	3.548133892335753e-05
123804	3.375295247098897e-05	3.388441561392028e-05
123823	3.286707226790586e-05	3.311311214825908e-05
123904	3.158506841827169e-05	3.162277660168380e-05
123924	3.069994291848843e-05	3.090295432513592e-05
123958	2.989040090783934e-05	3.019951720402019e-05
123979	2.917515286049444e-05	2.951209226666384e-05
123999	2.843889580661507e-05	2.884031503126606e-05
124019	2.781877013458001e-05	2.818382931264455e-05
124040	2.740669820067154e-05	2.754228703338169e-05
124090	2.645849582039173e-05	2.691534803926914e-05
124112	2.577576012274818e-05	2.630267991895381e-05
124133	2.516021720999628e-05	2.570395782768864e-05
124154	2.450526315123103e-05	2.454708915685029e-05
124210	2.387551983784597e-05	2.398832919019490e-05
124261	2.302448763602527e-05	2.344228815319923e-05
124281	2.254851086480603e-05	2.290867652767775e-05
124302	2.201020312320168e-05	2.238721138568338e-05
124322	2.151535681504946e-05	2.187761623949552e-05
124377	2.137602304319586e-05	2.137962089502232e-05
124448	2.050602463266049e-05	2.089296130854041e-05
124506	2.040107793821466e-05	2.041737944669527e-05
124594	1.965849270413322e-05	1.995262314968879e-05
124600	1.932855880382167e-05	1.949844599758046e-05
124666	1.893652023954306e-05	1.905460717963248e-05
124700	1.837690163808414e-05	1.862087136662866e-05
124728	1.807439429168944e-05	1.819700858609983e-05
124773	1.754500454331787e-05	1.778279410038923e-05
124790	1.730885048289998e-05	1.737800828749376e-05
124890	1.678024195073125e-05	1.698243652461746e-05
124923	1.653476334784187e-05	1.659586907437560e-05
124964	1.617242036067168e-05	1.621810097358930e-05
125001	1.577550130904548e-05	1.584893192461114e-05
125036	1.538496391262356e-05	1.548816618912483e-05
125072	1.503066227959149e-05	1.513561248436207e-05
125161	1.463953443370247e-05	1.479108388168207e-05
125199	1.441683157898943e-05	1.445439770745928e-05
125237	1.407567890387984e-05	1.412537544622755e-05
125276	1.373963408124457e-05	1.380384264602884e-05
125328	1.339850432346967e-05	1.348962882591653e-05
125394	1.304989884653995e-05	1.318256738556407e-05
125431	1.278556636163941e-05	1.288249551693135e-05
125467	1.251702036342284e-05	1.258925411794166e-05
125503	1.224496782781248e-05	1.230268770812381e-05
125541	1.201289011332207e-05	1.202264434617413e-05
125610	1.169562801772717e-05	1.174897554939530e-05
125648	1.146856164857546e-05	1.148153621496882e-05
125707	1.112674767600463e-05	1.122018454301963e-05
125754	1.091197605795902e-05	1.096478196143185e-05
125814	1.071034220689882e-05	1.071519305237607e-05
125875	1.045556461276576e-05	1.047128548050899e-05
125927	1.018982222178444e-05	1.023292992280754e-05
125949	9.942553483632821e-06	1.000000000000000e-05
200000	9.863015696720545e-06	1.000000000000000e-05
%
% index = 458, name = bbob_f008_i19_d02__bbob_f015_i21_d02
% instance = 9, reference value = 9.755107697840630e-01
% function evaluation | indicator value | target hit
1	2.356864426172435e+01	2.398832919019490e+01
19	2.340756853893687e+01	2.344228815319923e+01
22	2.230298191897256e+01	2.238721138568340e+01
23	2.108888790468556e+01	2.137962089502232e+01
28	2.058300367785356e+01	2.089296130854040e+01
33	1.798349308906006e+01	1.819700858609983e+01
53	1.730495382231256e+01	1.737800828749375e+01
58	1.666249242525406e+01	1.698243652461744e+01
63	1.603107407832956e+01	1.621810097358930e+01
68	1.570857384808406e+01	1.584893192461113e+01
73	1.544112518202706e+01	1.548816618912481e+01
222	1.504240526800306e+01	1.513561248436208e+01
247	1.465666054567656e+01	1.479108388168207e+01
279	1.392161184512106e+01	1.412537544622754e+01
433	1.357267719778506e+01	1.380384264602885e+01
434	1.265939019414156e+01	1.288249551693134e+01
444	1.081645142966606e+01	1.096478196143185e+01
454	1.070798076220856e+01	1.071519305237607e+01
953	1.040873438836356e+01	1.047128548050900e+01
980	1.011237610976956e+01	1.023292992280754e+01
1014	9.720844010217562e+00	9.772372209558107e+00
1033	9.541142923358564e+00	9.549925860214358e+00
1035	9.017617975384564e+00	9.120108393559097e+00
1036	8.354953210063062e+00	8.511380382023766e+00
1240	7.944994435543562e+00	8.128305161640993e+00
1245	7.932470774650563e+00	7.943282347242816e+00
1668	7.659901709013063e+00	7.762471166286917e+00
1700	7.466965960686563e+00	7.585775750291837e+00
1739	7.330277875958063e+00	7.413102413009175e+00
1778	7.215936855045562e+00	7.244359600749901e+00
1799	6.984854213855563e+00	7.079457843841379e+00
1949	6.723204165947063e+00	6.760829753919817e+00
1950	6.196593717162563e+00	6.309573444801933e+00
1960	6.165282334443563e+00	6.165950018614822e+00
2486	5.966883679335563e+00	6.025595860743578e+00
2512	5.818414618268063e+00	5.888436553555890e+00
2546	5.530056643240563e+00	5.623413251903491e+00
2567	5.486142441099563e+00	5.495408738576246e+00
2719	5.368578143971063e+00	5.370317963702527e+00
2725	5.145568311315063e+00	5.248074602497725e+00
2726	4.926483781717063e+00	5.011872336272722e+00
2868	4.561626385240563e+00	4.570881896148751e+00
2878	4.327428853409063e+00	4.365158322401660e+00
3275	4.261333464214563e+00	4.265795188015927e+00
3319	4.162896425302063e+00	4.168693834703354e+00
3345	4.030025873811563e+00	4.073802778041127e+00
3378	3.759879410631563e+00	3.801893963205611e+00
3418	3.460405508280063e+00	3.467368504525317e+00
3469	3.133386199009563e+00	3.162277660168380e+00
3647	2.805930386819063e+00	2.818382931264454e+00
3657	2.245229436433563e+00	2.290867652767773e+00
3662	2.231039768933063e+00	2.238721138568339e+00
4092	2.183275598598063e+00	2.187761623949553e+00
4147	2.117714610619063e+00	2.137962089502232e+00
4180	2.063897223134563e+00	2.089296130854040e+00
4218	1.990097478448563e+00	1.995262314968880e+00
4256	1.858655472493563e+00	1.862087136662868e+00
4445	1.763353630981063e+00	1.778279410038923e+00
4446	1.580008949802063e+00	1.584893192461114e+00
4456	1.378602666954063e+00	1.380384264602885e+00
4952	1.343900644772063e+00	1.348962882591654e+00
5005	1.316707501341563e+00	1.318256738556407e+00
5049	1.284950809584563e+00	1.288249551693134e+00
11108	1.239534778571063e+00	1.258925411794167e+00
12815	1.220237273322063e+00	1.230268770812382e+00
12846	1.192609219843063e+00	1.202264434617413e+00
12891	1.146743862744063e+00	1.148153621496883e+00
12948	1.093517462900563e+00	1.096478196143185e+00
12970	1.051134298326563e+00	1.071519305237606e+00
12975	1.011976972887063e+00	1.023292992280754e+00
13565	9.452115018324045e-01	9.549925860214360e-01
13570	8.119137428475030e-01	8.128305161640993e-01
13580	7.799064207793518e-01	7.943282347242815e-01
13585	7.440804952466779e-01	7.585775750291838e-01
13590	7.380335633730343e-01	7.413102413009175e-01
14711	7.212631483138872e-01	7.244359600749900e-01
14734	7.057770076001424e-01	7.079457843841379e-01
14772	6.899326778283130e-01	6.918309709189365e-01
15247	6.573292091493929e-01	6.606934480075960e-01
15252	5.447539789856544e-01	5.495408738576245e-01
15257	3.905391744455332e-01	3.981071705534972e-01
15262	3.852587453265769e-01	3.890451449942806e-01
15267	3.771304160200629e-01	3.801893963205612e-01
15272	3.673138826947693e-01	3.715352290971726e-01
15277	3.596811322830880e-01	3.630780547701014e-01
17582	3.544515698621453e-01	3.548133892335755e-01
20690	3.435398666903310e-01	3.467368504525316e-01
20713	3.354861832950891e-01	3.388441561392025e-01
20737	3.203019603816951e-01	3.235936569296283e-01
20769	2.959795047067151e-01	3.019951720402016e-01
20790	2.944790403848235e-01	2.951209226666385e-01
21906	2.854040631395240e-01	2.884031503126606e-01
21942	2.757864950660391e-01	2.818382931264454e-01
21961	2.752121073856448e-01	2.754228703338166e-01
21979	2.650790984616608e-01	2.691534803926916e-01
22036	2.623947814354350e-01	2.630267991895382e-01
22439	2.563370235452995e-01	2.570395782768864e-01
22472	2.362272632249540e-01	2.398832919019490e-01
22494	2.332615510718513e-01	2.344228815319922e-01
22554	2.290690455369865e-01	2.290867652767773e-01
23448	2.151830304470660e-01	2.187761623949552e-01
23453	1.577261027292804e-01	1.584893192461113e-01
23463	1.525382532287332e-01	1.548816618912481e-01
23468	1.496653187665619e-01	1.513561248436208e-01
25010	1.464157323576972e-01	1.479108388168208e-01
25034	1.433894848915729e-01	1.445439770745928e-01
25060	1.377910336258105e-01	1.380384264602885e-01
25092	1.280211359887048e-01	1.288249551693134e-01
25117	1.110635126786184e-01	1.122018454301964e-01
25157	9.422077949108698e-02	9.549925860214359e-02
25177	9.330269043715633e-02	9.332543007969910e-02
25203	8.595688725717943e-02	8.709635899560805e-02
25225	8.505804579628540e-02	8.511380382023763e-02
27130	8.302295745163712e-02	8.317637711026708e-02
27150	8.092347146002965e-02	8.128305161640990e-02
27181	7.119287681370001e-02	7.244359600749903e-02
27221	6.179819285392918e-02	6.309573444801933e-02
27239	6.152346268170628e-02	6.165950018614822e-02
27242	5.902374445943148e-02	6.025595860743578e-02
27243	5.352658925793996e-02	5.370317963702527e-02
27248	4.121745033299051e-02	4.168693834703355e-02
28529	3.522663936304227e-02	3.548133892335755e-02
28540	3.443872204228338e-02	3.467368504525317e-02
28545	3.312621365832691e-02	3.388441561392026e-02
28546	3.308726122119265e-02	3.311311214825911e-02
28635	3.235628977446214e-02	3.235936569296283e-02
28681	3.057208494602914e-02	3.090295432513590e-02
28712	2.832752719654574e-02	2.884031503126606e-02
28749	2.597662583941518e-02	2.630267991895381e-02
28793	2.463832531947541e-02	2.511886431509579e-02
28841	2.415798948835135e-02	2.454708915685030e-02
29228	2.390064534818592e-02	2.398832919019490e-02
29264	2.328303225160866e-02	2.344228815319923e-02
29283	2.268837543356084e-02	2.290867652767773e-02
29314	2.181295879850387e-02	2.187761623949553e-02
29348	2.136555160981168e-02	2.137962089502233e-02
29588	1.895434062457158e-02	1.905460717963247e-02
29605	1.848591351501694e-02	1.862087136662868e-02
29656	1.802649223848629e-02	1.819700858609984e-02
29661	1.722260804248132e-02	1.737800828749375e-02
30464	1.687622067422534e-02	1.698243652461744e-02
31124	1.646339949176689e-02	1.659586907437561e-02
31160	1.614144808582052e-02	1.621810097358930e-02
31229	1.575213786918805e-02	1.584893192461113e-02
31275	1.542370123104209e-02	1.548816618912481e-02
31277	1.506144793343578e-02	1.513561248436208e-02
31321	1.474770786452462e-02	1.479108388168207e-02
88689	1.353584428979149e-02	1.380384264602885e-02
88694	1.293268704349027e-02	1.318256738556407e-02
88699	9.270105594692324e-03	9.332543007969915e-03
89733	9.094742362695030e-03	9.120108393559097e-03
89775	8.840265968546257e-03	8.912509381337459e-03
89799	8.551089283606372e-03	8.709635899560805e-03
89830	8.432485728013805e-03	8.511380382023767e-03
89928	7.646259257142352e-03	7.762471166286920e-03
89929	4.782986369920694e-03	4.786300923226385e-03
89934	3.645607454443200e-03	3.715352290971724e-03
90583	3.066027557401041e-03	3.090295432513592e-03
90588	2.984132439045384e-03	3.019951720402016e-03
90672	2.876648006070792e-03	2.884031503126605e-03
90692	2.703755109902839e-03	2.754228703338166e-03
90714	2.521595344970873e-03	2.570395782768865e-03
90754	2.510289374782149e-03	2.511886431509579e-03
90980	2.424020591592857e-03	2.454708915685031e-03
91008	2.140549237627964e-03	2.187761623949552e-03
91028	1.760203969514595e-03	1.778279410038923e-03
91672	1.728510430827002e-03	1.737800828749376e-03
92127	1.427770195997713e-03	1.445439770745928e-03
92149	1.410478930676251e-03	1.412537544622754e-03
92198	1.380289068004248e-03	1.380384264602885e-03
103689	1.328448355632172e-03	1.348962882591653e-03
103710	1.201051008139609e-03	1.202264434617413e-03
103740	1.127949998987465e-03	1.148153621496883e-03
103773	1.118228354355044e-03	1.122018454301963e-03
104305	1.095838085738765e-03	1.096478196143185e-03
104308	1.053318256509894e-03	1.071519305237606e-03
104318	1.044444215559270e-03	1.047128548050900e-03
104518	1.017945914602136e-03	1.023292992280754e-03
104589	9.841181348853034e-04	1.000000000000000e-03
104626	9.545598406449640e-04	9.549925860214359e-04
104648	9.197984632628442e-04	9.332543007969915e-04
104693	8.979911637279070e-04	9.120108393559096e-04
104737	8.875220037170006e-04	8.912509381337459e-04
104762	8.699364905980778e-04	8.709635899560805e-04
104767	8.162372441222754e-04	8.317637711026709e-04
104773	8.000196813745530e-04	8.128305161640995e-04
108711	7.938852939970431e-04	7.943282347242813e-04
108836	7.719206173936177e-04	7.762471166286919e-04
113673	7.520079771295984e-04	7.585775750291835e-04
113674	7.387451257164779e-04	7.413102413009177e-04
113800	6.554989592824079e-04	6.606934480075957e-04
113876	6.276748111571084e-04	6.309573444801930e-04
113894	6.117142708628176e-04	6.165950018614823e-04
113948	5.746852970409666e-04	5.754399373371566e-04
114012	5.190123418858938e-04	5.248074602497728e-04
114043	4.823764977324174e-04	4.897788193684461e-04
114087	4.506802022253842e-04	4.570881896148752e-04
114110	4.379153432686467e-04	4.466835921509630e-04
114165	4.205199547031579e-04	4.265795188015926e-04
114197	4.057695407281292e-04	4.073802778041126e-04
114220	3.853077510388436e-04	3.890451449942805e-04
114275	3.773940805908982e-04	3.801893963205612e-04
114321	3.705192823694192e-04	3.715352290971724e-04
114342	3.615313433733558e-04	3.630780547701014e-04
114365	3.498338016990621e-04	3.548133892335753e-04
114440	3.381105805965179e-04	3.388441561392024e-04
114470	3.290129417339305e-04	3.311311214825911e-04
114491	3.188512142624500e-04	3.235936569296281e-04
114524	3.099972054384503e-04	3.162277660168379e-04
114545	3.030079264036978e-04	3.090295432513592e-04
114611	2.965282985322171e-04	3.019951720402016e-04
114670	2.897336368430370e-04	2.951209226666387e-04
114694	2.837100887078670e-04	2.884031503126605e-04
114717	2.806648282255297e-04	2.818382931264455e-04
114797	2.715693730013236e-04	2.754228703338166e-04
114827	2.664480381332490e-04	2.691534803926917e-04
114850	2.615872828651833e-04	2.630267991895381e-04
114880	2.568030318479408e-04	2.570395782768865e-04
114958	2.511877327385781e-04	2.511886431509580e-04
115017	2.428747276497223e-04	2.454708915685031e-04
115061	2.373154619579321e-04	2.398832919019490e-04
115101	2.343393077737232e-04	2.344228815319923e-04
115163	2.274414599541252e-04	2.290867652767772e-04
115207	2.226459513607892e-04	2.238721138568340e-04
115297	2.174405131033508e-04	2.187761623949552e-04
115335	2.130558543030903e-04	2.137962089502232e-04
115453	2.082177406611541e-04	2.089296130854039e-04
115541	2.039820653542135e-04	2.041737944669530e-04
115611	1.983444099349363e-04	1.995262314968879e-04
115703	1.937966459053531e-04	1.949844599758046e-04
115789	1.903617491806342e-04	1.905460717963246e-04
115878	1.861885833228660e-04	1.862087136662868e-04
115976	1.810571786191595e-04	1.819700858609983e-04
116038	1.773414235066717e-04	1.778279410038923e-04
116107	1.737466705835633e-04	1.737800828749376e-04
116197	1.696672889364148e-04	1.698243652461744e-04
116330	1.659046762486627e-04	1.659586907437562e-04
116480	1.616869471440241e-04	1.621810097358930e-04
116642	1.579804931116646e-04	1.584893192461114e-04
116726	1.547863717399345e-04	1.548816618912481e-04
116867	1.512480785027526e-04	1.513561248436209e-04
117006	1.478706213338121e-04	1.479108388168207e-04
117175	1.442939824692901e-04	1.445439770745928e-04
117360	1.409550365653045e-04	1.412537544622754e-04
117621	1.378135145249093e-04	1.380384264602885e-04
117877	1.345538119393863e-04	1.348962882591653e-04
118159	1.315477266989884e-04	1.318256738556407e-04
118337	1.285298343538521e-04	1.288249551693134e-04
118550	1.256769392948831e-04	1.258925411794167e-04
118777	1.228814882501261e-04	1.230268770812381e-04
119041	1.200973003872008e-04	1.202264434617413e-04
119430	1.174179916894058e-04	1.174897554939529e-04
119723	1.148103159878122e-04	1.148153621496883e-04
120082	1.121518069392424e-04	1.122018454301963e-04
120439	1.096208507321839e-04	1.096478196143185e-04
120968	1.071338031046754e-04	1.071519305237606e-04
121610	1.046576426111390e-04	1.047128548050900e-04
122099	1.022832295501930e-04	1.023292992280754e-04
122759	9.995922661520940e-05	1.000000000000000e-04
123535	9.768835377832463e-05	9.772372209558111e-05
124087	9.547342401428072e-05	9.549925860214369e-05
124994	9.331721247296532e-05	9.332543007969905e-05
165729	9.116552672294720e-05	9.120108393559096e-05
167399	8.850136638638428e-05	8.912509381337459e-05
167443	8.621777320305668e-05	8.709635899560814e-05
168350	8.508768615311801e-05	8.511380382023759e-05
169597	8.316890659698650e-05	8.317637711026709e-05
171795	8.127333027008188e-05	8.128305161640995e-05
173303	7.942987318598771e-05	7.943282347242822e-05
195812	7.500350924227739e-05	7.585775750291836e-05
195813	7.223069558204287e-05	7.244359600749906e-05
196408	7.052859172007597e-05	7.079457843841373e-05
196462	6.885552445012877e-05	6.918309709189363e-05
200000	6.885136918355350e-05	6.918309709189363e-05
%
% index = 459, name = bbob_f008_i21_d02__bbob_f015_i22_d02
% instance = 10, reference value = 9.338428567879380e-01
% function evaluation | indicator value | target hit
1	2.821238216927012e+01	2.884031503126606e+01
18	2.817877825632141e+01	2.818382931264453e+01
45	2.518057047008574e+01	2.570395782768863e+01
50	2.300900865467194e+01	2.344228815319923e+01
55	2.129545553720544e+01	2.137962089502232e+01
80	2.003729222263794e+01	2.041737944669530e+01
90	1.915195677866094e+01	1.949844599758045e+01
95	1.790362014450294e+01	1.819700858609983e+01
100	1.581600484557294e+01	1.584893192461113e+01
135	1.512399795417594e+01	1.513561248436208e+01
140	1.470069808821694e+01	1.479108388168207e+01
656	1.246329049161544e+01	1.258925411794167e+01
1525	1.210898181951094e+01	1.230268770812382e+01
1545	1.199143618802094e+01	1.202264434617413e+01
1691	1.120192835085044e+01	1.122018454301964e+01
3934	1.077719479869194e+01	1.096478196143185e+01
3954	9.803299972640939e+00	1.000000000000000e+01
3974	9.761426847218438e+00	9.772372209558107e+00
4100	9.515429225151438e+00	9.549925860214358e+00
6031	8.027739646012439e+00	8.128305161640993e+00
6071	7.692905323971438e+00	7.762471166286917e+00
6223	7.371177957093938e+00	7.413102413009175e+00
6242	7.178377798711438e+00	7.244359600749901e+00
8513	6.695685599514937e+00	6.760829753919817e+00
8553	6.218666476569938e+00	6.309573444801933e+00
8573	6.044541706103938e+00	6.165950018614822e+00
11959	5.816729142488938e+00	5.888436553555890e+00
13649	5.710243349894438e+00	5.754399373371569e+00
13650	5.532943697886938e+00	5.623413251903491e+00
15034	5.298709635823438e+00	5.370317963702527e+00
19656	4.903430708238938e+00	5.011872336272722e+00
19674	4.475786406478938e+00	4.570881896148751e+00
19692	4.308705771650938e+00	4.365158322401660e+00
21723	4.106781932500938e+00	4.168693834703354e+00
21762	4.038365557972938e+00	4.073802778041127e+00
21780	3.958962822167438e+00	3.981071705534972e+00
21799	3.889996467314438e+00	3.890451449942806e+00
21834	3.792714241743938e+00	3.801893963205611e+00
21887	3.701516339892938e+00	3.715352290971725e+00
22734	3.522400080376438e+00	3.548133892335755e+00
27089	2.624221389182001e+00	2.630267991895382e+00
27094	2.048358394538745e+00	2.089296130854040e+00
27099	2.027036200248689e+00	2.041737944669529e+00
27104	1.935806273363550e+00	1.949844599758045e+00
27109	1.790612180661924e+00	1.819700858609983e+00
27114	1.701652089184896e+00	1.737800828749375e+00
28077	1.698164760386593e+00	1.698243652461744e+00
28138	1.653906370625621e+00	1.659586907437561e+00
28160	1.610323923611871e+00	1.621810097358930e+00
28184	1.533335263244842e+00	1.548816618912481e+00
28215	1.395459436669201e+00	1.412537544622754e+00
28233	1.372010987100708e+00	1.380384264602885e+00
28234	1.347274167370547e+00	1.348962882591654e+00
28235	1.293166676531496e+00	1.318256738556407e+00
28236	1.164632658840402e+00	1.174897554939530e+00
28237	9.294960056615728e-01	9.332543007969910e-01
28479	8.691747970931841e-01	8.709635899560807e-01
28489	8.354859465518181e-01	8.511380382023764e-01
28494	8.229643974910290e-01	8.317637711026710e-01
29153	8.065075884318542e-01	8.128305161640993e-01
29154	7.368496682270986e-01	7.413102413009175e-01
29391	5.205954128247835e-01	5.248074602497725e-01
29401	5.052404599804847e-01	5.128613839913648e-01
29406	5.006847538277548e-01	5.011872336272722e-01
29411	4.886400773555996e-01	4.897788193684462e-01
30568	4.768611747531319e-01	4.786300923226383e-01
31113	4.640483981581728e-01	4.677351412871982e-01
32199	4.553133461133362e-01	4.570881896148750e-01
32529	4.392349338569015e-01	4.466835921509631e-01
32576	4.357787875828871e-01	4.365158322401660e-01
33783	4.254710576416257e-01	4.265795188015927e-01
33804	4.165100850827254e-01	4.168693834703354e-01
34809	4.047014454285002e-01	4.073802778041127e-01
36259	3.979648436897053e-01	3.981071705534972e-01
36260	3.867245110813136e-01	3.890451449942806e-01
37405	3.033906534440085e-01	3.090295432513591e-01
37415	2.762991165738670e-01	2.818382931264454e-01
37420	2.750460731673199e-01	2.754228703338166e-01
37430	2.622590638388209e-01	2.630267991895382e-01
37435	2.555391371596315e-01	2.570395782768864e-01
37445	2.376069176841263e-01	2.398832919019490e-01
37450	2.340915087363304e-01	2.344228815319922e-01
37465	2.251618619959435e-01	2.290867652767773e-01
37475	2.160151861610772e-01	2.187761623949552e-01
37485	2.133881088328657e-01	2.137962089502232e-01
37525	2.066429740961541e-01	2.089296130854039e-01
39925	2.040386361683871e-01	2.041737944669530e-01
39991	1.995256137826529e-01	1.995262314968880e-01
117779	1.949455608207116e-01	1.949844599758045e-01
148168	1.903162646733070e-01	1.905460717963247e-01
148401	1.456500217246467e-01	1.479108388168208e-01
148569	1.377431004284013e-01	1.380384264602885e-01
148727	1.348921158795664e-01	1.348962882591654e-01
148758	1.307217309854249e-01	1.318256738556407e-01
149622	9.903157511264871e-02	1.000000000000000e-01
149657	7.555531453122299e-02	7.585775750291836e-02
149674	7.383761783740961e-02	7.413102413009177e-02
149724	7.243078497635524e-02	7.244359600749903e-02
152044	6.431520273968427e-02	6.456542290346556e-02
152238	6.085900737946215e-02	6.165950018614822e-02
152262	4.981712401578919e-02	5.011872336272722e-02
152293	3.420553870252130e-02	3.467368504525317e-02
152329	2.316275911683607e-02	2.344228815319923e-02
152389	2.287306205425654e-02	2.290867652767773e-02
157173	2.228506186816637e-02	2.238721138568340e-02
157339	2.183354106747737e-02	2.187761623949553e-02
158078	2.137737996092615e-02	2.137962089502233e-02
200000	2.124100296459752e-02	2.137962089502233e-02
